N T EM1 EM2 EM3 EM4 EM5 EM6 EM7 EM8 EM9 EM10 EM11 EM12 CM1 CM2 CM3 CM4 CM5 CM6 CM7 CM8 CM9 CM10 CM11 CM12 GyX GyY GyZ AcX AcY AcZ Tmp HCSR X Y Z
{0 5537 93 93 93 93 93 93 93 93 93 93 93 93 87 89 93 98 90 92 84 98 83 89 80 85 1.74 -0.45 -0.47 0.93 0.47 -1.38 29.05 61.81 0.11 -8.87 -25.06 }
{4 5683 89 89 90 91 89 89 92 91 89 89 95 89 82 87 83 87 89 80 92 83 89 89 97 80 0.69 0.19 -2.88 0.88 0.83 -1.32 29.14 60.26 0.14 -8.56 -25.01 }
{8 5832 85 87 86 87 89 85 92 87 89 89 97 85 82 87 83 87 89 80 92 83 89 89 97 80 -4.00 -0.38 -9.10 1.19 0.91 -1.79 29.24 60.78 0.09 -8.24 -24.80 }
{12 5986 87 90 88 90 92 86 92 87 90 92 99 87 99 98 96 95 97 86 92 87 90 93 99 89 1.78 -0.04 1.79 0.67 0.98 -1.26 29.09 61.23 0.02 -8.00 -24.90 }
{16 6136 91 94 92 94 96 86 92 87 90 93 99 89 99 98 96 95 97 86 92 87 90 93 99 89 1.00 -4.07 -0.09 -0.70 -0.43 -1.15 29.14 61.74 7.31 6.12 -24.05 }
{20 6290 95 98 96 95 97 86 92 87 90 93 99 89 99 98 96 95 97 86 92 87 90 93 99 89 1.13 -1.05 -3.60 0.88 0.25 -0.52 29.05 61.96 13.78 5.53 -22.86 }
{24 6445 97 97 95 94 96 85 91 88 91 94 98 88 81 87 92 93 96 85 85 88 91 94 97 81 3.82 0.28 3.21 0.82 0.60 -1.26 29.14 61.92 12.84 4.88 -22.34 }
{28 6594 93 93 92 93 96 85 87 88 91 94 97 84 81 87 92 93 96 85 85 88 91 94 97 81 -1.11 -0.24 -10.67 1.46 0.59 -1.40 29.19 62.45 11.90 4.21 -22.98 }
{32 6749 89 89 92 93 96 85 85 88 91 94 97 81 81 87 92 93 96 85 85 88 91 94 97 81 6.69 -9.25 -7.08 0.50 0.15 -1.54 29.14 61.61 11.35 3.14 -23.00 }
{36 6903 88 85 89 90 93 88 88 85 88 91 94 84 88 84 88 90 84 96 90 83 82 86 89 84 3.33 -1.14 -0.44 0.49 0.75 -1.69 29.05 61.90 10.43 9.34 -23.06 }
{40 7057 91 87 88 88 93 92 86 87 90 87 94 83 85 89 95 94 89 81 97 95 85 84 91 98 1.78 2.04 -13.91 0.53 0.21 -1.45 29.14 61.05 9.49 7.74 -24.02 }
{44 7207 87 89 92 92 89 88 90 91 86 84 91 87 85 89 95 94 89 81 97 95 85 84 91 98 0.05 1.12 -3.71 0.43 0.84 -0.71 29.14 61.42 8.79 6.49 -24.11 }
{48 7359 83 86 90 92 86 90 94 95 84 81 94 91 83 85 82 92 86 96 97 98 84 81 97 91 5.64 4.16 4.15 0.33 1.55 -0.17 29.09 60.80 15.53 12.55 -23.73 }
{52 7508 83 85 86 92 86 94 97 98 84 81 97 91 83 85 82 92 86 96 97 98 84 81 97 91 6.34 1.47 9.63 1.36 0.79 -2.13 29.14 60.87 14.85 24.87 -23.67 }
{56 7663 86 88 88 95 89 92 94 95 85 84 95 94 97 98 97 97 94 84 89 91 85 95 95 98 0.31 -0.27 0.95 -0.00 0.65 -1.37 29.14 60.71 13.87 36.87 -23.16 }
{60 7818 88 87 90 93 91 92 92 94 88 86 92 92 82 85 82 92 87 81 95 92 91 81 90 91 -3.63 -0.30 -5.33 1.15 -0.15 -1.64 29.09 60.91 26.60 33.42 -23.93 }
{64 7972 90 89 90 89 93 94 90 92 92 88 94 94 97 96 90 80 99 95 86 92 98 95 99 94 6.02 1.72 3.73 0.85 0.05 -1.69 29.24 60.35 24.76 30.64 -24.24 }
{68 8123 94 93 90 85 97 95 86 92 96 92 98 94 97 96 90 80 99 95 86 92 98 95 99 94 2.51 3.44 -0.26 1.04 0.53 -2.33 29.14 60.37 23.64 27.72 -24.35 }
{72 8278 92 91 87 86 95 92 89 90 98 94 96 91 89 80 85 86 83 86 93 90 98 94 80 84 -2.16 -1.37 -7.34 0.68 0.77 -1.22 29.14 61.47 22.07 25.79 -23.83 }
{76 8432 94 87 89 83 97 88 90 90 99 91 92 87 94 86 94 83 98 84 90 90 99 83 87 85 0.66 1.33 -0.52 0.90 0.95 -1.32 29.24 61.18 20.39 23.54 -23.37 }
{80 8583 94 86 93 83 98 84 90 90 99 87 88 85 94 86 94 83 98 84 90 90 99 83 87 85 -4.21 -2.48 -1.34 0.55 0.61 -0.57 29.14 61.36 19.16 21.31 -22.38 }
{84 8739 92 88 92 85 96 85 88 88 97 87 89 87 92 99 87 85 96 85 83 80 84 88 95 95 0.31 0.31 -0.59 0.94 0.71 -1.59 29.19 60.91 17.76 19.20 -22.34 }
{88 8892 92 92 88 85 96 85 84 84 93 88 93 91 92 99 87 85 96 85 83 80 84 88 95 95 5.81 -3.55 5.86 0.59 0.80 -0.97 29.19 61.40 15.95 17.07 -23.49 }
{92 9043 92 96 87 85 96 85 83 80 89 88 95 95 92 99 87 85 96 85 83 80 84 88 95 95 1.41 0.27 2.28 0.93 0.65 -1.22 29.14 61.34 14.70 21.96 -23.69 }
{96 9198 94 94 90 88 93 84 86 83 91 91 95 92 94 82 91 99 92 84 95 98 96 92 95 91 1.62 -0.16 -3.27 0.47 0.63 -1.21 29.09 61.99 20.42 19.61 -23.70 }
{100 9350 94 90 91 92 92 84 90 87 95 92 95 91 94 82 91 99 92 84 95 98 96 92 95 91 3.64 -4.53 6.96 0.26 1.02 -0.91 29.09 60.75 19.22 24.53 -21.67 }
{104 9506 91 92 93 90 89 87 88 91 93 95 92 88 89 97 93 87 85 90 82 91 88 97 81 85 6.00 2.28 -1.36 0.80 0.66 -1.93 29.14 61.11 17.86 22.51 -21.50 }
{108 9658 89 96 93 87 85 90 84 91 89 97 88 85 89 97 93 87 85 90 82 91 88 97 81 85 6.29 -0.91 -6.17 1.13 1.31 -0.91 29.14 61.18 16.17 20.45 -22.69 }
{112 9815 88 95 96 87 88 93 86 94 85 94 84 88 88 95 96 87 99 94 91 96 81 92 80 94 1.62 0.74 -0.01 1.09 0.16 -1.27 29.19 60.78 14.93 18.40 -23.02 }
{116 9966 88 95 96 87 92 94 90 96 81 92 80 92 88 95 96 87 99 94 91 96 81 92 80 94 11.50 -10.21 8.26 0.18 0.65 -0.62 29.14 60.71 14.07 16.42 -22.65 }
{120 10122 88 95 96 87 96 94 91 96 81 92 80 94 88 95 96 87 99 94 91 96 81 92 80 94 2.03 -0.27 -2.44 0.90 0.06 -1.34 29.05 60.47 14.08 14.76 -21.64 }
{124 10280 91 92 93 90 94 91 88 95 84 89 83 91 95 89 87 95 93 89 80 95 95 86 83 82 2.55 -0.48 -1.91 0.68 0.08 -1.28 29.09 60.60 13.63 13.41 -21.43 }
{128 10436 91 89 91 90 95 88 88 93 88 85 85 91 88 89 91 84 98 88 97 91 89 83 91 91 9.26 -6.85 -0.15 0.82 0.51 -1.10 29.09 60.84 12.87 11.61 -21.15 }
{132 10594 93 88 92 88 93 89 90 93 92 87 89 88 96 84 97 88 84 90 90 96 92 94 97 84 1.62 -1.49 4.66 1.01 0.62 -1.45 29.05 60.53 11.83 10.41 -20.92 }
{136 10745 96 84 96 88 89 90 90 96 92 91 93 84 96 84 97 88 84 90 90 96 92 94 97 84 4.16 1.53 1.91 0.59 0.43 -1.16 29.09 60.94 10.86 9.25 -21.25 }
{140 10898 96 84 97 88 85 90 90 96 92 94 97 84 96 84 97 88 84 90 90 96 92 94 97 84 1.64 0.48 -3.22 0.67 0.67 -0.89 29.09 61.83 10.30 8.20 -20.75 }
{144 11055 93 85 98 91 87 89 93 93 89 91 94 82 88 85 98 99 89 89 93 83 87 87 93 82 -0.09 1.70 1.16 0.44 0.46 -1.36 29.09 61.40 9.32 6.76 -20.61 }
{148 11207 93 87 96 91 87 87 91 90 85 91 95 84 96 93 84 90 86 80 84 90 85 96 98 95 3.79 -1.26 2.41 0.74 0.48 -1.21 29.28 61.23 8.49 6.13 -20.36 }
{152 11361 97 91 98 87 89 89 93 93 88 95 93 88 97 96 98 86 97 91 98 94 99 97 93 91 3.93 -1.46 6.60 0.53 0.61 -1.02 29.09 60.62 7.19 4.55 -20.90 }
{156 11511 97 95 98 86 93 91 97 94 92 97 93 91 97 96 98 86 97 91 98 94 99 97 93 91 2.51 -0.56 7.15 0.79 0.21 -1.72 29.14 61.29 6.23 4.08 -20.40 }
{160 11665 96 95 97 87 95 90 97 95 94 98 92 92 82 93 97 91 88 89 93 97 84 98 80 94 -0.29 2.34 -3.86 0.87 1.00 -1.54 29.14 61.71 6.11 3.94 -20.07 }
{164 11819 92 93 97 91 91 89 93 97 90 98 88 94 82 93 97 91 88 89 93 97 84 98 80 94 -1.22 -2.54 -7.72 0.83 0.64 -1.63 29.19 62.65 5.65 3.29 -19.85 }
{168 11972 88 93 97 91 88 89 93 97 86 98 84 94 82 93 97 91 88 89 93 97 84 98 80 94 7.00 1.07 1.51 0.48 0.99 -1.32 29.19 60.98 5.29 2.45 -19.90 }
{172 12127 88 91 95 90 90 87 91 98 82 96 84 96 95 87 80 90 95 86 87 98 80 86 95 97 4.19 -4.54 -0.88 1.18 0.39 -0.58 29.19 61.42 4.90 1.71 -20.05 }
{176 12280 92 93 91 93 94 89 87 95 84 92 82 97 94 93 80 94 98 97 85 89 95 83 82 97 1.85 -2.96 -1.04 1.55 -0.17 -1.52 29.09 60.64 4.73 15.59 -20.41 }
{180 12435 94 93 87 94 98 93 85 91 88 88 82 97 94 93 80 94 98 97 85 89 95 83 82 97 2.43 -0.71 -7.51 0.60 0.63 -1.55 29.24 61.25 5.27 14.47 -19.16 }
{184 12590 94 93 83 94 98 97 85 89 92 84 82 97 94 93 80 94 98 97 85 89 95 83 82 97 2.61 4.89 2.67 0.85 0.39 -1.00 29.14 61.29 5.03 13.13 -19.17 }
{188 12744 96 91 83 92 96 95 87 87 92 85 84 99 99 87 87 89 95 83 93 83 88 85 98 99 1.82 -0.21 2.28 0.94 0.62 -1.19 29.14 60.85 4.44 12.04 -19.45 }
{192 12897 99 87 87 89 95 91 91 83 88 85 88 99 99 87 87 89 95 83 93 83 88 85 98 99 0.63 -0.96 3.94 0.68 0.96 -2.03 29.14 61.56 3.87 10.70 -19.07 }
{196 13052 96 84 90 92 92 93 89 86 91 82 86 96 90 84 92 93 83 97 80 90 91 80 83 80 1.99 0.57 0.15 0.66 0.12 -1.04 29.19 61.09 3.59 9.61 -19.09 }
{200 13202 92 84 92 93 88 97 85 90 91 80 83 92 90 84 92 93 83 97 80 90 91 80 83 80 16.51 9.39 -2.85 1.42 0.66 0.20 29.14 60.67 3.36 8.28 -21.60 }
{204 13357 93 87 89 96 90 94 81 93 92 83 86 88 93 98 83 96 90 94 80 99 92 94 89 82 6.14 -0.39 -7.33 1.45 0.42 -1.67 29.19 62.03 3.33 7.42 -21.74 }
{208 13510 91 90 91 93 90 91 83 91 91 87 90 86 91 90 99 83 90 80 83 90 91 89 98 86 -2.12 -2.41 -1.57 0.85 0.37 -1.80 29.19 61.43 3.48 6.73 -20.94 }
{212 13664 91 90 95 89 90 87 83 90 91 89 94 86 91 90 99 83 90 80 83 90 91 89 98 86 -3.35 -5.08 -3.31 0.39 0.72 -1.95 29.19 62.45 3.52 5.85 -20.12 }
{216 13818 91 90 99 85 90 83 83 90 91 89 98 86 91 90 99 83 90 80 83 90 91 89 98 86 -1.25 -1.90 -6.52 0.96 1.12 -1.85 29.24 62.09 3.25 4.83 -19.80 }
{220 13975 90 87 96 84 87 85 86 91 88 86 98 89 90 81 96 84 84 98 96 91 84 80 98 91 -0.53 -1.55 -1.69 0.79 0.95 -1.56 29.14 62.72 3.08 4.19 -19.16 }
{224 14131 87 89 93 85 83 89 90 89 90 82 95 92 88 97 88 90 84 95 97 91 90 86 90 93 6.84 2.40 7.62 0.16 2.09 -0.42 29.19 61.29 9.62 10.46 -19.35 }
{228 14282 88 93 89 89 84 93 94 91 90 86 91 93 88 97 88 90 84 95 97 91 90 86 90 93 4.66 1.00 3.62 1.14 0.84 -1.64 29.09 61.14 8.84 16.40 -18.76 }
{232 14437 85 91 85 87 87 91 92 90 87 89 87 91 85 80 82 83 92 87 81 90 80 99 87 91 2.23 -0.67 -2.98 1.02 0.94 -1.19 29.19 62.21 8.56 14.55 -17.52 }
{236 14589 85 87 82 83 91 87 88 90 83 93 87 91 85 80 82 83 92 87 81 90 80 99 87 91 -5.48 -2.21 -2.56 0.78 0.64 -2.89 29.24 61.49 6.83 19.54 -18.58 }
{240 14747 88 85 81 86 89 84 90 93 85 93 84 91 94 85 81 97 88 82 95 94 85 93 80 91 1.88 0.34 0.72 0.30 0.99 -0.91 29.09 60.71 6.40 17.29 -17.85 }
{244 14898 92 85 81 90 88 82 94 94 85 93 80 91 94 85 81 97 88 82 95 94 85 93 80 91 5.33 1.33 9.70 0.00 0.61 -1.57 29.19 62.81 6.85 22.48 -16.52 }
{248 15053 94 85 84 93 89 85 96 91 82 96 83 88 94 85 89 93 89 86 96 84 80 98 92 80 5.41 -1.08 8.44 0.75 0.48 -0.55 29.09 61.56 6.42 20.22 -16.33 }
{252 15205 94 85 88 93 89 86 96 87 80 98 87 84 94 85 89 93 89 86 96 84 80 98 92 80 -0.87 -0.82 1.01 -0.34 0.35 -1.19 29.14 61.52 5.70 25.24 -16.31 }
{256 15361 94 85 89 93 89 86 96 84 80 98 91 80 94 85 89 93 89 86 96 84 80 98 92 80 3.33 -0.06 -0.14 0.32 0.54 -1.04 29.19 62.19 4.96 22.49 -17.30 }
{260 15518 91 87 92 96 92 83 93 87 83 95 89 83 80 87 92 99 98 81 91 96 91 91 88 91 0.68 -0.39 -1.17 0.47 0.51 -1.01 29.24 63.17 4.79 20.17 -17.16 }
{264 15672 87 87 92 99 96 81 91 91 87 91 88 87 80 87 92 99 98 81 91 96 91 91 88 91 -0.88 0.01 -4.79 1.10 0.35 -1.59 29.19 62.95 17.85 18.34 -17.75 }
{268 15827 83 87 92 99 98 81 91 95 91 91 88 91 80 87 92 99 98 81 91 96 91 91 88 91 1.07 1.24 -0.52 0.23 0.83 -1.70 29.14 65.02 16.39 16.66 -18.04 }
{272 15984 85 84 89 98 95 84 90 93 88 94 91 88 85 80 80 98 93 87 90 91 83 94 93 87 1.32 -0.76 -1.33 0.57 0.89 -1.10 29.19 62.74 15.04 15.06 -18.43 }
{276 16141 88 86 85 96 91 88 87 89 90 91 89 84 95 91 82 96 86 95 84 81 97 81 83 84 16.20 5.88 0.67 1.05 1.08 -0.18 29.14 62.57 14.34 20.73 -18.70 }
{280 16293 92 90 82 96 87 92 84 85 94 87 85 84 95 91 82 96 86 95 84 81 97 81 83 84 5.48 1.09 2.81 0.74 0.46 -1.21 29.09 61.23 13.24 25.74 -19.05 }
{284 16449 96 88 85 93 89 90 87 81 92 89 87 85 96 81 95 90 96 85 93 81 80 91 89 85 4.77 0.31 6.64 0.76 0.57 -1.54 29.09 61.60 12.22 23.59 -19.21 }
{288 16601 96 84 89 90 93 86 91 81 88 91 89 85 96 81 95 90 96 85 93 81 80 91 89 85 2.05 -0.82 -8.06 0.81 1.35 -1.77 29.09 64.22 25.44 21.08 -19.74 }
{292 16757 96 81 93 90 96 85 93 81 84 91 89 85 96 81 95 90 96 85 93 81 80 91 89 85 -4.36 -0.01 -4.30 0.62 0.28 -1.17 29.14 66.59 23.74 18.67 -19.10 }
{296 16916 96 83 93 88 94 87 95 83 84 89 87 83 96 88 85 84 87 89 96 86 96 86 87 80 5.93 -0.24 4.11 0.42 1.00 -1.73 29.09 65.34 22.66 36.75 -19.04 }
{300 17072 93 87 95 90 90 91 98 87 85 87 89 85 91 90 98 91 84 98 98 94 85 87 89 98 6.03 3.53 6.46 0.60 0.98 -1.15 29.14 62.88 20.92 39.78 -19.12 }
{304 17223 91 90 98 91 86 95 98 91 85 87 89 89 85 98 88 89 94 87 80 94 80 96 95 83 3.68 3.70 -0.14 0.68 1.33 -0.62 29.19 61.65 19.20 36.52 -20.26 }
{308 17380 87 91 94 87 90 97 95 89 87 91 92 90 85 91 92 84 96 97 95 85 90 95 92 90 -1.35 0.69 -5.98 1.23 0.52 -1.52 29.19 62.61 18.16 33.72 -19.66 }
{312 17536 89 94 90 89 93 99 92 85 91 89 89 89 97 99 87 95 93 99 89 84 99 81 85 89 7.13 -1.66 -5.27 1.28 0.51 -1.12 29.24 61.43 16.70 31.02 -20.18 }
{316 17690 93 98 87 93 93 99 89 84 95 85 85 89 97 99 87 95 93 99 89 84 99 81 85 89 -0.12 0.71 5.77 1.42 0.54 -0.85 29.19 60.31 16.36 29.27 -19.64 }
{320 17847 93 96 89 91 96 96 92 83 98 87 82 92 93 80 89 90 97 86 98 83 98 96 81 99 -3.81 -4.18 -1.22 1.11 0.32 -1.88 29.24 61.23 21.45 27.42 -19.55 }
{324 18001 93 92 89 90 97 92 96 83 98 91 81 96 93 80 89 90 97 86 98 83 98 96 81 99 2.46 -0.70 2.11 0.59 1.35 -1.94 29.19 61.54 26.91 25.04 -18.94 }
{328 18159 90 88 92 87 95 94 94 84 95 89 84 94 87 88 99 87 95 95 92 84 89 84 94 87 -1.93 -1.05 -5.98 1.35 0.14 -1.55 29.19 62.34 24.67 22.78 -18.73 }
{332 18316 92 85 96 84 92 98 91 83 97 91 88 90 95 85 96 81 85 99 91 83 98 98 99 84 -1.03 -0.21 -17.01 1.19 0.30 -1.29 29.09 61.23 22.90 20.85 -19.04 }
{336 18471 95 85 96 81 88 99 91 83 98 95 92 86 95 85 96 81 85 99 91 83 98 98 99 84 21.70 7.07 5.19 1.30 0.31 -1.35 29.19 60.98 21.22 19.01 -19.90 }
{340 18629 98 85 93 84 84 96 88 86 95 93 90 88 99 85 91 87 84 85 81 94 86 90 83 92 2.34 -1.35 -0.79 0.88 0.82 -1.22 29.14 60.82 19.70 17.25 -19.68 }
{344 18785 96 88 95 88 81 92 85 87 91 95 92 92 81 94 97 97 80 89 85 87 82 99 97 96 1.04 -1.17 -1.10 0.79 0.20 -1.81 29.14 60.91 18.35 15.39 -19.31 }
{348 18939 92 92 97 92 80 89 85 87 87 99 96 96 81 94 97 97 80 89 85 87 82 99 97 96 -2.73 -5.78 -2.27 0.59 0.14 -1.51 29.09 62.10 16.79 13.69 -19.38 }
{352 19095 88 94 97 96 80 89 85 87 83 99 97 96 81 94 97 97 80 89 85 87 82 99 97 96 2.72 -1.89 5.77 0.61 0.33 -1.11 29.14 61.89 15.66 12.41 -18.71 }
{356 19253 84 91 99 94 83 92 82 90 85 96 97 96 82 89 99 88 83 97 81 92 86 81 97 96 -0.33 1.14 -11.65 1.29 0.17 -0.87 29.19 61.67 15.10 10.93 -18.71 }
{360 19407 82 89 99 90 83 96 81 92 86 92 97 96 82 89 99 88 83 97 81 92 86 81 97 96 0.74 -0.50 -1.65 0.83 0.23 -1.36 29.19 61.29 13.96 9.60 -19.01 }
{364 19562 82 89 99 88 83 97 81 92 86 88 97 96 82 89 99 88 83 97 81 92 86 81 97 96 1.58 -1.55 -3.40 0.98 0.32 -1.17 29.19 60.87 13.10 8.01 -19.74 }
{368 19720 85 92 96 85 86 94 84 92 84 90 98 93 90 94 95 81 92 93 87 92 84 91 98 92 0.36 -0.86 -5.77 1.25 0.76 -1.68 29.19 62.36 11.90 7.07 -20.01 }
{372 19872 89 94 95 81 90 93 87 92 84 91 98 92 90 94 95 81 92 93 87 92 84 91 98 92 5.96 -2.86 7.91 1.16 0.42 -0.87 29.09 60.33 13.09 19.33 -20.41 }
{376 20030 90 91 98 84 94 90 90 89 83 92 95 95 90 83 99 94 99 86 95 81 83 92 86 99 1.59 -0.77 2.18 0.18 0.79 -1.63 29.19 61.36 12.51 24.71 -20.18 }
{380 20183 90 87 99 88 98 86 94 85 83 92 91 99 90 83 99 94 99 86 95 81 83 92 86 99 1.32 -5.00 8.99 -0.32 0.40 -2.26 29.19 62.07 18.34 29.60 -18.77 }
{384 20340 90 83 96 86 96 89 92 87 86 95 91 99 90 83 89 85 83 91 91 92 96 99 91 99 2.07 -2.83 1.01 0.31 0.82 -1.22 29.19 64.02 16.49 26.50 -19.52 }
{388 20496 93 86 97 88 92 93 90 85 90 93 91 96 96 91 97 93 88 97 90 83 96 89 91 94 4.77 2.78 -2.79 0.55 0.22 -1.44 29.09 62.25 15.83 30.96 -21.60 }
{392 20648 96 90 97 92 88 97 90 83 94 89 91 94 96 91 97 93 88 97 90 83 96 89 91 94 1.55 -0.07 4.14 1.43 0.95 -1.52 29.19 61.69 14.76 42.01 -20.86 }
{396 20805 93 88 94 90 85 94 90 84 93 86 88 97 84 86 91 90 82 84 90 84 93 81 87 99 -1.54 -1.90 -7.34 0.85 0.53 -0.20 29.14 61.60 13.66 38.10 -21.62 }
{400 20961 89 86 91 90 82 90 90 84 93 82 87 99 84 86 91 90 82 84 90 84 93 81 87 99 2.77 4.13 2.78 1.50 1.17 -1.53 29.24 61.43 12.20 41.60 -21.73 }
{404 21116 91 89 88 87 85 86 92 87 94 84 87 97 97 90 81 81 85 82 92 92 94 99 87 97 -2.27 -3.15 -2.29 0.83 0.71 -1.64 29.24 62.48 11.05 38.00 -21.69 }
{408 21273 91 92 88 87 83 86 90 91 92 88 89 95 90 99 90 97 81 96 80 99 92 99 96 90 2.43 -1.11 -5.36 0.99 0.50 -1.04 29.19 61.58 10.42 41.52 -21.04 }
{412 21428 90 96 90 91 81 90 86 95 92 92 93 91 90 99 90 97 81 96 80 99 92 99 96 90 5.36 2.46 -6.03 0.83 -0.16 -1.14 29.09 61.22 10.14 37.84 -21.26 }
{416 21583 90 99 90 95 81 94 82 99 92 96 96 90 90 99 90 97 81 96 80 99 92 99 96 90 4.20 -2.19 0.15 1.45 -0.26 -1.12 29.19 61.27 9.54 34.93 -21.12 }
{420 21740 88 96 87 98 84 92 84 96 91 94 93 87 88 94 84 98 90 81 95 81 91 81 85 81 2.40 -0.10 7.01 0.74 0.12 -1.35 29.19 61.76 9.10 32.47 -20.38 }
{424 21893 88 94 84 98 88 88 88 92 91 90 89 83 88 94 84 98 90 81 95 81 91 81 85 81 -1.66 -0.39 0.92 1.29 0.99 -1.48 29.14 61.34 8.45 29.84 -20.34 }
{428 22047 88 94 84 98 90 84 92 88 91 86 85 81 90 88 85 93 97 89 96 83 81 95 98 80 0.25 -5.19 8.02 0.20 0.69 -1.85 29.19 62.74 7.89 27.31 -19.69 }
{432 22202 90 90 85 94 94 88 96 84 87 90 89 80 90 88 85 93 97 89 96 83 81 95 98 80 1.78 0.39 6.72 0.58 0.71 -1.29 29.24 63.04 7.37 24.86 -19.40 }
{436 22353 90 88 85 93 97 89 96 83 83 94 93 80 90 88 85 93 97 89 96 83 81 95 98 80 7.36 -0.88 1.08 0.63 -0.39 -1.42 29.14 63.30 14.64 29.17 -19.73 }
{440 22512 88 90 83 91 95 90 95 85 83 94 93 82 82 94 83 83 89 90 95 95 84 94 83 98 0.66 0.33 -1.59 0.73 0.55 -1.45 29.24 61.65 13.86 26.56 -19.46 }
{444 22666 84 94 83 87 91 90 95 89 84 94 89 86 82 94 83 83 89 90 95 95 84 94 83 98 2.97 -2.28 -10.96 -0.10 0.51 -0.30 29.09 60.80 12.91 30.46 -21.66 }
{448 22822 82 94 83 83 89 90 95 93 84 94 85 90 82 94 83 83 89 90 95 95 84 94 83 98 -0.68 2.27 -10.29 1.84 1.01 -1.83 29.09 60.84 26.35 41.52 -21.34 }
{452 22981 83 95 84 82 88 90 94 94 85 95 84 92 92 96 94 80 80 90 88 81 87 96 87 81 0.10 -1.49 -4.18 0.71 0.58 -1.54 29.09 61.05 24.61 38.07 -20.57 }
{456 23137 87 96 88 80 84 90 90 90 87 96 87 88 92 96 94 80 80 90 88 81 87 96 87 81 9.76 6.65 -2.08 0.31 0.29 0.31 29.14 60.51 22.64 41.81 -21.58 }
{460 23290 91 96 92 80 80 90 88 86 87 96 87 84 92 96 94 80 80 90 88 81 87 96 87 81 2.45 5.41 6.38 0.76 0.81 -1.19 29.09 60.35 20.81 38.43 -21.65 }
{464 23446 89 93 90 83 83 91 89 88 90 93 84 84 88 91 88 95 93 91 89 93 99 91 80 84 -0.18 2.17 -3.82 1.15 0.55 -1.61 29.19 60.58 19.10 34.94 -21.75 }
{468 23600 88 91 88 87 87 91 89 92 94 91 80 84 88 91 88 95 93 91 89 93 99 91 80 84 0.77 -1.38 -2.01 1.37 0.48 -1.54 29.19 62.03 17.79 32.11 -21.19 }
{472 23758 90 90 85 91 85 94 86 90 92 93 83 81 90 90 80 93 82 98 82 84 88 93 95 80 1.81 -1.86 -2.15 1.09 0.14 -1.28 29.05 59.99 23.77 36.31 -19.95 }
{476 23912 90 90 81 93 82 98 82 86 88 93 87 80 90 90 80 93 82 98 82 84 88 93 95 80 6.78 -3.40 1.82 0.81 0.21 -1.18 29.09 60.44 21.84 40.21 -20.56 }
{480 24069 92 88 82 91 83 96 84 82 86 91 87 82 96 87 90 87 83 93 92 81 84 80 80 98 0.32 0.14 -0.05 0.72 0.09 -1.26 29.09 60.78 20.48 36.73 -20.04 }
{484 24222 96 87 86 87 83 93 88 81 84 87 83 86 96 87 90 87 83 93 92 81 84 80 80 98 -8.58 -5.70 8.96 -0.07 0.87 -0.86 29.09 61.25 18.52 40.48 -19.77 }
{488 24379 96 87 90 87 83 93 92 81 84 83 80 90 96 87 90 87 83 93 92 81 84 80 80 98 -1.57 -0.94 4.72 0.25 0.97 -1.15 29.19 61.38 16.76 36.64 -19.83 }
{492 24537 93 90 93 85 82 90 90 84 87 85 83 88 83 98 94 85 82 89 90 89 98 90 95 83 2.89 -0.42 0.86 0.70 0.06 -1.06 29.19 61.52 15.42 33.21 -19.95 }
{496 24690 89 94 94 85 82 89 90 88 91 89 87 84 83 98 94 85 82 89 90 89 98 90 95 83 6.81 1.73 -3.11 0.98 0.88 -1.69 29.14 61.09 14.23 29.72 -21.00 }
{500 24845 85 98 94 85 82 89 90 89 95 90 91 83 85 94 95 81 91 86 91 99 83 94 97 99 -0.52 1.09 -1.13 0.76 0.56 -1.42 29.19 61.23 12.72 27.47 -21.07 }
{504 25003 84 96 94 83 84 85 92 91 91 92 93 86 80 97 85 98 84 82 95 80 87 80 87 86 -0.44 -1.58 -4.92 1.50 0.72 -1.34 29.09 61.80 11.67 25.12 -21.31 }
{508 25159 82 94 90 87 83 87 93 87 90 88 95 83 82 83 89 90 83 98 93 81 90 80 98 80 0.34 -3.00 -1.74 0.89 0.85 -1.91 29.19 61.98 10.56 22.71 -21.09 }
{512 25314 82 90 89 90 83 91 93 83 90 84 98 80 82 83 89 90 83 98 93 81 90 80 98 80 2.40 0.56 2.81 0.85 0.60 -1.36 29.09 60.51 9.86 20.45 -20.62 }
{516 25468 83 88 90 89 84 93 94 82 89 82 97 81 87 96 91 86 91 84 99 96 84 92 88 94 7.23 -2.57 -2.93 1.04 0.32 -0.21 29.24 60.67 9.42 18.64 -20.36 }
{520 25623 87 88 91 90 83 89 92 83 91 86 93 85 99 88 91 90 83 87 84 83 94 88 81 92 0.05 -1.49 0.05 0.39 1.30 -1.49 29.09 61.49 8.73 16.88 -20.08 }
{524 25776 91 88 91 90 83 87 88 83 94 88 89 89 99 88 91 90 83 87 84 83 94 88 81 92 0.80 0.10 -4.29 0.66 0.86 -2.02 29.14 61.13 15.32 21.88 -20.11 }
{528 25932 89 91 94 93 86 84 87 86 97 88 85 87 83 99 99 99 96 81 87 93 99 88 84 80 -2.96 -0.93 -4.12 0.91 0.73 -1.51 29.19 61.11 14.40 19.74 -19.66 }
{532 26088 85 95 98 97 90 81 87 90 99 88 84 83 83 99 99 99 96 81 87 93 99 88 84 80 -3.46 -5.34 3.21 1.27 0.65 -1.91 29.19 61.94 19.66 18.73 -17.60 }
{536 26246 83 94 96 95 88 84 90 88 96 89 86 85 83 94 96 89 87 94 99 84 91 89 86 87 -1.25 -1.67 -2.78 1.44 1.49 -0.93 29.24 65.23 25.29 16.79 -16.43 }
{540 26402 84 93 95 91 88 88 94 86 92 90 87 88 89 87 93 81 95 96 94 95 91 92 88 98 3.16 -1.35 1.97 0.86 1.05 -1.08 29.24 62.68 37.49 15.11 -16.19 }
{544 26556 88 89 93 87 92 92 94 90 91 92 88 92 89 87 93 81 95 96 94 95 91 92 88 98 5.36 3.23 8.41 1.39 1.01 -1.70 29.09 63.99 34.92 20.33 -15.41 }
{548 26710 89 87 93 83 95 96 94 94 91 92 88 96 89 87 93 81 95 96 94 95 91 92 88 98 0.98 -0.73 -6.90 0.95 0.92 -1.57 29.14 61.23 33.18 18.69 -14.83 }
{552 26867 87 90 90 85 92 93 92 92 92 89 91 94 87 97 89 86 90 91 92 83 92 81 91 90 0.08 -1.44 -2.93 1.59 0.63 -1.28 29.19 61.58 30.48 23.91 -15.23 }
{556 27023 90 88 90 83 94 94 92 94 90 91 94 96 93 88 90 80 99 94 92 94 90 92 99 97 1.90 -0.53 -2.14 0.94 0.35 -1.27 29.05 61.31 28.15 21.80 -14.72 }
{560 27177 93 88 90 80 98 94 92 94 90 92 98 97 93 88 90 80 99 94 92 94 90 92 99 97 -1.23 -1.83 -1.04 0.51 0.20 -1.82 29.09 61.67 26.56 19.66 -13.68 }
{564 27335 92 89 89 81 98 93 91 95 91 91 98 96 92 92 83 81 93 82 81 96 98 91 80 96 3.13 -0.07 1.41 0.70 0.48 -1.21 29.09 61.54 24.62 17.73 -13.68 }
{568 27490 92 92 85 81 94 89 87 96 95 91 94 96 92 92 83 81 93 82 81 96 98 91 80 96 1.19 -0.10 -3.60 1.69 0.64 -1.47 29.09 61.09 22.90 23.03 -13.53 }
{572 27645 92 92 83 81 93 85 83 96 98 91 90 96 92 92 83 81 93 82 81 96 98 91 80 96 -0.39 -3.38 -4.50 0.95 0.40 -1.57 29.14 61.16 21.07 20.99 -13.58 }
{576 27804 89 95 86 84 95 87 85 99 95 94 88 93 84 99 89 84 95 90 96 99 80 98 88 92 -0.39 -0.28 -3.72 0.79 0.45 -1.36 29.19 61.14 19.40 19.00 -13.27 }
{580 27962 85 93 84 87 92 85 89 99 97 98 85 89 80 82 80 89 85 83 95 99 98 99 81 82 1.53 1.93 4.46 1.16 0.37 -1.28 29.14 61.90 18.12 17.72 -11.95 }
{584 28113 81 89 80 89 88 83 93 99 98 99 81 85 80 82 80 89 85 83 95 99 98 99 81 82 -2.56 5.90 0.15 0.76 1.73 -1.03 29.19 61.22 23.71 16.06 -11.86 }
{588 28268 80 85 80 89 85 83 95 99 98 99 81 82 80 82 80 89 85 83 95 99 98 99 81 82 -0.10 2.23 -1.10 0.61 1.39 -1.05 29.19 61.02 29.12 14.62 -11.72 }
{592 28427 83 81 81 90 88 86 92 96 95 96 84 85 94 80 81 90 88 91 84 89 95 89 90 92 3.67 -1.49 -3.13 0.88 0.53 -1.46 29.09 61.40 26.88 13.05 -11.82 }
{596 28580 87 80 81 90 88 90 88 92 95 92 88 89 94 80 81 90 88 91 84 89 95 89 90 92 2.98 -0.86 1.95 0.63 0.14 -1.37 29.09 60.62 31.77 11.67 -11.54 }
{600 28737 85 83 84 91 85 88 89 90 94 90 92 87 85 99 90 91 83 86 89 90 94 90 92 84 -2.58 0.95 -2.61 0.50 0.23 -0.89 29.19 61.69 36.36 10.20 -11.26 }
{604 28894 82 87 82 88 81 85 92 89 91 87 89 89 81 99 80 82 81 85 94 89 90 82 80 93 -2.77 -1.58 2.49 0.34 1.23 -0.77 29.09 61.52 40.51 15.97 -11.49 }
{608 29047 81 91 80 84 81 85 94 89 90 83 85 93 81 99 80 82 81 85 94 89 90 82 80 93 1.74 0.75 1.89 0.31 1.57 -1.39 29.14 61.31 44.47 14.32 -11.45 }
{612 29201 81 95 80 82 81 85 94 89 90 82 81 93 81 99 80 82 81 85 94 89 90 82 80 93 1.76 0.36 3.41 0.99 0.92 -1.80 29.24 62.50 48.32 13.12 -11.23 }
{616 29358 82 93 83 85 83 82 97 92 93 84 83 96 82 81 86 88 83 82 99 97 93 84 98 96 -2.15 1.85 8.26 0.57 1.92 -1.29 29.14 62.10 58.40 11.66 -11.23 }
{620 29510 82 89 86 88 83 82 99 96 93 84 87 96 82 81 86 88 83 82 99 97 93 84 98 96 -2.84 -1.05 -1.42 0.36 0.82 -0.84 29.14 62.10 67.31 10.82 -10.91 }
{624 29667 82 85 86 88 83 82 99 97 93 84 91 96 82 81 86 88 83 82 99 97 93 84 98 96 2.17 -0.12 -0.06 0.96 0.95 -1.34 29.09 61.38 62.00 9.53 -10.92 }
{628 29825 81 87 89 89 86 80 96 94 96 87 89 93 81 95 96 89 88 80 82 92 96 87 86 91 -0.48 -0.71 -1.66 0.25 1.18 -1.46 29.09 61.81 57.04 15.53 -10.73 }
{632 29979 81 91 93 89 88 80 92 92 96 87 86 91 81 95 96 89 88 80 82 92 96 87 86 91 2.66 -3.98 3.07 1.06 0.30 -1.25 29.14 62.83 66.20 13.83 -10.18 }
{636 30136 84 89 96 86 87 83 88 93 93 85 83 93 91 83 96 85 87 93 86 93 92 85 80 93 2.19 0.95 -1.79 1.04 0.65 -1.02 29.14 63.48 61.18 12.25 -10.11 }
{640 30289 88 85 96 85 87 87 86 93 92 85 80 93 91 83 96 85 87 93 86 93 92 85 80 93 0.77 -2.71 -2.99 1.12 0.20 -1.68 29.19 62.28 70.58 10.78 -10.42 }
{644 30447 92 87 99 88 90 91 83 96 89 88 83 92 93 95 99 91 98 94 80 98 89 95 98 92 3.62 -0.13 -4.56 0.91 0.24 -0.96 29.19 62.81 65.33 9.37 -10.58 }
{648 30601 93 91 99 91 94 94 80 98 89 92 87 92 93 95 99 91 98 94 80 98 89 95 98 92 11.21 2.80 2.90 1.13 0.38 -0.63 29.14 61.85 60.66 8.08 -10.96 }
{652 30754 93 95 99 91 98 94 80 98 89 95 91 92 82 96 96 86 93 84 84 92 99 82 88 99 5.18 0.94 -3.11 0.99 0.28 -1.85 29.28 62.23 56.42 7.17 -10.87 }
{656 30909 89 96 96 87 94 90 84 94 93 91 88 96 82 96 96 86 93 84 84 92 99 82 88 99 -0.88 -0.73 -2.81 0.67 0.76 -1.35 29.24 61.74 52.11 6.32 -10.84 }
{660 31066 85 96 93 89 90 86 87 96 92 87 88 94 85 96 87 92 88 80 90 98 92 85 88 80 1.90 0.85 5.56 0.98 1.40 -2.27 29.19 61.65 55.66 5.48 -9.60 }
{664 31218 88 93 89 92 86 88 85 94 93 89 91 96 92 83 83 92 81 89 81 86 93 89 91 97 7.21 7.07 2.73 0.35 1.16 -0.65 29.19 61.40 51.62 12.01 -8.77 }
{668 31369 92 89 85 92 82 89 81 90 93 89 91 97 92 83 83 92 81 89 81 86 93 89 91 97 1.12 -0.54 -1.19 0.78 0.62 -1.60 29.09 62.18 47.58 10.62 -9.31 }
{672 31526 89 91 87 94 84 92 84 92 90 92 94 94 86 96 96 94 94 94 95 97 86 97 97 80 5.01 1.81 1.63 0.54 0.10 -1.86 29.19 61.83 44.25 9.38 -8.65 }
{676 31676 86 95 91 94 88 94 88 96 86 96 97 90 86 96 96 94 94 94 95 97 86 97 97 80 0.37 0.22 -3.10 0.71 0.02 -0.89 29.19 62.56 47.78 8.44 -8.11 }
{680 31831 89 93 94 91 92 91 86 94 89 94 99 89 91 91 94 83 97 84 84 93 90 87 99 89 0.29 0.69 -7.45 0.82 -0.13 -1.24 29.09 61.42 44.66 7.76 -7.54 }
{684 31984 90 90 93 89 96 89 85 92 89 92 98 90 84 84 91 92 99 94 87 83 80 99 90 93 -6.65 -4.10 -2.69 2.06 0.24 -2.32 29.09 62.36 41.52 6.68 -7.48 }
{688 32138 86 86 91 92 99 93 87 88 85 96 94 93 84 84 91 92 99 94 87 83 80 99 90 93 2.07 -0.48 -1.27 0.60 0.74 -1.36 29.14 62.83 38.41 5.60 -7.55 }
{692 32291 84 84 91 92 99 94 87 84 81 99 90 93 84 84 91 92 99 94 87 83 80 99 90 93 6.26 -2.73 5.01 0.73 0.21 -2.23 29.09 62.56 35.84 4.59 -9.02 }
{696 32446 81 85 93 89 96 93 84 86 83 96 87 90 81 85 93 89 96 93 81 98 91 83 80 88 1.23 0.17 -4.67 0.85 0.17 -1.26 29.09 61.33 33.61 3.63 -9.40 }
{700 32596 81 85 93 89 96 93 81 90 87 92 83 88 81 85 93 89 96 93 81 98 91 83 80 88 -0.52 2.07 -3.60 1.16 0.24 -1.50 29.14 61.40 31.29 2.84 -9.77 }
{704 32750 81 85 93 89 96 93 81 94 91 88 80 88 81 85 93 89 96 93 81 98 91 83 80 88 -1.75 -2.19 -5.04 0.41 0.89 -0.86 29.24 60.94 29.29 2.16 -9.58 }
{708 32908 84 88 96 86 93 91 84 92 90 90 82 91 86 92 99 81 84 91 92 85 90 94 82 96 0.80 -1.41 -0.70 0.72 0.64 -1.37 29.09 61.22 27.28 1.72 -9.30 }
{712 33060 86 92 99 82 89 91 88 88 90 94 82 95 86 92 99 81 84 91 92 85 90 94 82 96 11.18 6.16 5.50 1.13 0.44 -0.80 29.19 61.31 25.25 14.92 -9.39 }
{716 33213 86 92 99 81 85 91 92 85 90 94 82 96 86 92 99 81 84 91 92 85 90 94 82 96 0.78 -1.98 0.28 -0.30 0.96 -1.10 29.24 61.54 23.09 20.42 -9.32 }
{720 33371 86 93 96 84 87 94 89 88 88 97 85 93 86 93 84 91 99 95 89 88 88 98 97 83 2.10 0.23 -0.50 0.85 0.19 -1.49 29.19 61.04 21.45 18.33 -9.20 }
{724 33522 86 93 92 88 91 95 89 88 88 98 89 89 86 93 84 91 99 95 89 88 88 98 97 83 0.36 -1.80 -4.01 -0.07 0.21 -2.48 29.09 61.22 20.09 23.62 -8.63 }
{728 33679 86 93 88 91 95 95 89 88 88 98 93 85 86 93 84 91 99 95 89 88 88 98 97 83 3.47 -2.22 5.41 0.46 -0.33 -1.66 29.09 61.09 18.70 21.66 -8.90 }
{732 33836 88 90 86 88 93 98 92 89 91 95 96 87 88 89 86 88 86 99 95 89 96 88 96 99 5.09 -0.71 2.67 0.82 0.04 -1.07 29.19 61.02 17.52 19.53 -8.72 }
{736 33987 88 89 86 88 89 99 95 89 95 91 96 91 88 89 86 88 86 99 95 89 96 88 96 99 2.86 3.32 2.14 0.64 1.02 -0.70 29.09 61.38 16.71 18.26 -8.13 }
{740 34140 88 89 86 88 86 99 95 89 96 88 96 95 97 96 98 91 83 98 80 88 81 91 98 97 4.31 5.03 0.49 0.28 0.72 -0.82 29.19 60.62 15.24 23.77 -7.21 }
{744 34293 92 93 90 91 83 98 91 88 92 91 98 97 97 96 98 91 83 98 80 88 81 91 98 97 2.90 -1.17 -0.98 0.98 0.25 -1.34 29.09 60.40 14.05 21.71 -6.94 }
{748 34450 90 97 88 88 86 95 88 88 94 94 95 97 81 98 88 83 95 86 88 88 99 99 83 97 1.04 0.23 -3.66 1.47 -0.42 -1.05 29.09 60.29 12.46 26.35 -7.71 }
{752 34604 86 98 88 84 90 91 88 88 98 98 91 97 81 98 88 83 95 86 88 88 99 99 83 97 -4.82 0.65 -12.92 1.67 1.26 -2.50 29.24 61.36 10.84 24.72 -8.15 }
{756 34761 88 98 91 86 91 93 85 85 96 99 91 95 93 98 93 95 91 95 84 82 92 99 91 95 -1.75 -0.24 -12.78 0.73 0.20 -1.44 29.19 61.56 17.72 22.78 -6.00 }
{760 34916 92 98 93 90 91 95 84 82 92 99 91 95 93 98 93 95 91 95 84 82 92 99 91 95 2.61 -0.15 1.57 0.65 0.28 -0.86 29.09 61.04 16.89 20.65 -4.95 }
{764 35072 90 95 94 90 94 92 85 85 95 96 88 92 88 90 94 90 98 85 85 99 95 87 87 83 -0.01 3.26 1.99 1.34 0.37 -1.07 29.19 61.74 15.61 18.66 -5.07 }
{768 35226 86 94 91 93 92 94 88 89 92 93 86 93 86 94 83 95 84 95 96 99 84 93 86 93 2.45 -0.10 0.90 0.56 0.65 -1.20 29.24 61.47 14.33 16.89 -5.09 }
{772 35378 86 94 87 95 88 95 92 93 88 93 86 93 86 94 83 95 84 95 96 99 84 93 86 93 5.44 2.60 4.96 1.10 0.93 -1.16 29.24 61.05 14.07 15.41 -4.72 }
{776 35532 87 94 89 92 85 92 90 91 90 92 83 90 87 94 90 87 85 90 82 85 94 92 81 85 2.78 1.39 -1.48 1.18 0.49 -1.27 29.19 60.38 13.36 14.13 -4.26 }
{780 35685 87 94 90 88 85 90 86 87 94 92 81 86 87 94 90 87 85 90 82 85 94 92 81 85 0.66 -1.98 -4.85 1.89 0.20 -1.26 29.14 61.20 12.02 12.73 -4.42 }
{784 35838 87 94 90 87 85 90 82 85 94 92 81 85 87 94 90 87 85 90 82 85 94 92 81 85 3.03 0.66 -1.82 1.00 0.29 -1.35 29.19 60.38 11.35 11.49 -4.09 }
{788 35995 86 91 87 90 83 90 85 82 91 89 84 88 86 80 80 92 83 90 85 80 85 87 84 88 -5.64 -4.09 0.79 1.23 0.66 -0.58 29.24 60.51 10.42 10.24 -3.95 }
{792 36149 86 87 83 92 83 90 85 80 87 87 84 88 86 80 80 92 83 90 85 80 85 87 84 88 4.28 -1.35 8.18 0.66 0.48 -1.54 29.14 60.89 9.44 9.11 -3.64 }
{796 36300 86 83 80 92 83 90 85 80 85 87 84 88 86 80 80 92 83 90 85 80 85 87 84 88 2.11 -4.09 -1.54 0.88 0.84 -1.17 29.09 60.89 8.93 8.10 -3.13 }
{800 36455 86 80 83 95 82 88 83 83 88 84 87 91 86 80 95 99 82 88 83 97 96 82 89 98 0.20 -1.22 0.44 0.61 0.64 -1.29 29.19 61.29 8.15 7.02 -3.22 }
{804 36608 89 82 87 93 85 91 81 87 92 82 86 89 89 82 95 85 99 91 81 94 94 82 86 83 1.41 -1.03 -7.13 1.04 0.13 -1.09 29.05 60.66 8.02 6.25 -3.71 }
{808 36760 92 81 90 89 89 94 82 91 96 80 88 85 99 81 90 84 95 98 82 91 96 80 88 84 9.48 0.19 0.06 0.91 -0.06 -1.19 29.14 61.58 7.67 5.28 -3.81 }
{812 36912 90 84 93 85 93 96 85 88 93 82 91 87 88 91 97 80 94 96 99 85 93 82 99 94 -1.42 -3.25 -1.36 0.93 0.20 -1.63 29.14 60.93 20.37 4.74 -4.33 }
{816 37066 86 88 91 82 93 93 89 88 91 85 89 91 86 96 90 82 93 93 95 88 91 98 81 91 -4.77 0.27 -3.85 0.66 0.94 -1.69 29.14 61.56 19.28 4.53 -3.16 }
{820 37219 86 92 90 82 93 93 93 88 91 89 85 91 86 96 90 82 93 93 95 88 91 98 81 91 3.32 0.57 1.13 1.20 0.65 -1.36 29.14 61.76 17.84 3.89 -3.12 }
{824 37370 86 96 90 82 93 93 95 88 91 93 81 91 86 96 90 82 93 93 95 88 91 98 81 91 1.33 -1.40 -2.08 1.09 0.47 -1.22 29.19 61.22 16.44 3.56 -2.68 }
{828 37526 84 97 92 83 95 91 93 90 93 93 83 89 80 97 92 83 95 88 93 95 96 91 87 89 2.77 2.71 3.22 1.02 0.14 -1.08 29.14 61.78 15.28 3.29 -2.77 }
{832 37679 86 94 89 86 92 93 90 94 91 89 87 92 94 88 83 99 86 94 87 97 83 81 87 94 0.57 -0.76 -8.84 1.11 0.59 -1.50 29.09 61.98 14.21 2.82 -2.48 }
{836 37831 90 90 85 90 88 94 87 97 87 85 87 94 94 88 83 99 86 94 87 97 83 81 87 94 6.16 1.47 0.24 1.55 0.89 -0.67 29.14 61.22 13.29 2.23 -2.55 }
{840 37982 94 88 83 94 86 94 87 97 83 81 87 94 94 88 83 99 86 94 87 97 83 81 87 94 2.90 -1.57 5.60 0.99 0.11 -0.70 29.09 60.49 12.64 1.95 -1.90 }
{844 38137 96 91 86 92 83 91 90 94 84 82 84 91 96 99 98 90 83 86 96 85 84 82 83 81 2.63 -0.16 2.98 0.32 -0.08 -1.02 29.09 60.13 11.74 0.95 -1.63 }
{848 38289 96 95 90 90 83 87 94 90 84 82 83 87 96 99 98 90 83 86 96 85 84 82 83 81 5.04 -2.85 4.08 0.51 0.69 -1.69 29.09 61.52 10.80 0.40 -1.34 }
{852 38441 96 99 94 90 83 86 96 86 84 82 83 83 96 99 98 90 83 86 96 85 84 82 83 81 -4.29 2.51 -2.53 0.08 -0.12 -0.57 29.19 62.34 10.01 14.18 -1.55 }
{856 38600 93 96 95 93 86 88 93 88 87 85 86 85 91 82 95 96 94 88 80 91 90 95 94 92 1.32 2.39 0.26 0.85 0.42 -1.62 29.19 61.71 9.60 12.43 -2.03 }
{860 38750 91 92 95 96 90 88 89 91 90 89 90 89 91 82 95 96 94 88 80 91 90 95 94 92 1.79 0.51 2.35 1.04 0.56 -2.12 29.19 61.61 9.00 11.53 -2.02 }
{864 38901 91 88 95 96 94 88 85 91 90 93 94 92 91 82 95 96 94 88 80 91 90 95 94 92 -4.03 -3.90 -5.10 0.78 0.08 -1.42 29.09 62.52 8.66 17.05 -1.27 }
{868 39059 94 89 92 99 91 90 87 89 93 91 97 89 97 89 85 99 81 90 88 89 99 87 99 86 6.13 -0.57 4.38 1.16 0.90 -1.52 29.14 62.14 8.11 15.25 -1.01 }
{872 39209 97 89 88 99 87 90 88 89 97 87 99 86 97 89 85 99 81 90 88 89 99 87 99 86 3.33 2.07 -2.46 0.94 0.74 -1.16 29.14 63.01 7.75 13.67 0.51 }
{876 39361 97 89 85 99 83 90 88 89 99 87 99 86 97 89 85 99 81 90 88 89 99 87 99 86 -0.07 -1.29 -6.11 0.21 0.92 -2.67 29.14 62.14 7.48 12.64 2.17 }
{880 39518 95 91 85 97 83 90 86 87 98 85 97 86 82 93 80 96 94 97 81 81 98 85 92 80 0.46 -1.83 -1.16 0.31 0.83 -1.25 29.24 62.41 6.73 11.26 2.13 }
{884 39668 91 93 81 96 87 94 82 83 98 85 93 82 82 93 80 96 94 97 81 81 98 85 92 80 0.81 -1.48 -9.34 1.54 0.32 -1.44 29.19 63.14 6.05 9.97 1.26 }
{888 39822 87 90 83 95 91 92 83 82 95 82 89 84 81 82 84 95 95 92 83 82 93 81 81 99 1.70 0.45 -1.08 0.72 0.42 -1.51 29.19 62.14 11.82 8.56 0.06 }
{892 39973 83 89 87 92 89 92 86 85 91 84 91 88 90 84 91 96 81 84 85 82 93 83 96 98 -10.06 -4.88 -8.79 0.24 0.84 -1.22 29.24 62.79 10.81 14.69 0.84 }
{896 40128 87 85 91 96 85 88 85 82 93 83 95 92 90 84 91 96 81 84 85 82 93 83 96 98 -1.34 1.96 -2.53 0.46 1.33 -0.64 29.09 61.99 17.02 12.91 0.56 }
{900 40282 90 84 91 96 81 84 85 82 93 83 96 96 90 84 91 96 81 84 85 82 93 83 96 98 1.30 -3.31 9.77 0.55 1.09 -2.19 29.09 62.07 22.88 11.44 1.17 }
{904 40436 88 83 94 93 83 87 88 85 96 86 93 97 88 83 99 82 83 90 99 92 97 92 82 97 -1.51 1.35 -3.36 0.91 0.77 -1.15 29.19 62.81 21.04 10.28 1.70 }
{908 40589 88 83 98 89 83 90 92 89 97 90 89 97 88 83 99 82 83 90 99 92 97 92 82 97 2.86 -1.00 -3.59 1.76 1.09 -1.76 29.14 62.14 19.81 9.26 2.29 }
{912 40743 91 86 99 90 86 93 96 87 94 90 85 94 93 90 99 90 91 95 98 82 85 90 82 88 4.48 0.40 4.55 1.32 0.79 -1.49 29.19 62.83 18.39 8.54 3.32 }
{916 40892 93 90 99 90 90 95 98 83 90 90 82 90 93 90 99 90 91 95 98 82 85 90 82 88 1.55 -3.70 3.77 0.51 0.59 -1.27 29.19 62.95 16.74 7.29 3.38 }
{920 41043 93 90 99 90 91 95 98 82 86 90 82 88 93 90 99 90 91 95 98 82 85 90 82 88 10.97 2.68 0.17 0.48 0.54 -1.44 29.24 62.39 15.76 6.30 3.26 }
{924 41198 96 89 96 90 91 92 95 85 88 93 85 85 99 89 93 90 91 85 82 97 93 99 96 84 3.81 0.01 0.57 0.80 0.50 -1.56 29.14 62.28 14.80 5.60 3.32 }
{928 41347 99 89 93 90 91 88 91 89 92 97 89 84 99 89 93 90 91 85 82 97 93 99 96 84 10.42 -0.53 1.59 0.93 0.04 -1.58 29.28 63.57 14.48 4.41 2.29 }
{932 41501 96 86 95 89 94 84 87 92 94 95 87 87 82 83 95 89 97 82 84 92 94 86 87 95 -3.02 0.59 -12.29 0.95 0.38 -1.86 29.05 62.30 13.68 10.68 2.87 }
{936 41655 92 83 95 89 97 82 84 92 94 91 87 91 82 83 95 89 97 82 84 92 94 86 87 95 -3.93 -2.88 -11.02 0.46 0.68 -1.17 29.05 62.90 12.81 9.52 3.72 }
{940 41809 88 83 95 89 97 82 84 92 94 87 87 95 82 83 95 89 97 82 84 92 94 86 87 95 -3.78 -0.73 -5.42 0.34 0.34 -1.00 29.14 63.55 18.51 7.91 3.13 }
{944 41965 90 86 92 89 94 85 87 95 91 83 86 92 92 86 82 89 86 89 99 98 90 83 86 83 5.07 1.81 0.61 0.98 0.71 -1.36 29.19 62.75 16.94 6.84 3.17 }
{948 42117 88 89 88 92 91 89 85 93 93 83 89 88 85 98 87 97 91 96 81 83 94 83 92 82 9.56 5.59 -1.07 0.56 1.37 -0.90 29.09 62.39 16.72 13.66 4.84 }
{952 42267 85 93 87 96 91 93 81 89 94 83 92 84 85 98 87 97 91 96 81 83 94 83 92 82 1.29 0.54 -3.08 0.79 -0.25 -1.20 29.19 62.75 15.43 12.31 4.49 }
{956 42421 85 97 87 97 91 96 81 85 94 83 92 82 85 98 87 97 91 96 81 83 94 83 92 82 1.48 0.86 -6.38 0.93 0.36 -1.02 29.14 62.30 14.14 10.82 4.25 }
{960 42574 86 97 86 96 92 95 80 84 95 84 91 81 91 91 82 93 93 90 80 84 95 87 90 81 1.07 -0.21 -2.70 0.92 0.52 -1.45 29.14 62.10 13.47 10.02 4.51 }
{964 42730 86 93 82 98 96 91 83 87 92 86 92 84 86 93 80 99 96 82 98 94 86 86 92 95 -0.13 -1.26 -2.32 0.80 1.08 -1.77 29.14 62.14 19.77 9.03 4.66 }
{968 42884 89 90 84 96 93 93 87 91 88 89 95 84 97 81 98 94 80 97 87 91 82 92 97 84 5.13 1.79 3.12 1.04 0.02 -1.88 29.09 62.50 18.74 8.36 6.07 }
{972 43033 93 86 88 94 89 97 87 91 84 92 97 84 97 81 98 94 80 97 87 91 82 92 97 84 3.48 -0.48 -6.32 0.43 -0.21 -0.87 29.19 62.25 17.95 7.26 6.59 }
{976 43189 91 87 86 97 91 94 90 88 85 95 94 87 85 87 83 98 99 83 97 81 85 97 85 97 5.35 0.01 10.44 0.72 0.49 -1.22 29.24 62.16 16.31 5.70 5.93 }
{980 43338 87 87 83 98 95 90 94 84 85 97 90 91 85 87 83 98 99 83 97 81 85 97 85 97 1.68 -2.53 -0.27 1.01 0.68 -2.07 29.24 62.63 15.45 4.67 6.72 }
{984 43493 84 84 86 99 96 86 92 86 82 94 92 89 84 84 99 99 96 80 91 86 82 93 95 89 -4.18 0.56 0.64 0.58 0.20 -0.48 29.24 61.99 14.74 10.11 6.40 }
{988 43645 87 87 90 96 96 84 90 89 85 96 95 86 87 97 88 80 84 94 95 83 89 86 85 83 0.32 0.54 -5.94 0.61 0.14 -0.44 29.19 63.28 13.54 8.79 5.06 }
{992 43797 87 91 88 92 92 88 94 85 89 92 91 83 87 97 88 80 84 94 95 83 89 86 85 83 2.65 1.03 3.21 0.90 0.68 -1.90 29.09 62.68 12.86 7.60 5.82 }
{996 43949 90 89 91 88 88 91 92 86 90 88 87 86 92 81 98 84 82 91 80 86 90 83 87 88 9.68 5.06 -2.24 1.14 1.03 -0.15 29.09 62.57 19.43 13.69 4.77 }
{1000 44099 92 85 95 84 84 91 88 86 90 84 87 88 92 81 98 84 82 91 80 86 90 83 87 88 -1.75 -0.47 -9.60 0.65 0.99 -1.42 29.24 62.47 17.88 12.13 4.21 }
{1004 44258 95 87 93 87 83 94 84 88 93 86 90 85 97 89 85 93 83 96 80 88 99 97 94 85 7.88 -1.31 -5.42 1.16 0.13 -0.95 29.24 62.09 17.11 10.63 3.64 }
{1008 44410 97 89 89 91 83 96 80 88 97 90 94 85 97 89 85 93 83 96 80 88 99 97 94 85 3.53 0.51 -5.36 1.61 0.40 -1.86 29.19 61.92 16.19 9.84 3.85 }
{1012 44565 94 86 87 94 86 93 83 89 95 89 91 86 87 85 87 94 95 88 97 89 95 89 86 86 -0.19 -4.38 2.50 0.76 0.49 -1.23 29.14 62.48 15.18 8.91 4.63 }
{1016 44718 90 85 87 94 90 89 87 89 95 89 87 86 87 85 87 94 95 88 97 89 95 89 86 86 0.34 0.59 1.28 0.95 0.61 -1.59 29.19 61.36 13.63 7.79 4.34 }
{1020 44869 87 85 87 94 94 88 91 89 95 89 86 86 87 85 87 94 95 88 97 89 95 89 86 86 -1.31 1.69 -0.50 0.99 0.51 -1.33 29.24 63.33 20.24 6.89 5.91 }
{1024 45024 86 84 88 93 96 87 93 88 96 88 87 87 85 82 98 93 99 83 83 83 99 81 94 94 4.17 -0.80 4.38 0.68 0.71 -1.25 29.14 63.17 18.82 6.10 5.69 }
{1028 45178 82 86 92 95 94 89 90 90 94 84 85 87 82 96 99 95 90 93 90 92 88 83 81 87 -3.29 -1.64 -4.03 0.49 0.59 -0.44 29.19 62.63 17.09 5.15 5.35 }
{1032 45331 82 90 96 95 90 93 90 92 90 83 81 87 82 96 99 95 90 93 90 92 88 83 81 87 6.32 1.50 -0.61 0.75 0.63 -0.33 29.24 62.50 15.30 4.33 4.13 }
{1036 45484 82 94 99 95 90 93 90 92 88 83 81 87 82 96 99 95 90 93 90 92 88 83 81 87 3.26 -0.77 -0.30 1.17 0.48 -1.56 29.09 62.07 14.28 3.57 4.20 }
{1040 45640 85 98 96 92 93 90 90 95 91 86 84 90 97 98 94 96 88 92 93 80 84 84 93 93 3.19 -1.22 0.52 0.94 0.53 -1.35 29.09 62.36 13.29 3.00 4.37 }
{1044 45791 89 98 94 96 89 92 93 91 87 84 88 93 97 98 94 96 88 92 93 80 84 84 93 93 -0.73 -1.52 6.75 0.98 0.51 -1.51 29.05 62.85 12.37 2.26 4.74 }
{1048 45946 93 97 91 93 91 93 93 93 83 87 92 90 99 97 89 87 91 93 93 99 80 94 97 84 7.87 -3.38 4.15 1.02 0.31 -1.56 29.14 62.25 11.35 1.84 4.48 }
{1052 46099 97 94 88 95 88 96 92 93 80 91 90 92 98 80 88 98 81 97 92 93 80 96 80 94 11.24 -2.73 10.03 0.73 0.80 -2.44 29.24 61.11 10.53 7.88 3.69 }
{1056 46254 97 90 89 97 85 96 91 92 81 93 88 93 90 83 89 94 85 91 91 90 97 90 94 85 13.03 3.93 0.72 0.70 0.73 -1.11 29.09 62.09 9.81 7.21 3.83 }
{1060 46406 94 92 92 93 86 92 88 88 85 91 86 89 94 92 94 90 86 87 81 85 89 91 85 80 -4.00 -0.99 -8.43 0.34 0.38 -1.26 29.19 62.07 9.08 6.32 3.76 }
{1064 46558 94 92 94 90 86 88 84 85 89 91 85 85 94 92 94 90 86 87 81 85 89 91 85 80 -3.98 2.71 -9.74 0.72 -0.30 -0.85 29.19 61.63 7.79 5.34 2.95 }
{1068 46714 95 89 94 87 89 90 86 88 86 94 88 87 95 89 94 83 94 94 94 94 83 95 97 97 1.47 -1.99 -4.64 1.15 0.51 -1.23 29.19 62.28 7.29 4.46 3.15 }
{1072 46867 94 90 93 85 93 92 90 90 84 94 92 91 82 94 92 99 99 83 97 90 90 86 96 92 -2.38 -6.74 4.79 0.87 0.27 -1.57 29.19 62.34 6.86 3.41 4.06 }
{1076 47019 90 94 92 89 97 88 94 90 88 90 96 92 82 94 92 99 99 83 97 90 90 86 96 92 2.07 2.81 -0.34 0.78 0.10 -1.83 29.14 61.90 7.03 2.76 4.60 }
{1080 47170 86 94 92 93 99 84 97 90 90 86 96 92 98 96 81 84 87 98 80 92 87 95 81 86 -6.41 -3.09 -5.83 0.46 0.68 -1.11 29.19 62.61 6.82 1.93 5.49 }
{1084 47326 90 95 94 95 95 83 93 88 88 90 92 88 90 95 98 99 92 83 92 86 88 93 86 86 3.26 0.63 4.17 0.46 0.23 -0.93 29.19 62.50 6.32 0.97 5.24 }
{1088 47474 90 95 98 99 92 83 92 86 88 93 88 86 90 95 98 99 92 83 92 86 88 93 86 86 5.94 -0.70 -2.75 -0.29 0.87 -0.97 29.19 62.92 5.99 7.50 4.94 }
{1092 47631 93 92 96 96 89 86 95 84 85 90 90 89 93 81 96 92 81 89 97 84 82 80 92 95 2.87 -2.06 2.17 0.37 0.76 -1.54 29.24 63.35 5.38 6.29 4.99 }
{1096 47780 93 88 96 92 85 89 97 84 82 86 92 93 93 81 96 92 81 89 97 84 82 80 92 95 -5.19 -1.70 -0.61 0.07 1.02 -0.43 29.09 63.01 11.19 12.23 5.11 }
{1100 47936 93 84 96 92 81 89 97 84 82 82 92 95 93 81 96 92 81 89 97 84 82 80 92 95 3.52 2.40 0.12 0.72 1.17 -0.93 29.19 63.70 16.92 10.79 4.46 }
{1104 48091 92 86 93 93 84 92 94 85 81 84 89 92 92 91 92 93 97 97 86 85 81 99 89 87 4.03 -2.74 0.17 1.15 0.41 -1.56 29.09 62.30 15.88 9.56 4.76 }
{1108 48242 92 90 92 93 88 96 90 85 81 88 89 88 92 91 92 93 97 97 86 85 81 99 89 87 5.29 -2.68 0.53 0.24 0.54 -1.16 29.24 62.36 15.73 29.00 5.40 }
{1112 48396 92 91 92 93 92 97 86 85 81 92 89 87 92 91 92 93 97 97 86 85 81 99 89 87 0.23 -0.94 -5.16 0.82 -0.77 -1.99 29.19 62.25 21.99 32.64 6.10 }
{1116 48553 90 94 89 90 90 99 89 88 84 90 86 88 90 96 85 81 87 99 97 93 85 89 82 88 7.26 3.23 -4.67 0.91 0.71 -1.17 29.19 62.05 20.83 29.71 6.23 }
{1120 48706 90 96 85 86 87 99 93 92 85 89 82 88 99 88 87 84 91 97 86 80 92 81 90 98 4.08 -0.74 7.91 0.61 0.57 -0.54 29.09 61.85 20.05 40.96 5.25 }
{1124 48861 94 92 87 84 91 97 89 88 89 85 86 92 99 88 87 84 91 97 86 80 92 81 90 98 -6.42 1.39 -5.37 1.25 0.70 -1.05 29.19 62.16 19.33 44.44 6.22 }
{1128 49014 98 88 87 84 91 97 86 84 92 81 90 96 99 88 87 84 91 97 86 80 92 81 90 98 2.29 1.12 -3.08 0.39 0.41 -0.63 29.14 61.13 18.40 40.86 6.28 }
{1132 49168 99 88 87 84 91 97 86 80 92 81 90 98 89 94 87 92 99 97 90 91 84 84 80 95 0.07 -2.18 2.14 1.00 0.42 -1.16 29.14 61.92 17.31 37.08 6.50 }
{1136 49323 95 92 87 88 95 97 90 84 88 84 86 95 89 94 87 92 99 97 90 91 84 84 80 95 0.20 -3.12 2.11 0.91 -0.21 -1.53 29.19 61.54 16.48 33.72 6.62 }
{1140 49479 93 95 88 90 97 98 91 86 86 85 84 94 97 95 95 84 80 98 97 83 97 94 88 87 6.68 3.44 -1.37 0.58 0.24 -0.73 29.19 61.60 15.13 30.83 6.71 }
{1144 49632 97 95 92 86 93 98 95 83 90 89 88 90 97 95 95 84 80 98 97 83 97 94 88 87 6.84 0.77 -0.17 0.27 -0.05 -1.27 29.05 62.07 14.65 28.14 7.50 }
{1148 49788 94 92 96 88 89 95 93 86 88 87 90 86 99 80 82 97 95 92 94 95 90 91 83 91 6.87 4.20 -2.37 0.78 1.05 -0.28 29.28 61.87 13.71 25.78 7.18 }
{1152 49941 98 88 92 92 93 92 94 90 90 91 86 90 99 80 82 97 95 92 94 95 90 91 83 91 4.28 -1.14 -2.29 1.09 0.32 -1.30 29.19 61.87 13.27 23.55 7.80 }
{1156 50095 99 84 88 96 95 92 94 94 90 91 83 91 99 80 82 97 95 92 94 95 90 91 83 91 2.10 0.19 3.91 0.50 0.49 -1.92 29.19 61.83 12.32 21.41 8.11 }
{1160 50247 99 80 84 97 95 92 94 95 90 91 83 91 99 80 82 97 95 92 94 95 90 91 83 91 6.55 -1.34 4.64 1.22 0.35 -1.66 29.05 62.18 11.42 19.43 7.88 }
{1164 50404 96 83 86 94 94 89 91 92 91 92 86 94 91 90 89 87 94 88 83 88 91 92 99 96 -2.35 -1.98 -1.80 0.86 -0.01 -1.48 29.09 60.31 10.64 17.63 8.52 }
{1168 50561 92 83 89 96 94 86 87 92 88 89 84 92 82 83 89 99 94 86 87 92 80 86 81 85 -1.93 -0.48 -11.83 0.52 0.24 -1.21 29.28 61.99 9.47 16.14 8.79 }
{1172 50715 88 83 89 99 94 86 87 92 84 86 81 88 82 83 89 99 94 86 87 92 80 86 81 85 3.68 -0.59 1.92 0.81 0.55 -1.17 29.14 61.51 8.81 14.46 8.54 }
{1176 50868 84 83 89 99 94 86 87 92 80 86 81 85 82 83 89 99 94 86 87 92 80 86 81 85 2.61 -2.54 -2.52 0.42 0.14 -1.33 29.28 62.41 8.10 12.57 8.08 }
{1180 51020 82 83 89 99 94 86 87 92 80 86 81 85 96 94 97 95 95 86 84 91 91 80 96 99 0.80 -0.64 -3.33 0.76 0.70 -1.78 29.14 61.11 7.55 11.15 7.97 }
{1184 51176 86 87 93 95 95 86 84 91 84 82 85 89 96 94 97 95 95 86 84 91 91 80 96 99 1.56 -6.44 -8.50 0.55 -0.09 -1.78 29.14 62.30 7.20 9.72 7.68 }
{1188 51330 90 91 97 95 95 86 84 91 88 80 89 93 96 94 97 95 95 86 84 91 91 80 96 99 2.17 1.10 5.30 0.57 0.56 -1.34 29.19 62.37 6.66 8.52 7.95 }
{1192 51482 94 89 94 92 92 89 87 88 92 83 93 96 93 97 93 83 88 94 86 83 90 81 86 85 0.17 2.33 6.66 0.93 0.93 -1.85 29.14 62.14 6.04 7.62 8.67 }
{1196 51632 93 93 93 88 88 93 86 84 90 81 89 92 93 97 93 83 88 94 86 83 90 81 86 85 7.82 3.64 -4.92 1.50 0.95 -0.12 29.14 62.74 5.22 6.95 8.18 }
{1200 51783 93 97 93 84 88 94 86 83 90 81 86 88 93 97 93 83 88 94 86 83 90 81 86 85 3.24 1.21 -8.66 1.23 -0.14 -1.41 29.19 61.38 5.67 19.46 7.20 }
{1204 51939 91 98 91 85 86 94 84 85 92 83 88 88 85 98 85 99 81 94 80 96 92 93 93 95 0.97 1.14 -2.81 1.15 0.77 -1.59 29.24 61.14 5.69 17.65 7.32 }
{1208 52090 87 98 87 89 82 94 80 89 92 87 92 92 85 98 85 99 81 94 80 96 92 93 93 95 9.90 5.10 0.29 1.14 1.33 -1.53 29.19 62.25 12.50 16.21 6.62 }
{1212 52245 89 95 88 87 84 91 83 87 89 87 96 90 95 82 88 85 92 90 91 80 83 87 99 90 0.08 0.16 -4.64 1.15 0.48 -1.54 29.19 62.18 11.73 14.93 7.00 }
{1216 52399 93 91 91 89 88 87 87 89 85 84 94 91 99 82 99 96 89 81 96 90 81 80 82 91 -0.99 0.86 -1.53 0.75 0.38 -1.17 29.00 61.76 11.21 13.49 7.63 }
{1220 52552 97 87 95 93 89 83 91 90 81 80 90 91 99 82 99 96 89 81 96 90 81 80 82 91 -0.76 -3.25 1.68 -0.22 0.39 -0.91 29.09 62.30 17.54 19.31 8.93 }
{1224 52708 99 83 99 96 89 81 95 90 81 80 86 91 99 82 99 96 89 81 96 90 81 80 82 91 0.98 -1.23 9.28 0.32 0.41 -1.14 29.24 62.68 16.03 24.01 9.11 }
{1228 52864 96 85 97 93 92 84 93 87 84 83 86 90 90 94 97 93 95 88 81 86 93 98 86 90 1.30 -0.79 -2.72 0.55 0.48 -1.49 29.24 62.99 14.66 21.82 9.23 }
{1232 53020 96 85 94 94 90 88 89 85 84 86 89 93 98 83 88 94 89 96 83 82 83 86 99 95 2.89 1.00 -5.47 0.97 0.00 -1.45 29.14 62.75 13.68 19.68 9.19 }
{1236 53171 98 83 90 94 89 92 85 82 83 86 93 95 98 83 88 94 89 96 83 82 83 86 99 95 2.71 0.68 3.91 -0.08 0.97 -1.71 29.14 63.01 12.70 24.11 9.01 }
{1240 53326 95 86 92 91 92 94 87 85 86 89 91 93 82 91 97 91 99 94 87 96 96 96 87 93 5.59 4.43 -3.39 0.45 0.25 -1.59 29.14 62.57 12.07 28.77 8.91 }
{1244 53479 91 90 96 91 96 94 87 89 90 93 87 93 82 91 97 91 99 94 87 96 96 96 87 93 -1.95 1.73 -11.10 0.08 -0.15 -1.38 29.09 62.37 11.75 33.26 9.16 }
{1248 53636 87 91 97 91 99 94 87 93 94 96 87 93 82 91 97 91 99 94 87 96 96 96 87 93 -0.03 -1.09 -2.30 1.08 0.20 -2.29 29.19 62.66 11.29 30.44 9.29 }
{1252 53793 89 88 97 88 96 93 90 95 92 93 86 90 97 80 97 80 96 93 93 95 90 82 86 86 -5.20 0.72 -7.53 1.16 0.85 -2.19 29.14 61.78 10.72 27.90 9.33 }
{1256 53948 91 86 97 86 95 92 92 94 91 89 87 88 87 93 97 96 95 84 86 88 93 81 97 91 4.49 0.74 5.12 0.93 0.42 -1.46 29.14 62.21 10.20 25.33 9.96 }
{1260 54099 87 90 97 90 95 88 88 90 93 85 91 91 87 93 97 96 95 84 86 88 93 81 97 91 -1.95 -0.56 -2.01 0.65 0.77 -0.55 29.24 62.52 9.49 22.88 9.83 }
{1264 54256 90 94 94 94 98 90 90 86 90 83 89 94 94 94 89 95 99 98 94 80 87 83 82 95 5.01 -1.32 6.00 0.41 0.81 -1.15 29.19 60.56 8.66 28.04 9.23 }
{1268 54408 94 94 90 95 99 94 94 82 87 83 85 95 94 94 89 95 99 98 94 80 87 83 82 95 2.48 -0.31 8.99 0.75 0.64 -1.58 29.14 62.77 8.12 25.48 10.49 }
{1272 54563 91 91 92 92 96 92 91 84 90 86 84 92 91 80 92 89 90 83 85 98 94 98 84 81 2.13 -2.09 -1.69 0.68 0.67 -1.57 29.24 62.50 7.59 22.92 10.12 }
{1276 54716 91 87 92 89 92 88 87 88 94 90 84 88 91 80 92 89 90 83 85 98 94 98 84 81 5.42 0.40 -10.96 0.73 0.92 -1.04 29.19 61.99 6.70 19.97 9.23 }
{1280 54870 91 83 92 89 90 84 85 92 94 94 84 84 90 98 95 98 94 87 82 88 80 82 85 94 -3.35 -3.99 -2.49 0.80 0.48 -2.34 29.14 62.48 6.10 17.96 9.67 }
{1284 55025 90 87 95 93 94 87 82 88 90 90 85 88 90 98 95 98 94 87 82 88 80 82 85 94 -0.58 -1.35 -8.66 0.50 -0.15 -1.32 29.19 60.69 5.59 16.16 10.05 }
{1288 55183 89 89 94 95 95 86 82 89 88 86 86 92 86 83 80 90 95 82 82 90 98 82 95 95 -4.12 -3.29 4.81 0.93 0.36 -0.13 29.14 62.77 4.66 14.31 9.67 }
{1292 55336 86 85 90 91 95 82 82 90 92 82 90 95 86 83 80 90 95 82 82 90 98 82 95 95 -0.12 -0.90 -1.56 0.82 1.04 -1.17 29.19 62.23 4.20 12.77 9.66 }
{1296 55490 86 83 86 90 95 82 82 90 96 82 94 95 86 83 80 90 95 82 82 90 98 82 95 95 4.32 -0.28 2.12 1.24 1.11 -1.36 29.24 62.88 3.65 18.03 9.65 }
{1300 55646 89 86 88 87 92 85 85 87 94 85 95 98 94 87 94 80 90 96 86 81 83 92 95 98 -1.45 -0.35 0.29 0.43 1.03 -1.22 29.09 62.50 2.68 15.91 9.46 }
{1304 55797 93 87 92 83 90 89 86 83 90 89 95 98 94 87 94 80 90 96 86 81 83 92 95 98 8.78 5.58 -9.08 -0.07 0.53 -0.91 29.05 62.25 9.71 21.41 10.42 }
{1308 55952 94 87 94 80 90 93 86 81 86 92 95 98 94 87 94 80 90 96 86 81 83 92 95 98 7.99 2.04 -0.37 0.18 0.46 -1.70 29.19 62.36 9.06 26.10 10.39 }
{1312 56108 92 89 92 82 88 97 88 83 86 94 93 96 80 95 86 97 85 97 95 83 95 96 83 82 4.08 -1.20 -0.92 0.49 0.48 -0.87 29.09 62.27 8.60 23.48 9.74 }
{1316 56260 88 93 88 86 85 97 92 83 90 96 89 92 80 95 86 97 85 97 95 83 95 96 83 82 4.34 3.56 5.60 0.64 1.00 -1.36 29.19 62.10 15.57 21.36 9.77 }
{1320 56413 84 95 86 90 85 97 95 83 94 96 85 88 80 95 86 97 85 97 95 83 95 96 83 82 4.39 3.12 8.78 1.29 0.48 -2.58 29.14 61.92 15.15 27.11 11.21 }
{1324 56568 86 98 85 91 88 94 92 86 96 93 87 85 91 99 85 91 97 86 90 95 96 81 91 85 -1.13 -1.44 -3.34 0.82 0.55 -1.31 29.24 61.51 14.13 24.81 11.45 }
{1328 56724 90 99 85 91 92 90 90 90 96 89 91 85 99 90 84 97 82 93 93 80 83 83 94 82 -5.51 -6.27 1.85 1.12 -0.12 -1.46 29.14 61.27 13.04 22.53 11.72 }
{1332 56882 94 95 84 95 88 93 93 86 92 85 94 82 99 90 84 97 82 93 93 80 83 83 94 82 8.78 -1.60 9.54 0.80 0.53 -0.27 29.14 62.57 12.05 27.16 11.35 }
{1336 57038 92 91 87 93 87 90 91 88 88 87 91 85 83 81 97 89 87 86 91 94 82 90 90 94 2.29 1.01 0.23 1.00 0.07 -0.99 29.28 62.10 11.23 24.82 11.44 }
{1340 57191 88 87 91 89 87 86 91 92 84 90 90 89 83 81 97 89 87 86 91 94 82 90 90 94 -1.42 -1.35 -3.10 0.43 0.55 -1.55 29.14 62.47 10.10 22.09 11.20 }
{1344 57347 84 83 95 89 87 86 91 94 82 90 90 93 83 81 97 89 87 86 91 94 82 90 90 94 1.18 -3.40 -2.88 1.01 0.71 -0.89 29.19 62.61 9.49 19.75 10.97 }
{1348 57503 85 83 95 91 89 88 93 92 84 88 89 92 99 97 83 99 93 92 99 84 88 83 89 85 2.28 -1.64 -0.75 0.67 0.61 -1.49 29.19 62.68 8.84 17.76 10.91 }
{1352 57658 89 87 91 95 93 92 97 88 88 84 89 88 99 97 83 99 93 92 99 84 88 83 89 85 6.32 0.65 9.24 0.83 0.72 -0.95 29.14 61.52 8.54 16.11 11.30 }
{1356 57809 93 91 87 99 93 92 99 84 88 83 89 85 99 97 83 99 93 92 99 84 88 83 89 85 7.61 -3.46 5.04 0.88 0.29 -1.35 29.19 62.83 7.74 14.60 11.50 }
{1360 57966 91 89 87 97 96 89 96 81 91 86 86 88 80 84 92 96 90 99 89 88 89 92 92 98 -6.15 -0.42 -0.23 0.48 -0.43 -1.83 29.09 62.56 7.27 12.84 11.45 }
{1364 58123 87 85 91 93 92 88 92 85 93 87 85 92 81 82 96 89 85 88 85 88 93 87 85 94 -0.79 -2.12 -6.18 0.71 0.81 -1.74 29.14 62.66 6.24 11.26 10.33 }
{1368 58277 83 82 95 89 88 88 88 88 93 87 85 94 81 82 96 89 85 88 85 88 93 87 85 94 1.03 -2.15 -18.67 1.65 0.84 -1.33 29.09 62.43 12.94 10.12 9.91 }
{1372 58435 85 85 93 92 90 91 90 85 90 88 84 97 95 90 83 99 98 99 99 85 83 88 84 97 3.39 -1.60 2.14 1.14 0.31 -1.47 29.24 62.16 11.81 8.90 9.61 }
{1376 58586 89 89 89 96 94 95 94 85 86 88 84 97 91 82 98 97 84 82 96 95 93 90 92 90 13.39 -3.40 14.79 0.93 0.69 -1.40 29.19 62.75 11.52 7.61 10.35 }
{1380 58742 91 85 93 97 90 91 96 89 90 90 88 93 91 82 98 97 84 82 96 95 93 90 92 90 4.42 2.39 2.09 0.22 0.59 -1.80 29.09 62.12 11.07 6.51 10.98 }
{1384 58897 93 85 93 95 90 87 94 89 90 92 88 89 93 93 88 88 93 82 91 80 85 95 81 84 -1.26 0.85 -5.91 0.86 0.60 -1.37 29.05 62.56 10.33 5.86 11.46 }
{1388 59051 93 89 89 91 93 83 91 85 86 95 84 85 93 93 88 88 93 82 91 80 85 95 81 84 1.88 -3.70 -1.31 1.03 0.24 -1.46 29.09 62.77 9.62 4.92 11.47 }
{1392 59205 90 88 88 87 90 85 94 83 82 92 84 87 87 88 88 85 88 98 94 83 81 92 84 95 2.60 1.41 -1.77 0.98 0.81 -1.45 29.14 61.63 9.12 17.12 11.59 }
{1396 59357 87 88 88 85 88 89 94 83 81 92 84 91 87 88 88 85 88 98 94 83 81 92 84 95 11.47 6.98 0.66 1.20 0.90 -0.33 29.14 62.10 8.28 15.27 10.53 }
{1400 59510 87 88 88 85 88 93 94 83 81 92 84 95 87 88 88 85 88 98 94 83 81 92 84 95 1.04 -0.86 -0.64 0.98 0.49 -1.35 29.14 61.90 7.87 13.75 10.64 }
{1404 59668 90 85 91 87 91 91 91 86 83 95 87 92 96 84 98 87 95 87 83 96 83 96 97 86 -2.10 2.34 -3.43 0.51 0.47 -1.09 29.24 61.07 7.69 12.34 11.19 }
{1408 59822 94 84 95 87 95 87 87 90 83 96 91 88 96 84 98 87 95 87 83 96 83 96 97 86 -1.10 -9.78 4.08 0.24 0.42 -2.07 29.24 62.25 13.59 10.72 11.46 }
{1412 59977 96 84 98 87 95 87 83 94 83 96 95 86 97 82 96 83 81 81 94 88 84 95 87 83 2.87 0.05 -1.40 0.60 -0.10 -1.56 29.14 62.65 12.67 9.71 12.03 }
{1416 60133 97 82 96 83 91 83 87 90 84 95 91 83 97 82 96 83 81 81 94 88 84 95 87 83 1.18 -1.90 -3.82 0.59 0.55 -1.67 29.24 62.30 11.87 8.54 12.28 }
{1420 60286 97 82 96 83 87 81 91 88 84 95 87 83 97 82 96 83 81 81 94 88 84 95 87 83 1.24 1.04 5.66 0.38 0.87 -1.35 29.14 61.71 10.94 7.50 12.89 }
{1424 60442 94 85 96 86 89 84 90 85 87 92 89 86 85 93 96 98 91 87 90 80 92 86 89 87 0.74 0.34 -0.55 0.28 0.65 -1.36 29.19 62.99 9.91 6.33 12.96 }
{1428 60594 90 89 96 90 91 87 90 81 91 88 89 87 85 93 96 98 91 87 90 80 92 86 89 87 3.56 1.90 1.77 0.37 0.20 -1.48 29.14 63.50 8.98 19.31 13.09 }
{1432 60745 86 93 96 94 91 87 90 80 92 86 89 87 85 93 96 98 91 87 90 80 92 86 89 87 0.89 -4.28 -2.61 0.12 0.53 -0.52 29.14 62.66 15.04 24.33 12.70 }
{1436 60904 88 90 98 92 88 90 87 83 95 89 86 90 97 85 98 86 85 97 85 87 99 91 81 99 1.76 -0.82 -2.49 0.71 0.61 -1.40 29.19 62.28 14.11 22.10 12.86 }
{1440 61059 92 86 98 88 85 94 85 87 99 91 82 94 97 85 98 86 85 97 85 87 99 91 81 99 9.94 7.53 -3.11 1.72 1.08 -0.53 29.24 62.59 13.40 20.18 12.22 }
{1444 61212 96 85 98 86 85 97 85 87 99 91 81 98 97 85 98 86 85 97 85 87 99 91 81 99 4.72 0.63 -0.87 1.21 0.70 -1.49 29.14 62.63 13.10 18.52 13.48 }
{1448 61370 94 85 95 89 84 94 88 84 96 88 84 96 85 85 94 93 84 83 89 81 92 80 93 89 6.25 1.53 -1.91 0.37 1.06 -0.74 29.14 62.68 12.50 23.80 13.49 }
{1452 61523 90 85 94 93 84 90 89 81 92 84 88 92 85 85 94 93 84 83 89 81 92 80 93 89 -1.84 -1.00 -0.29 0.71 0.59 -0.87 29.19 62.66 11.57 21.97 15.47 }
{1456 61680 86 85 94 93 84 86 89 81 92 80 92 89 85 85 94 93 84 83 89 81 92 80 93 89 2.69 0.49 -1.65 0.80 0.56 -0.94 29.09 62.14 10.49 19.60 14.88 }
{1460 61837 82 88 94 90 87 88 86 84 89 83 90 86 80 99 94 80 96 89 84 98 88 86 86 82 1.32 0.98 -5.56 0.77 0.64 -1.07 29.24 61.96 9.69 17.83 14.91 }
{1464 61989 80 92 94 86 91 89 84 88 88 86 86 82 80 99 94 80 96 89 84 98 88 86 86 82 -0.33 -5.87 -15.30 1.00 0.78 -0.55 29.24 62.79 8.72 16.14 13.75 }
{1468 62145 80 96 94 82 95 89 84 92 88 86 86 82 80 99 94 80 96 89 84 98 88 86 86 82 -0.21 -2.21 -5.65 1.11 0.86 -1.59 29.19 63.24 15.47 15.00 13.89 }
{1472 62305 83 94 91 84 93 86 87 96 91 85 83 81 98 81 87 95 87 81 89 98 95 85 81 81 4.40 -0.61 4.11 0.68 1.19 -1.62 29.14 60.24 15.06 13.96 14.25 }
{1476 62458 87 90 87 88 89 82 89 98 95 85 81 81 98 81 87 95 87 81 89 98 95 85 81 81 2.42 3.26 6.38 1.06 0.71 -1.32 29.14 61.67 14.64 19.89 17.24 }
{1480 62611 91 86 87 92 87 81 89 98 95 85 81 81 98 81 87 95 87 81 89 98 95 85 81 81 1.78 -3.09 5.63 0.69 0.60 -1.97 29.05 62.03 13.77 17.87 18.40 }
{1484 62769 92 88 90 90 90 84 92 95 92 88 84 84 92 99 94 83 94 91 96 84 83 94 93 91 1.32 -0.24 3.16 0.71 0.83 -1.31 29.19 61.80 12.63 15.93 18.93 }
{1488 62923 89 92 88 92 92 88 95 91 93 86 82 88 88 99 85 92 92 92 95 89 93 83 80 89 -3.64 -2.22 -1.86 0.18 1.08 -1.43 29.09 59.99 11.66 21.30 20.04 }
{1492 63078 88 96 85 92 92 92 95 89 93 83 80 89 88 99 85 92 92 92 95 89 93 83 80 89 0.08 -2.42 -0.84 0.97 0.49 -1.69 29.09 62.59 17.26 19.09 19.69 }
{1496 63237 85 94 88 89 89 89 92 87 90 80 83 86 84 89 91 89 83 88 85 87 80 80 89 83 -1.31 2.01 -2.81 1.01 0.75 -1.80 29.09 61.85 15.83 17.83 19.66 }
{1500 63390 84 90 91 89 85 88 88 87 86 80 87 83 84 89 91 89 83 88 85 87 80 80 89 83 8.52 0.98 -3.36 0.55 1.56 -0.36 29.19 62.18 28.19 30.55 18.20 }
{1504 63545 84 89 91 89 83 88 85 87 82 80 89 83 84 89 91 89 83 88 85 87 80 80 89 83 0.94 -0.97 -5.69 1.06 0.63 -1.43 29.24 61.52 26.36 27.96 18.49 }
{1508 63704 86 86 88 86 82 91 88 84 84 83 92 83 86 85 80 85 82 94 91 83 93 83 98 83 2.57 0.28 -1.40 1.05 0.83 -1.40 29.19 61.49 24.51 25.51 18.72 }
{1512 63858 89 88 89 88 85 92 89 80 88 85 91 86 91 97 89 97 89 92 89 80 91 85 91 93 4.49 0.78 8.20 0.42 -0.84 -0.98 29.19 61.81 23.62 35.74 18.85 }
{1516 64011 91 92 89 92 89 92 89 80 91 85 91 90 91 97 89 97 89 92 89 80 91 85 91 93 0.65 -0.64 5.19 0.89 0.21 -1.61 29.14 61.43 21.40 32.22 19.14 }
{1520 64168 90 90 86 90 86 89 92 83 94 88 92 88 90 84 83 88 82 80 96 85 97 92 92 80 -0.39 -4.01 -5.48 0.44 1.00 -1.68 29.05 61.00 19.10 29.82 19.52 }
{1524 64323 90 86 83 88 82 85 96 85 97 92 92 84 90 84 83 88 82 80 96 85 97 92 92 80 4.97 3.39 0.00 0.87 1.02 -0.90 29.09 61.47 24.57 27.05 19.55 }
{1528 64477 90 84 83 88 82 81 96 85 97 92 92 80 90 84 83 88 82 80 96 85 97 92 92 80 -2.47 -2.22 -4.82 0.46 1.07 -1.98 29.14 62.30 23.18 24.59 20.12 }
{1532 64635 88 82 85 90 84 82 94 83 98 90 90 82 80 81 98 95 99 83 83 81 98 82 87 92 1.50 -0.61 -0.81 0.68 0.85 -1.10 29.19 62.57 21.40 22.25 20.43 }
{1536 64793 84 84 89 90 88 85 90 83 95 92 90 86 84 90 93 90 88 85 80 97 85 97 99 99 -1.03 -1.83 -10.06 -0.05 0.37 -1.42 29.19 62.81 19.65 27.25 20.22 }
{1540 64950 84 88 93 90 88 85 86 87 91 96 94 90 84 90 93 90 88 85 80 97 85 97 99 99 0.92 -3.51 -4.93 0.62 0.50 -1.64 29.14 62.05 17.68 24.61 19.49 }
{1544 65107 83 87 96 89 91 88 88 91 93 94 95 94 83 87 99 89 97 89 99 98 98 85 95 97 -1.48 -2.86 -2.93 0.59 0.11 -1.53 29.24 62.43 23.11 22.12 19.51 }
{1548 65264 86 84 95 86 92 92 86 95 97 91 92 92 89 84 95 86 92 96 80 98 99 91 84 85 -0.55 -0.82 -6.05 0.90 0.65 -1.37 29.19 62.99 21.56 19.93 20.02 }
{1552 65420 89 84 95 86 92 96 82 98 99 91 88 88 89 84 95 86 92 96 80 98 99 91 84 85 9.18 3.33 8.58 1.31 0.79 -1.23 29.19 61.81 20.15 17.94 19.75 }
{1556 65575 92 87 94 89 89 93 84 95 96 94 90 90 97 98 94 95 88 81 88 85 92 95 91 90 4.39 -1.32 0.58 1.06 0.64 -1.38 29.19 60.66 19.10 16.17 20.54 }
{1560 65729 96 91 94 93 88 89 88 91 92 95 91 90 97 98 94 95 88 81 88 85 92 95 91 90 7.45 -2.18 14.61 0.06 0.61 -1.43 29.09 61.69 18.19 21.60 21.83 }
{1564 65887 94 90 91 91 85 85 91 87 89 92 88 88 82 90 82 90 81 80 95 80 84 86 85 88 0.90 -0.74 13.28 -0.01 0.41 -0.76 29.19 62.28 16.10 33.46 21.26 }
{1568 66043 90 89 93 87 87 84 89 83 85 94 84 87 84 89 93 84 96 84 81 81 85 98 83 87 -0.09 -1.69 -7.83 1.12 1.15 -2.03 29.19 62.28 14.80 30.93 20.79 }
{1572 66198 86 89 93 84 91 84 85 81 85 98 83 87 84 89 93 84 96 84 81 81 85 98 83 87 1.55 -0.35 -9.51 1.03 1.04 -2.12 29.19 62.32 13.57 27.94 20.54 }
{1576 66354 84 89 93 84 95 84 81 81 85 98 83 87 84 89 93 84 96 84 81 81 85 98 83 87 -0.76 -1.98 -14.32 0.52 0.21 -1.83 29.14 62.99 20.01 32.54 22.01 }
{1580 66514 86 91 91 83 98 86 80 83 87 96 85 89 93 95 91 83 98 97 80 96 89 81 99 90 2.61 -0.53 -2.90 0.65 0.60 -1.59 29.24 62.99 18.86 29.74 22.23 }
{1584 66670 90 89 91 86 95 90 80 87 91 96 84 93 95 88 91 87 81 93 80 88 95 96 84 93 3.38 0.17 -5.62 0.80 0.22 -1.31 29.19 61.11 18.82 27.28 22.55 }
{1588 66823 94 88 91 87 91 93 80 88 95 96 84 93 95 88 91 87 81 93 80 88 95 96 84 93 10.74 3.65 2.35 0.91 0.58 -1.01 29.24 61.51 18.22 25.21 22.90 }
{1592 66980 92 91 94 90 87 90 83 91 92 93 87 90 87 95 99 93 86 85 91 98 89 90 89 87 2.84 0.78 5.83 1.41 0.98 -1.28 29.09 59.99 16.53 29.55 22.26 }
{1596 67133 88 95 98 93 86 86 87 95 89 90 89 87 87 95 99 93 86 85 91 98 89 90 89 87 -0.79 0.66 8.98 -0.15 0.53 -1.07 29.09 62.43 14.63 40.78 21.74 }
{1600 67291 90 92 96 93 89 88 85 98 88 87 86 90 94 84 90 93 91 88 84 98 88 87 82 98 1.01 -3.81 1.37 0.93 0.29 -0.83 29.05 61.51 13.48 37.09 22.12 }
{1604 67443 94 88 92 93 91 88 84 98 88 87 82 94 95 97 92 97 89 90 80 91 87 81 99 80 5.16 -0.94 7.57 0.93 0.76 -1.60 29.19 61.20 12.84 40.49 22.97 }
{1608 67599 95 92 92 97 89 90 80 94 87 83 86 90 95 97 92 97 89 90 80 91 87 81 99 80 3.19 -0.59 -3.92 1.07 0.15 -1.88 29.28 61.09 12.14 37.34 23.60 }
{1612 67757 97 96 89 94 86 93 83 96 90 85 90 92 97 96 85 91 84 95 95 99 99 89 99 92 3.36 -2.42 0.40 0.86 0.65 -1.04 29.19 60.84 10.76 33.88 23.26 }
{1616 67911 94 93 85 90 82 91 87 94 93 89 88 89 90 86 82 82 81 80 94 87 93 97 81 85 2.31 1.33 7.70 0.65 0.97 -1.20 29.19 60.85 9.75 30.96 24.62 }
{1620 68064 92 91 83 86 82 87 90 92 92 93 86 87 94 92 88 85 98 82 90 99 90 97 92 96 1.55 1.23 3.21 0.91 1.59 -2.00 29.19 61.78 15.67 35.49 24.53 }
{1624 68216 94 92 87 85 86 83 90 96 90 97 90 91 94 92 88 85 98 82 90 99 90 97 92 96 0.83 -3.87 -1.91 0.97 0.30 -1.42 29.09 61.90 14.76 32.49 25.23 }
{1628 68374 91 90 91 88 90 85 93 94 90 94 88 95 88 90 93 99 97 92 94 93 90 91 85 98 -6.94 -2.06 -1.63 0.31 0.48 -1.30 29.14 62.01 27.86 30.04 26.48 }
{1632 68529 88 90 93 92 94 89 94 93 90 91 85 98 88 90 93 99 97 92 94 93 90 91 85 98 3.93 1.94 -1.13 1.10 0.62 -0.85 29.19 63.04 32.86 27.35 27.99 }
{1636 68685 89 91 92 94 96 93 93 94 91 90 86 97 93 94 84 87 82 94 89 99 94 87 95 88 5.01 -0.76 12.70 0.77 0.58 -1.30 29.19 61.52 30.02 24.72 26.86 }
{1640 68842 93 89 88 93 92 91 95 92 89 86 84 97 93 87 80 93 90 83 96 88 86 80 82 97 -2.13 -6.09 0.76 0.79 0.78 -0.87 29.09 61.42 27.94 22.07 26.55 }
{1644 68998 91 91 90 90 94 93 93 91 91 87 80 94 91 96 97 81 98 95 88 91 93 87 80 92 1.93 -0.64 -3.14 1.32 0.74 -1.54 29.19 61.85 25.74 20.20 27.14 }
{1648 69154 92 91 93 88 94 97 93 90 91 86 82 90 92 89 93 88 83 98 97 90 88 86 83 85 0.97 -1.44 -6.66 0.25 0.19 -1.01 29.19 63.15 31.24 18.13 26.21 }
{1652 69308 92 89 93 88 90 98 97 90 88 86 83 86 92 89 93 88 83 98 97 90 88 86 83 85 6.31 -1.29 8.23 0.75 0.66 -1.35 29.14 62.12 29.07 16.29 26.94 }
{1656 69465 91 86 90 91 86 95 97 87 86 89 83 82 91 86 83 98 84 87 97 82 86 91 83 80 7.82 1.29 2.79 0.65 0.48 -0.83 29.24 61.89 27.15 14.44 26.69 }
{1660 69617 91 86 86 95 84 91 97 83 86 91 83 80 91 86 83 98 84 87 97 82 86 91 83 80 1.23 -3.86 -2.41 0.37 0.11 -1.82 29.19 61.80 26.25 11.79 27.34 }
{1664 69773 91 86 83 98 84 87 97 82 86 91 83 80 91 86 83 98 84 87 97 82 86 91 83 80 3.84 -1.75 5.45 0.47 0.26 -0.49 29.14 61.74 23.79 9.98 27.07 }
{1668 69928 88 89 85 95 82 90 94 85 85 88 86 83 84 91 85 89 82 96 88 90 85 82 93 85 1.99 -0.97 -1.65 0.88 0.69 -1.12 29.14 62.01 22.09 8.75 27.30 }
{1672 70082 84 91 85 91 82 94 90 89 85 84 90 85 84 91 85 89 82 96 88 90 85 82 93 85 -8.06 -1.63 -10.46 1.41 -0.15 -0.74 29.19 61.69 20.19 7.55 26.48 }
{1676 70242 87 92 88 87 85 97 86 87 86 86 88 88 95 92 88 86 88 97 82 83 86 96 81 99 -7.00 -1.26 -12.55 1.01 0.10 -0.95 29.19 62.03 18.55 6.60 26.58 }
{1680 70398 87 90 90 88 89 95 84 87 85 90 88 88 82 90 97 88 91 83 84 92 85 98 92 87 6.10 -2.85 -1.30 0.48 -0.04 -0.99 29.19 61.90 16.88 12.35 25.95 }
{1684 70554 83 90 94 88 91 91 84 91 85 94 92 87 82 90 97 88 91 83 84 92 85 98 92 87 -0.12 -1.78 -3.45 1.07 0.16 -0.61 29.19 61.69 15.65 11.00 25.92 }
{1688 70715 84 89 94 87 92 88 87 92 88 92 93 84 84 91 98 99 83 88 87 92 93 88 81 81 -6.99 -5.98 1.36 1.64 -0.32 -2.33 29.14 62.47 14.01 9.97 25.59 }
{1692 70867 84 91 98 91 88 88 87 92 92 88 89 81 84 91 98 99 83 88 87 92 93 88 81 81 -4.18 0.91 0.50 0.95 0.74 -1.08 29.19 62.63 12.98 8.78 25.83 }
{1696 71020 84 91 98 95 84 88 87 92 93 88 85 81 84 91 98 99 83 88 87 92 93 88 81 81 3.53 -0.54 2.17 0.66 0.76 -1.12 29.19 62.25 11.97 7.92 25.41 }
{1700 71176 85 90 97 97 84 87 88 93 92 89 81 82 89 90 81 96 93 87 94 98 89 95 80 87 2.43 0.11 6.44 0.47 0.16 -1.17 29.19 62.39 11.16 6.82 25.83 }
{1704 71328 89 90 93 96 88 87 92 97 89 93 80 86 89 90 81 96 93 87 94 98 89 95 80 87 8.87 -1.64 8.08 0.98 0.75 -2.00 29.09 61.80 10.64 5.75 26.49 }
{1708 71484 92 88 89 93 87 86 96 95 86 91 83 90 95 88 86 84 87 86 98 87 82 91 99 97 5.26 1.84 14.40 0.43 1.24 -2.05 29.14 62.41 16.77 18.56 28.42 }
{1712 71639 90 85 91 89 84 83 94 91 88 88 82 88 80 96 82 84 90 81 87 80 88 95 85 87 -1.05 -1.09 -3.92 0.49 1.13 -1.59 29.19 61.49 15.50 16.82 29.12 }
{1716 71794 86 89 87 85 88 81 90 87 88 92 85 87 80 96 82 84 90 81 87 80 88 95 85 87 -2.67 -0.59 -11.04 0.98 0.57 -1.55 29.19 62.54 20.93 21.85 27.79 }
{1720 71952 82 93 83 84 90 81 87 83 88 95 85 87 80 96 82 84 90 81 87 80 88 95 85 87 -2.97 -4.42 -7.53 0.89 0.57 -1.55 29.24 61.72 25.90 26.26 27.73 }
{1724 72111 81 93 84 86 92 83 85 82 86 93 87 85 81 85 99 99 97 90 83 82 82 83 99 84 -0.13 0.69 -2.06 0.21 0.64 -1.72 29.14 62.16 24.08 44.85 26.73 }
{1728 72265 81 89 88 90 96 87 83 82 82 89 91 84 81 85 99 99 97 90 83 82 82 83 99 84 1.26 -0.42 -5.16 0.46 0.31 -0.98 29.19 61.04 22.46 40.97 26.93 }
{1732 72423 84 91 87 88 94 91 86 85 85 88 89 87 84 92 87 84 84 96 94 87 88 88 84 87 9.52 0.46 7.63 -0.14 1.08 -1.09 29.09 60.62 20.28 44.14 25.52 }
{1736 72576 84 92 87 84 90 95 90 87 88 88 85 87 84 92 87 84 84 96 94 87 88 88 84 87 2.46 3.23 0.86 1.00 1.02 -1.16 29.14 62.19 19.35 40.34 25.73 }
{1740 72731 87 95 90 85 86 94 88 90 85 90 84 90 92 96 97 85 84 94 88 93 83 90 84 90 5.00 -3.28 1.22 1.44 0.68 -1.41 29.14 61.07 18.07 37.16 25.93 }
{1744 72884 91 96 94 85 84 94 88 93 83 90 84 90 92 96 97 85 84 94 88 93 83 90 84 90 2.65 0.74 -3.11 0.64 0.55 -0.99 29.14 61.02 17.14 34.15 26.38 }
{1748 73038 92 96 97 85 84 94 88 93 83 90 84 90 92 96 97 85 84 94 88 93 83 90 84 90 2.77 0.01 0.08 0.43 0.20 -1.32 29.24 61.11 16.06 31.00 26.27 }
{1752 73197 89 93 98 84 85 91 89 90 82 89 81 87 87 82 90 84 83 80 84 88 87 81 80 82 0.16 -0.70 -1.66 0.56 0.32 -1.03 29.19 61.71 14.94 28.22 26.36 }
{1756 73352 85 89 94 86 85 91 87 89 86 85 82 87 85 89 83 95 88 98 87 89 94 81 97 97 -0.96 -1.09 -2.69 0.71 0.24 -1.16 29.24 60.49 13.75 25.61 25.94 }
{1760 73506 85 89 90 90 88 95 87 89 90 81 86 91 85 89 83 95 88 98 87 89 94 81 97 97 2.78 -0.54 0.61 1.49 0.64 -1.71 29.28 61.52 12.77 23.16 26.27 }
{1764 73661 85 89 86 94 88 98 87 89 94 81 90 95 85 89 83 95 88 98 87 89 94 81 97 97 4.14 0.27 7.71 1.10 0.14 -1.87 29.09 60.89 11.80 21.28 26.39 }
{1768 73817 87 91 82 93 86 96 89 87 92 83 90 95 89 92 82 83 82 81 92 87 87 88 87 93 0.00 -1.34 3.44 1.30 0.80 -1.45 29.09 62.30 10.97 19.50 26.30 }
{1772 73970 89 92 82 89 82 92 92 87 88 87 87 93 89 92 82 83 82 81 92 87 87 88 87 93 2.13 -1.69 4.57 0.46 0.73 -1.41 29.24 61.22 10.46 17.70 27.45 }
{1776 74127 86 89 85 87 85 88 90 90 84 85 90 96 81 83 92 87 90 85 90 99 83 85 94 97 -8.21 0.13 -10.03 0.52 0.68 -1.66 29.19 61.72 9.18 23.12 27.08 }
{1780 74281 82 85 89 87 89 85 90 94 83 85 94 97 81 83 92 87 90 85 90 99 83 85 94 97 -5.14 -2.38 -3.08 0.82 -0.08 -1.51 29.19 60.37 8.37 27.51 26.68 }
{1784 74440 84 81 93 90 93 88 87 93 86 88 91 98 93 80 94 91 97 99 85 93 92 99 89 98 0.95 -3.43 -3.42 0.54 0.53 -1.53 29.24 60.51 7.66 24.80 26.87 }
{1788 74595 88 83 97 90 91 88 86 92 90 92 93 95 98 89 97 90 88 88 86 92 92 97 93 91 1.90 -0.02 -2.14 1.03 0.41 -1.75 29.19 60.58 15.10 22.71 27.61 }
{1792 74752 91 87 94 87 87 85 89 95 94 90 94 91 91 87 88 83 81 82 97 98 98 86 94 83 3.81 -1.41 -0.26 0.88 1.04 -1.55 29.09 62.16 14.40 20.81 28.57 }
{1796 74906 91 87 90 83 83 82 93 98 98 86 94 87 91 87 88 83 81 82 97 98 98 86 94 83 4.86 3.64 1.04 1.42 1.19 -0.54 29.14 62.05 20.59 32.65 28.51 }
{1800 75059 91 87 88 83 81 82 97 98 98 86 94 83 91 87 88 83 81 82 97 98 98 86 94 83 4.65 1.52 -1.59 0.38 0.13 -1.32 28.95 61.47 18.78 37.25 31.29 }
{1804 75216 90 84 91 86 84 85 94 95 95 88 95 86 90 84 93 87 92 89 87 82 84 88 95 90 0.49 0.57 0.44 0.61 0.66 -0.89 29.14 61.42 17.25 33.76 31.20 }
{1808 75368 90 84 93 87 88 89 90 91 91 88 95 90 90 84 93 87 92 89 87 82 84 88 95 90 -2.18 -3.11 -4.46 0.03 0.39 -1.34 29.19 61.34 22.12 37.81 30.52 }
{1812 75527 93 86 90 90 92 88 91 93 91 89 92 93 94 86 90 94 95 88 91 99 91 89 81 96 -1.55 -3.17 5.08 0.61 0.48 -1.29 29.19 62.28 33.99 34.49 30.77 }
{1816 75681 94 86 90 94 95 88 91 97 91 89 88 96 94 86 90 94 95 88 91 99 91 89 81 96 -0.39 -2.27 3.77 0.44 0.43 -1.10 29.09 61.92 31.21 31.24 31.13 }
{1820 75836 94 86 90 94 95 88 91 99 91 89 84 96 94 86 90 94 95 88 91 99 91 89 81 96 1.16 -0.85 0.72 0.71 0.96 -1.35 29.14 62.21 28.76 28.44 31.23 }
{1824 75994 93 89 91 91 92 91 94 99 89 91 86 93 93 92 91 88 80 92 99 99 89 91 94 84 3.85 0.89 2.98 0.65 0.80 -1.59 29.19 61.54 26.57 25.84 31.34 }
{1828 76146 93 92 91 88 88 92 98 99 89 91 90 89 93 92 91 88 80 92 99 99 89 91 94 84 6.80 1.41 3.45 0.78 1.37 -1.43 29.19 61.78 31.76 23.46 30.95 }
{1832 76300 93 92 91 88 84 92 99 99 89 91 94 85 91 84 91 87 81 99 97 95 86 91 91 98 3.38 0.68 0.03 1.07 1.03 -1.51 29.14 61.83 29.39 21.47 30.68 }
{1836 76455 93 94 88 84 80 90 95 97 85 94 93 89 93 98 83 83 80 88 93 97 80 99 93 89 5.87 0.01 -2.09 1.53 1.02 -1.79 29.24 61.80 27.12 19.57 30.52 }
{1840 76609 93 98 84 83 80 88 93 97 81 98 93 89 93 98 83 83 80 88 93 97 80 99 93 89 -1.05 -7.17 0.29 0.93 0.99 -2.27 29.19 61.52 25.07 24.18 30.23 }
{1844 76767 96 95 86 86 81 91 90 95 83 96 96 86 98 86 95 95 81 96 90 95 88 88 97 82 -0.29 -2.04 -4.38 0.58 0.40 -1.31 29.19 60.38 22.90 22.15 30.24 }
{1848 76922 98 91 90 90 81 95 90 95 87 92 97 82 98 86 95 95 81 96 90 95 88 88 97 82 7.04 0.97 10.03 0.85 -0.21 -0.83 29.24 61.07 27.92 19.84 30.92 }
{1852 77078 98 87 94 94 81 96 90 95 88 88 97 82 98 86 95 95 81 96 90 95 88 88 97 82 1.32 -0.09 6.86 -0.11 -0.01 -0.51 29.14 62.05 25.58 24.54 30.20 }
{1856 77237 95 89 94 95 84 93 93 92 85 86 95 85 87 97 94 95 90 87 96 85 83 86 95 90 -0.74 -0.80 1.92 0.72 0.44 -1.19 29.19 62.36 23.61 22.15 30.11 }
{1860 77391 91 93 94 95 88 89 96 88 83 86 95 89 87 97 94 95 90 87 96 85 83 86 95 90 -5.86 -2.54 4.18 -0.07 0.24 -1.40 29.19 60.69 21.45 34.02 30.51 }
{1864 77550 93 91 91 92 89 85 93 90 86 83 93 87 95 83 85 92 89 80 93 97 96 83 93 86 1.90 -0.76 3.48 0.17 0.95 -1.10 29.19 61.11 19.33 30.50 29.42 }
{1868 77705 96 87 93 91 86 87 90 88 90 86 96 84 96 82 98 91 86 94 89 82 96 89 96 84 2.25 2.65 -6.09 1.07 -0.32 -1.97 29.19 62.25 25.54 34.67 29.98 }
{1872 77858 96 83 97 91 86 91 89 84 94 89 96 84 96 82 98 91 86 94 89 82 96 89 96 84 3.09 0.71 -4.23 0.07 0.60 -1.31 29.09 62.34 23.71 38.42 30.14 }
{1876 78016 93 85 95 88 84 89 92 86 95 87 93 87 85 98 83 83 84 86 95 90 95 87 83 92 6.52 2.40 -1.91 0.32 1.28 -0.53 29.19 61.36 28.99 42.04 28.98 }
{1880 78170 89 89 91 84 84 86 95 90 95 87 89 91 85 98 83 83 84 86 95 90 95 87 83 92 -3.17 0.62 -6.70 1.15 1.38 -1.75 29.14 62.12 34.30 45.68 30.23 }
{1884 78324 85 93 87 83 84 86 95 90 95 87 85 92 85 98 83 83 84 86 95 90 95 87 83 92 0.42 -0.16 -1.71 1.12 1.37 -1.65 29.14 62.01 45.99 42.01 31.05 }
{1888 78483 84 91 89 86 87 89 92 87 98 90 82 91 84 87 96 97 91 90 83 80 99 90 82 91 -1.25 -1.25 -6.09 0.50 0.66 -1.29 29.19 61.67 42.33 38.37 30.99 }
{1892 78638 84 87 93 90 91 90 88 83 99 90 82 91 84 87 96 97 91 90 83 80 99 90 82 91 1.67 0.28 2.34 -0.59 0.76 -1.06 29.14 62.19 38.92 42.50 31.68 }
{1896 78792 84 87 96 94 91 90 84 80 99 90 82 91 84 87 96 97 91 90 83 80 99 90 82 91 6.37 1.84 4.57 0.67 -0.09 -0.87 29.14 62.59 42.40 52.49 30.21 }
{1900 78950 82 84 93 94 94 87 86 83 96 93 85 88 82 80 89 94 98 86 97 99 90 99 98 83 -2.77 -4.07 1.47 1.00 0.48 -2.17 29.19 62.18 39.21 47.81 30.18 }
{1904 79106 85 81 89 91 92 83 89 87 92 91 89 90 96 81 86 88 80 81 89 91 87 84 96 96 4.03 -0.45 3.13 0.66 1.61 -1.61 29.14 62.66 44.21 43.81 30.86 }
{1908 79259 89 81 86 88 88 81 89 91 88 87 93 94 96 81 86 88 80 81 89 91 87 84 96 96 2.07 -0.41 0.67 0.86 1.37 -2.26 29.19 62.75 54.65 40.01 30.62 }
{1912 79414 93 81 86 88 84 81 89 91 87 84 96 96 96 96 82 99 99 99 87 86 80 86 91 96 6.08 0.48 4.78 0.59 0.85 -1.12 29.09 61.87 50.20 36.69 31.23 }
{1916 79568 96 85 82 92 88 85 87 87 83 86 92 96 96 96 82 99 99 99 87 86 80 86 91 96 5.55 -1.64 6.06 0.59 0.85 -1.52 29.14 61.69 46.33 33.43 31.60 }
{1920 79724 93 89 85 90 90 84 90 87 85 86 94 93 86 90 93 81 90 84 98 87 94 86 97 89 -1.45 -1.22 -3.10 0.64 0.04 -1.15 29.14 60.98 56.94 44.41 31.54 }
{1924 79880 89 90 89 86 90 84 94 87 89 86 97 89 86 90 93 81 90 84 98 87 94 86 97 89 -4.74 2.57 -5.83 0.31 -0.00 -0.52 29.19 61.98 52.77 40.47 32.33 }
{1928 80038 87 89 91 84 89 85 96 86 91 87 96 90 87 88 80 84 80 88 90 83 83 91 83 96 0.45 1.32 1.16 0.24 1.16 -1.28 29.19 62.72 48.79 36.94 32.51 }
{1932 80191 87 88 87 84 85 88 92 83 87 91 92 94 87 88 80 84 80 88 90 83 83 91 83 96 3.93 -1.32 -0.85 0.59 0.64 -1.80 29.24 61.60 44.97 33.62 32.33 }
{1936 80349 90 89 89 82 81 91 94 86 84 90 88 93 92 89 92 82 81 95 95 91 84 90 86 93 5.15 2.23 -0.17 0.50 1.01 -0.82 29.14 61.29 41.20 30.63 31.97 }
{1940 80501 92 89 92 82 81 95 95 90 84 90 86 93 92 89 92 82 81 95 95 91 84 90 86 93 4.43 -0.48 0.64 0.81 0.26 -1.06 29.19 61.90 44.56 34.27 31.52 }
{1944 80658 89 92 95 83 84 92 92 89 87 87 89 90 86 93 99 83 86 88 81 89 99 81 95 83 -3.57 1.47 -4.11 0.25 0.48 -0.86 29.09 62.47 41.34 31.21 31.64 }
{1948 80813 86 93 99 83 86 88 88 89 91 83 93 86 86 93 99 83 86 88 81 89 99 81 95 83 -3.31 -2.50 -1.66 0.92 0.03 -1.43 29.14 61.89 44.77 42.03 31.18 }
{1952 80969 86 93 99 83 86 88 84 89 95 81 95 83 86 93 99 83 86 88 81 89 99 81 95 83 4.32 1.07 -5.66 0.79 0.30 -0.81 29.24 61.09 41.21 38.29 30.88 }
{1956 81127 89 90 96 86 83 85 86 86 93 82 92 86 92 88 81 89 81 83 93 80 93 82 86 90 1.96 -1.15 5.95 0.57 0.92 -1.42 29.14 62.01 38.10 35.02 31.04 }
{1960 81280 92 88 92 89 81 83 90 82 93 82 88 90 92 88 81 89 81 83 93 80 93 82 86 90 0.29 -1.86 14.17 0.65 1.13 -1.70 29.05 61.87 42.39 31.90 31.85 }
{1964 81437 92 86 92 86 82 86 90 84 90 85 90 92 92 86 92 84 82 86 90 99 82 94 95 92 3.59 -0.36 2.23 0.83 1.03 -1.17 29.09 62.50 39.13 29.13 31.86 }
{1968 81591 92 86 92 84 82 86 90 88 86 89 94 92 92 86 92 84 82 86 90 99 82 94 95 92 2.37 -1.20 0.11 0.60 0.72 -1.31 29.19 61.83 35.98 26.42 31.90 }
{1972 81747 94 89 89 87 85 89 87 92 86 93 92 95 94 89 83 87 87 95 84 93 86 94 84 98 4.75 -0.13 0.46 0.64 0.54 -1.62 29.19 60.85 33.51 24.05 32.47 }
{1976 81902 91 90 85 90 89 89 85 90 89 91 94 97 86 90 82 92 94 89 85 87 92 80 96 97 0.42 -3.92 -4.69 1.13 0.82 -1.55 29.09 61.18 38.08 28.78 33.25 }
{1980 82057 87 90 82 92 93 89 85 87 92 87 96 97 86 90 82 92 94 89 85 87 92 80 96 97 5.06 -3.75 -1.56 1.19 0.82 0.21 29.19 62.05 42.23 33.58 33.58 }
{1984 82210 86 90 82 92 94 89 85 87 92 83 96 97 86 90 82 92 94 89 85 87 92 80 96 97 4.26 1.53 3.31 0.73 0.57 -1.30 29.14 62.07 38.59 30.66 32.88 }
{1988 82364 86 90 82 92 94 89 85 87 92 80 96 97 80 86 80 83 81 94 95 97 82 92 91 88 1.84 0.14 -0.81 0.61 0.69 -1.26 29.19 62.09 35.61 27.90 32.93 }
{1992 82521 82 86 80 88 90 93 89 91 88 84 92 93 80 86 80 83 81 94 95 97 82 92 91 88 2.58 0.30 -1.77 0.94 0.69 -1.42 29.14 63.06 32.92 25.45 33.05 }
{1996 82675 80 86 80 84 86 94 93 95 84 88 91 89 80 86 80 83 81 94 95 97 82 92 91 88 8.52 4.65 -10.23 0.67 0.99 -0.49 29.14 60.93 30.12 23.08 32.47 }
{2000 82832 81 87 81 84 84 93 94 96 81 92 92 89 97 98 92 97 86 86 92 84 80 99 95 95 6.00 0.59 -0.05 1.04 1.48 -1.35 29.19 61.02 35.41 21.15 32.50 }
{2004 82987 85 91 85 88 86 89 92 92 80 96 95 93 97 98 92 97 86 86 92 84 80 99 95 95 4.07 1.01 -4.11 0.36 0.24 -0.86 29.19 60.98 33.05 26.10 32.49 }
{2008 83141 89 95 89 92 86 86 92 88 80 99 95 95 97 98 92 97 86 86 92 84 80 99 95 95 -1.69 -4.91 5.34 0.07 -0.33 -0.88 29.14 61.51 31.28 30.72 33.49 }
{2012 83300 87 93 88 90 89 85 89 90 83 96 92 92 81 83 88 84 98 85 84 95 86 86 80 83 0.00 -0.74 -5.34 0.92 0.14 -1.21 29.09 61.96 29.08 27.64 33.38 }
{2016 83454 83 89 88 86 93 85 85 94 86 92 88 88 81 83 88 84 98 85 84 95 86 86 80 83 1.53 -0.38 -2.73 1.37 0.59 -1.72 29.14 61.52 32.79 32.29 33.19 }
{2020 83612 82 87 87 85 97 86 85 96 87 88 86 86 90 99 80 97 99 98 97 97 90 81 91 91 -7.64 -2.76 1.41 1.16 0.83 -1.71 29.14 61.52 30.18 29.82 33.31 }
{2024 83768 82 91 89 89 95 90 84 94 87 90 90 90 82 99 92 96 89 96 84 88 87 93 94 97 0.71 -1.46 -5.22 0.72 0.83 -1.61 29.24 61.72 28.61 27.46 33.67 }
{2028 83922 82 95 92 93 91 94 84 90 87 93 94 94 82 99 92 96 89 96 84 88 87 93 94 97 6.66 3.12 7.04 -0.13 -0.28 -1.43 29.19 61.47 26.49 38.76 32.30 }
{2032 84079 83 97 91 96 90 95 85 87 86 94 93 96 90 96 80 96 90 92 95 82 86 94 86 89 7.88 -1.29 7.56 0.57 -0.13 -0.51 29.09 61.34 31.23 35.55 32.53 }
{2036 84236 87 93 91 99 87 97 89 89 89 91 93 96 87 87 91 99 85 99 99 91 89 83 93 96 8.81 -1.77 16.55 1.15 0.50 -1.11 29.14 61.99 28.93 32.39 32.82 }
{2040 84389 87 89 91 99 85 99 93 91 89 87 93 96 87 87 91 99 85 99 99 91 89 83 93 96 0.75 -1.31 1.36 0.68 1.10 -0.54 29.14 61.61 26.54 29.68 33.02 }
{2044 84544 87 87 91 99 85 99 97 91 89 83 93 96 87 87 91 99 85 99 99 91 89 83 93 96 1.13 -0.04 5.89 0.73 0.81 -1.17 29.19 61.02 24.43 26.86 33.00 }
{2048 84702 90 88 94 96 82 96 95 88 87 86 96 93 98 88 97 86 81 88 94 83 87 87 98 91 4.98 1.26 -1.76 0.78 0.95 -0.71 29.14 61.56 22.72 24.54 33.06 }
{2052 84857 90 90 92 97 84 92 91 90 90 90 94 89 90 90 83 97 89 87 83 99 94 93 86 89 -4.03 -4.68 -1.59 1.09 0.19 -1.48 29.19 60.89 20.86 22.22 32.95 }
{2056 85012 90 90 88 97 88 88 87 94 94 93 90 89 90 90 83 97 89 87 83 99 94 93 86 89 1.84 0.31 -3.79 1.41 0.27 -1.83 29.24 61.65 19.50 26.94 33.92 }
{2060 85169 91 93 90 99 86 84 89 94 91 90 87 86 91 95 96 99 86 84 96 94 84 85 87 85 2.95 0.19 1.70 1.13 0.79 -1.42 29.14 62.56 18.71 31.76 35.47 }
{2064 85321 91 95 94 99 86 84 93 94 87 86 87 85 91 95 96 99 86 84 96 94 84 85 87 85 -7.11 -2.50 1.13 0.36 0.68 -0.96 29.14 62.01 17.98 29.50 37.33 }
{2068 85476 91 95 96 99 86 84 96 94 84 85 87 85 91 95 96 99 86 84 96 94 84 85 87 85 4.14 0.68 7.10 0.79 0.53 -1.22 29.09 61.94 16.23 33.34 36.65 }
{2072 85629 91 95 96 99 86 84 96 94 84 85 87 85 80 86 88 93 92 87 90 82 85 91 89 94 1.58 -1.17 -1.33 0.70 0.68 -1.41 29.05 61.51 15.09 30.39 36.82 }
{2076 85789 87 96 98 95 90 85 92 96 87 84 91 89 80 96 99 93 98 85 88 99 87 84 93 89 -1.71 -1.08 -8.21 0.80 0.55 -1.31 29.24 61.78 13.97 27.60 36.70 }
{2080 85946 87 94 97 91 90 87 92 97 85 83 95 91 96 95 85 88 92 87 84 84 86 90 93 85 -0.65 -0.77 -8.88 0.65 0.96 -1.43 29.14 61.43 12.90 24.89 37.10 }
{2084 86102 91 95 93 88 92 87 88 93 86 87 93 87 96 95 85 88 92 87 84 84 86 90 93 85 3.16 -1.03 -4.98 1.28 1.05 -1.86 29.09 63.14 12.17 29.17 37.14 }
{2088 86259 91 93 92 90 94 89 84 93 87 87 91 87 83 83 92 91 96 92 83 96 87 85 83 99 8.69 0.66 -1.11 1.05 0.60 -1.29 29.28 62.23 11.73 33.46 37.12 }
{2092 86412 87 89 92 91 96 92 83 96 87 85 87 91 83 83 92 91 96 92 83 96 87 85 83 99 -0.56 -1.78 -5.91 0.54 0.22 -1.58 29.09 61.67 10.46 30.18 36.68 }
{2096 86568 83 85 92 91 96 92 83 96 87 85 83 95 83 83 92 91 96 92 83 96 87 85 83 99 0.94 0.34 -0.47 0.68 0.40 -1.42 29.14 61.31 9.73 27.66 36.82 }
{2100 86725 86 81 89 89 98 95 85 96 84 88 86 93 91 80 89 89 98 97 85 96 83 99 87 88 7.64 1.59 0.99 0.62 0.46 -0.91 29.14 61.42 9.18 25.12 37.09 }
{2104 86876 90 80 89 89 98 97 85 96 83 92 87 89 91 80 89 89 98 97 85 96 83 99 87 88 6.02 0.72 2.70 0.88 0.17 -1.70 29.24 61.74 9.38 23.36 37.33 }
{2108 87027 91 80 89 89 98 97 85 96 83 96 87 88 91 80 89 89 98 97 85 96 83 99 87 88 2.00 -1.95 -0.21 0.77 0.14 -1.45 29.24 61.69 8.93 21.35 37.39 }
{2112 87185 88 80 86 92 95 94 88 96 86 94 85 85 88 80 80 98 92 81 97 96 88 82 85 84 1.09 -0.30 -0.73 0.69 0.87 -1.86 29.19 61.52 8.85 19.49 38.05 }
{2116 87339 88 80 82 96 92 90 92 96 88 90 85 84 88 80 80 98 92 81 97 96 88 82 85 84 8.14 -5.32 20.86 1.27 0.93 -1.58 29.19 61.16 15.93 24.19 38.88 }
{2120 87496 89 83 84 94 95 86 90 93 85 92 88 85 89 95 85 93 95 80 89 87 81 96 90 85 3.09 -0.79 4.96 0.69 0.89 -1.68 29.19 60.11 14.28 28.71 38.34 }
{2124 87652 86 87 88 95 98 85 86 93 87 90 86 82 86 93 92 95 99 85 86 93 97 89 82 80 -1.11 -0.91 -8.35 -0.24 -0.06 -1.24 29.19 60.38 19.92 32.97 38.05 }
{2128 87809 86 91 92 95 99 85 86 93 91 89 82 80 86 93 92 95 99 85 86 93 97 89 82 80 -1.71 2.27 -7.79 0.20 -0.02 -0.60 29.09 61.69 18.17 30.13 38.45 }
{2132 87965 86 93 92 95 99 85 86 93 95 89 82 80 82 86 99 96 88 92 96 97 96 99 93 83 0.34 3.41 0.00 1.04 0.53 -1.38 29.09 61.76 16.71 27.95 38.60 }
{2136 88120 82 89 96 96 95 89 90 97 96 93 86 83 82 86 99 96 88 92 96 97 96 99 93 83 0.57 1.17 -0.18 0.50 0.53 -0.69 29.14 62.41 15.36 25.50 38.52 }
{2140 88274 82 86 99 96 91 92 94 97 96 97 90 83 82 86 99 96 88 92 96 97 96 99 93 83 14.28 9.78 0.69 -0.13 1.16 -1.46 29.14 61.42 14.26 30.45 38.30 }
{2144 88432 83 89 96 99 87 93 92 94 95 96 88 80 83 95 95 99 81 93 92 84 95 96 83 80 3.90 0.40 -3.95 1.53 0.48 -1.51 29.24 61.33 13.92 35.29 39.30 }
{2148 88588 86 87 92 96 83 96 89 96 92 93 85 83 97 83 85 82 81 97 82 98 83 82 85 94 10.69 4.89 -1.68 1.58 0.13 0.00 29.24 60.18 12.83 32.17 39.02 }
{2152 88742 88 85 88 94 82 96 87 97 89 91 86 87 83 99 83 94 86 92 93 97 89 94 87 88 -2.10 -9.12 0.46 1.11 0.61 -1.47 29.14 61.61 11.84 29.30 39.16 }
{2156 88898 90 89 90 92 86 92 90 94 86 94 87 91 90 92 94 92 88 81 90 81 84 94 87 94 0.26 -4.51 6.96 0.54 0.63 -1.69 29.14 60.37 11.14 26.66 39.56 }
{2160 89051 90 92 94 92 88 88 90 90 84 94 87 94 90 92 94 92 88 81 90 81 84 94 87 94 -8.53 -6.65 -3.36 -0.08 0.08 -2.23 29.09 61.49 10.32 31.43 39.83 }
{2164 89211 93 89 96 89 91 84 93 92 87 91 90 91 97 82 96 81 92 82 93 96 96 90 95 90 0.65 -0.38 6.89 0.87 0.81 -0.77 29.09 61.80 9.47 41.95 39.85 }
{2168 89364 97 85 96 85 92 82 93 96 91 90 94 90 97 82 96 81 92 82 93 96 96 90 95 90 -1.83 -2.54 -13.62 1.52 1.29 -2.12 29.19 62.75 8.81 45.49 40.56 }
{2172 89523 94 86 93 81 95 85 92 94 93 87 97 87 93 86 85 80 97 86 92 94 93 81 97 83 -4.55 -4.24 -5.11 0.87 0.39 -2.27 29.19 62.03 8.32 41.57 40.94 }
{2176 89676 93 86 89 80 97 86 92 94 93 83 97 83 93 86 85 80 97 86 92 94 93 81 97 83 0.25 -1.60 -6.05 0.73 0.24 -1.03 29.19 61.83 8.29 38.03 41.19 }
{2180 89833 90 86 90 83 94 84 89 92 90 81 94 86 85 86 90 89 87 84 81 92 81 81 81 87 -1.63 -0.68 -6.47 0.47 0.82 -1.70 29.19 62.50 7.74 34.87 41.17 }
{2184 89988 86 86 90 87 90 84 85 92 86 81 90 87 85 86 90 89 87 84 81 92 81 81 81 87 0.16 1.52 -3.56 0.72 0.23 -1.19 29.19 61.16 13.39 38.03 40.50 }
{2188 90144 88 83 87 91 86 81 82 89 88 84 92 90 95 81 81 92 86 80 82 84 99 97 95 95 5.19 0.68 0.76 1.15 0.52 -0.97 29.14 61.16 19.61 34.85 40.13 }
{2192 90298 86 85 83 89 89 83 85 85 86 88 93 88 86 99 83 85 99 86 87 81 83 91 93 83 -0.30 -5.26 4.95 0.52 0.97 -1.69 29.19 62.03 18.37 31.34 40.21 }
{2196 90455 89 89 81 91 93 87 89 87 88 87 90 84 99 97 81 93 95 94 94 96 93 87 81 80 2.49 -0.57 -1.83 0.87 0.26 -1.50 29.14 62.09 17.06 28.29 40.41 }
{2200 90611 87 92 82 91 91 91 93 90 88 89 88 82 80 95 82 99 85 95 95 90 88 89 85 97 3.32 0.04 0.41 0.52 0.63 -1.43 29.19 61.72 22.86 25.81 40.97 }
{2204 90764 83 90 85 93 87 89 92 93 86 86 90 81 82 85 94 93 82 81 92 96 86 86 90 81 0.68 0.52 -7.33 0.77 0.39 -1.10 29.09 61.25 21.57 23.50 39.96 }
{2208 90917 82 86 89 93 83 85 92 96 86 86 90 81 82 85 94 93 82 81 92 96 86 86 90 81 -0.47 1.62 -1.39 0.25 0.48 -1.00 29.14 61.09 26.29 21.23 39.60 }
{2212 91075 85 88 93 96 85 83 89 93 85 87 93 84 99 95 99 96 92 83 81 82 85 87 98 85 0.08 -1.63 -2.18 0.72 0.11 -1.38 29.19 61.56 24.26 19.11 39.71 }
{2216 91229 89 92 97 96 89 83 85 89 85 87 97 85 99 95 99 96 92 83 81 82 85 87 98 85 0.42 -2.70 -0.37 0.59 0.02 -1.46 29.05 61.54 22.33 23.56 39.50 }
{2220 91387 92 96 95 93 88 86 87 91 88 89 95 88 92 98 89 93 88 96 91 96 88 89 84 97 0.97 -1.11 -0.34 0.81 0.65 -1.36 29.14 61.67 34.77 21.29 40.56 }
{2224 91541 92 98 91 93 88 90 91 95 88 89 91 92 92 98 89 93 88 96 91 96 88 89 84 97 -0.12 -1.12 2.64 0.93 0.73 -1.85 29.14 61.81 32.39 19.42 41.26 }
{2228 91699 95 95 93 90 91 88 88 96 85 92 93 90 96 89 99 90 94 84 88 96 84 97 95 85 6.97 -1.48 0.87 0.99 0.75 -1.73 29.09 61.51 30.45 17.90 41.40 }
{2232 91852 96 91 97 90 94 84 88 96 84 96 95 86 96 89 99 90 94 84 88 96 84 97 95 85 -1.03 -3.00 4.66 0.59 -0.26 -1.82 29.14 62.14 41.69 16.42 41.82 }
{2236 92008 96 89 99 90 94 84 88 96 84 97 95 85 96 89 99 90 94 84 88 96 84 97 95 85 1.82 1.36 0.52 0.88 0.50 -1.15 29.24 61.87 38.64 15.02 41.80 }
{2240 92165 94 91 97 88 93 86 90 94 86 95 93 87 90 99 88 88 93 92 94 86 90 90 87 95 1.91 -0.19 -1.97 0.77 0.56 -1.03 29.14 62.34 35.82 13.39 41.91 }
{2244 92320 90 95 93 88 93 90 94 90 90 91 89 91 90 99 88 88 93 92 94 86 90 90 87 95 1.78 -2.88 2.06 0.83 0.85 -2.28 29.14 61.71 54.04 12.52 41.64 }
{2248 92474 90 99 89 88 93 92 94 86 90 90 87 95 90 99 88 88 93 92 94 86 90 90 87 95 4.63 -1.64 -0.37 0.79 0.91 -1.65 29.14 61.72 50.26 11.22 41.76 }
{2252 92632 88 96 87 91 96 89 91 89 90 87 90 98 88 81 87 99 97 81 87 90 90 80 96 98 -3.83 0.22 -7.10 1.15 1.05 -1.48 29.14 60.93 45.80 10.01 42.29 }
{2256 92786 88 92 87 95 97 85 87 90 90 83 94 98 88 81 87 99 97 81 87 90 90 80 96 98 0.78 -0.50 -4.55 0.39 1.18 -1.48 29.00 61.02 49.20 9.04 42.91 }
{2260 92941 88 88 87 99 97 81 87 90 90 80 96 98 88 81 87 99 97 81 87 90 90 80 96 98 1.76 -0.07 -0.93 0.74 0.58 -1.22 29.09 61.43 45.44 7.96 43.01 }
{2264 93099 91 90 90 96 94 83 90 93 93 83 94 95 93 95 95 92 87 83 91 99 95 86 94 85 1.09 0.40 -1.13 0.60 0.67 -1.40 29.19 60.64 41.96 6.99 43.23 }
{2268 93252 89 94 94 92 90 85 88 96 91 81 93 95 80 98 96 89 89 85 85 96 91 81 93 95 -1.71 -1.38 -5.76 0.48 0.84 -1.34 29.09 61.25 45.44 5.70 43.92 }
{2272 93408 86 92 92 88 92 88 86 93 92 84 90 92 86 83 83 80 93 93 86 92 92 88 82 87 6.31 -3.22 -7.22 0.98 0.63 -1.16 29.24 61.65 41.09 4.81 41.60 }
{2276 93561 86 88 88 84 93 92 86 92 92 88 86 88 82 84 96 92 84 89 85 96 89 81 98 81 7.32 -1.15 0.79 1.42 0.91 -1.55 29.19 61.42 37.90 4.02 41.06 }
{2280 93715 82 84 92 88 89 89 85 96 89 84 90 84 82 84 96 92 84 89 85 96 89 81 98 81 3.74 2.66 -3.57 0.85 0.48 -1.47 29.14 61.43 35.47 3.50 41.37 }
{2284 93869 82 84 96 92 85 89 85 96 89 81 94 81 82 84 96 92 84 89 85 96 89 81 98 81 14.26 5.24 1.74 0.38 0.85 0.62 29.24 61.31 32.86 2.61 40.85 }
{2288 94021 82 84 96 92 84 89 85 96 89 81 98 81 82 84 96 92 84 89 85 96 89 81 98 81 2.17 -0.88 0.41 0.90 0.58 -1.44 29.19 61.45 30.20 1.95 40.82 }
{2292 94178 85 87 96 89 87 92 82 93 86 84 95 84 92 91 96 80 99 97 82 86 83 84 87 84 0.90 -0.44 -4.67 1.13 0.14 -1.19 29.09 60.33 27.95 1.41 40.75 }
{2296 94332 83 91 98 85 89 90 85 89 88 87 91 87 80 97 98 80 89 82 86 81 96 87 86 97 2.07 -0.12 3.42 0.13 0.80 -1.67 29.19 61.60 25.80 0.61 40.88 }
{2300 94485 80 95 98 81 89 86 86 85 92 87 87 91 80 97 98 80 89 82 86 81 96 87 86 97 -3.57 -0.41 -3.11 0.92 1.15 -1.69 29.19 62.48 31.06 0.25 41.99 }
{2304 94643 83 93 95 83 86 88 89 87 90 90 89 92 86 92 90 87 80 96 96 95 86 99 97 92 7.19 1.12 9.10 0.93 1.00 -1.84 29.24 62.25 28.41 -0.07 41.83 }
{2308 94795 86 92 91 87 82 92 93 91 86 94 93 92 86 92 90 87 80 96 96 95 86 99 97 92 5.26 -1.78 -1.02 0.82 1.37 -1.64 29.14 61.23 33.50 6.50 42.50 }
{2312 94949 86 92 90 87 80 96 96 95 86 98 97 92 86 92 90 87 80 96 96 95 86 99 97 92 4.60 -1.19 -0.44 0.87 0.48 -1.15 29.14 61.45 37.78 5.88 42.89 }
{2316 95106 89 89 90 87 83 95 93 92 89 97 97 94 96 84 90 87 94 95 83 91 93 97 97 94 7.30 -2.96 2.47 0.79 0.30 -1.02 29.19 61.52 35.23 5.20 43.68 }
{2320 95258 93 85 90 87 87 95 89 91 93 97 97 94 96 84 90 87 94 95 83 91 93 97 97 94 -1.16 -6.22 4.08 0.83 0.42 -1.48 29.24 61.11 32.22 4.32 43.42 }
{2324 95413 96 84 90 87 91 95 85 91 93 97 97 94 96 84 90 87 94 95 83 91 93 97 97 94 0.87 -2.54 -5.63 0.51 -0.21 -1.26 29.09 61.42 30.09 3.69 43.58 }
{2328 95571 93 87 92 90 89 92 87 94 90 94 94 91 85 91 92 96 85 87 89 95 90 92 86 83 1.10 1.14 0.29 0.10 0.12 -0.81 29.19 61.33 28.00 10.13 43.73 }
{2332 95723 89 91 92 94 85 88 89 95 90 92 90 87 85 91 92 96 85 87 89 95 90 92 86 83 3.12 0.43 2.08 0.82 0.93 -1.18 29.14 61.71 25.38 8.69 43.12 }
{2336 95876 85 91 92 96 85 87 89 95 90 92 86 83 85 91 92 96 85 87 89 95 90 92 86 83 2.97 2.66 8.06 -0.01 0.34 -0.93 29.19 61.43 23.01 7.19 42.92 }
{2340 96030 86 90 93 95 86 88 90 96 89 93 87 84 89 80 96 83 95 91 95 97 88 96 89 96 2.32 0.25 0.76 0.73 0.38 -1.19 29.05 61.43 21.33 6.07 42.76 }
{2344 96183 89 86 96 91 90 91 94 97 88 96 89 88 89 80 96 83 95 91 95 97 88 96 89 96 5.96 1.43 6.11 0.59 0.23 -1.30 29.14 61.47 20.14 5.02 43.39 }
{2348 96335 89 82 96 87 94 91 95 97 88 96 89 92 89 80 96 83 95 91 95 97 88 96 89 96 -1.14 -6.74 -1.37 1.45 0.37 -2.13 29.09 61.87 18.84 11.36 44.04 }
{2352 96494 92 84 97 89 92 88 97 95 91 94 86 90 95 84 97 99 92 84 97 95 92 94 85 87 3.23 0.01 0.09 0.50 0.49 -1.26 29.19 60.47 17.76 10.15 44.37 }
{2356 96646 95 84 97 93 92 84 97 95 92 94 85 87 95 84 97 99 92 84 97 95 92 94 85 87 0.20 0.04 -4.49 0.57 0.62 -1.24 29.14 62.14 17.19 8.89 45.77 }
{2360 96802 92 87 94 96 93 82 94 98 89 91 82 90 88 96 90 96 93 82 81 98 83 81 82 99 1.65 -2.73 3.71 0.44 0.32 -1.10 29.09 60.85 15.99 7.70 45.98 }
{2364 96956 91 91 90 93 90 85 90 95 85 89 82 88 91 96 82 87 83 88 80 91 80 89 82 84 -0.81 -4.04 -11.14 0.50 0.27 -0.72 29.19 61.76 21.79 5.94 44.75 }
{2368 97114 88 91 89 89 92 83 87 91 87 91 85 84 85 91 89 89 93 83 87 88 88 91 90 84 -2.59 -0.85 -10.20 0.75 0.29 -1.61 29.09 60.60 20.46 5.25 44.97 }
{2372 97270 90 94 86 92 90 86 86 87 85 92 87 82 99 99 80 99 84 97 86 81 85 92 87 82 5.33 -0.86 2.81 0.87 0.30 -1.28 29.09 61.04 18.90 4.02 44.78 }
{2376 97423 94 98 82 96 86 90 86 83 85 92 87 82 99 99 80 99 84 97 86 81 85 92 87 82 8.52 2.97 7.45 0.99 0.91 -2.23 29.24 61.34 17.58 4.15 45.65 }
{2380 97577 98 96 80 94 88 88 89 85 88 89 90 85 99 91 80 87 91 83 98 95 90 84 99 97 5.10 10.72 2.05 1.45 0.03 -1.42 29.14 60.98 22.11 4.25 45.24 }
{2384 97730 99 92 80 90 91 84 93 89 90 85 94 89 99 91 80 87 91 83 98 95 90 84 99 97 -7.31 -2.47 -3.85 0.58 1.15 -1.01 29.24 61.74 27.19 10.58 46.02 }
{2388 97886 99 91 80 87 91 83 97 93 90 84 98 93 99 91 80 87 91 83 98 95 90 84 99 97 0.11 0.88 1.47 1.08 1.46 -1.21 29.19 62.19 31.92 9.30 46.23 }
{2392 98041 96 94 83 90 91 86 95 91 87 87 96 91 84 96 85 96 91 86 92 86 80 97 84 85 0.72 0.19 -1.94 0.82 0.69 -1.32 29.09 61.90 29.29 8.39 46.68 }
{2396 98194 92 96 85 94 91 86 92 87 83 91 92 87 84 96 85 96 91 86 92 86 80 97 84 85 4.49 -1.49 -1.88 0.67 -0.09 -1.69 29.09 61.72 26.93 7.17 45.50 }
{2400 98351 88 93 86 92 94 89 89 89 85 91 88 86 85 92 86 91 98 94 81 89 93 91 81 86 2.29 -3.31 -9.82 0.94 -0.21 -1.23 29.14 60.67 24.62 6.44 44.94 }
{2404 98505 85 92 86 91 98 93 85 89 89 91 84 86 85 92 86 91 98 94 81 89 93 91 81 86 -1.29 -0.68 -7.83 0.94 0.35 -1.84 29.09 62.39 23.21 5.92 44.50 }
{2408 98661 85 92 86 91 98 94 81 89 93 91 81 86 85 92 86 91 98 94 81 89 93 91 81 86 1.00 -0.68 -4.98 1.27 0.44 -1.35 29.09 61.69 21.74 5.38 44.21 }
{2412 98819 82 95 83 94 95 91 84 86 90 94 84 89 80 99 81 99 89 85 99 82 80 96 99 94 0.00 -0.76 -2.82 0.67 0.54 -1.15 29.19 61.38 19.94 4.58 43.91 }
{2416 98973 84 93 83 92 91 88 88 88 86 97 88 87 99 82 83 83 90 88 90 99 85 97 99 83 1.87 -0.96 4.43 0.78 1.17 -1.75 29.14 61.47 18.51 4.02 44.56 }
{2420 99127 88 92 84 93 93 91 91 86 88 94 88 87 93 92 84 93 93 95 91 80 89 83 88 87 -2.04 -2.07 2.24 1.63 0.61 -0.75 29.19 62.01 17.39 3.45 45.17 }
{2424 99279 92 92 84 93 93 95 91 82 89 90 88 87 93 92 84 93 93 95 91 80 89 83 88 87 2.89 -1.80 1.83 0.88 0.33 -0.88 29.14 61.33 16.65 3.09 45.34 }
{2428 99437 92 92 86 90 91 92 88 84 87 92 85 88 92 92 96 82 91 84 80 96 87 97 80 88 3.87 -1.32 -1.98 0.99 0.38 -0.98 29.09 61.23 15.24 9.20 45.09 }
{2432 99589 92 92 90 86 91 88 84 88 87 96 81 88 92 92 96 82 91 84 80 96 87 97 80 88 -1.37 1.87 -18.43 1.33 0.33 -1.73 29.24 61.83 14.35 14.98 44.73 }
{2436 99748 89 90 88 88 94 84 86 86 90 94 83 91 81 90 83 90 98 84 92 82 93 90 91 97 -4.15 -4.04 -0.55 1.30 0.78 -1.87 29.09 61.89 13.36 13.61 44.82 }
{2440 99903 85 90 84 90 98 84 90 82 93 90 87 95 81 90 83 90 98 84 92 82 93 90 91 97 -0.13 -0.16 8.81 0.91 0.46 -1.92 29.14 61.63 12.09 12.47 46.15 }
{2444 100062 87 93 82 89 95 87 88 82 95 93 87 95 93 97 84 89 91 89 80 91 96 99 89 95 2.63 -0.39 0.38 0.50 0.96 -1.85 29.24 62.50 11.26 10.97 45.86 }
{2448 100215 91 97 84 89 91 89 84 86 96 97 89 95 93 97 84 89 91 89 80 91 96 99 89 95 7.29 4.14 -3.91 -0.01 0.82 -1.47 29.19 62.83 11.20 16.98 46.29 }
{2452 100371 93 97 84 89 91 89 80 90 96 99 89 95 93 97 84 89 91 89 80 91 96 99 89 95 -1.05 -3.05 -8.88 1.77 0.14 -1.55 29.24 61.47 17.53 22.85 47.02 }
{2456 100532 90 94 81 87 94 92 83 88 97 96 92 94 87 88 80 87 95 92 87 83 97 82 92 94 1.58 0.31 -0.93 1.03 0.33 -1.28 29.24 62.61 16.26 20.70 47.05 }
{2460 100688 92 96 83 84 94 95 87 90 94 92 95 91 96 99 87 83 94 98 89 92 92 87 99 82 -0.16 1.07 -1.16 0.74 0.60 -1.51 29.19 60.60 15.32 18.80 47.71 }
{2464 100845 90 94 83 84 91 99 85 94 90 88 93 93 88 94 83 84 87 99 80 97 83 80 91 95 4.58 -4.59 -3.24 1.77 0.76 -0.43 29.19 62.21 13.67 16.85 47.00 }
{2468 101002 86 97 86 87 87 96 87 96 89 84 92 93 85 99 89 97 83 88 92 96 89 82 92 93 4.65 3.21 -4.92 0.99 1.11 -0.01 29.14 61.67 19.51 15.41 46.22 }
{2472 101155 85 99 89 91 83 92 91 96 89 82 92 93 85 99 89 97 83 88 92 96 89 82 92 93 -2.24 6.80 5.27 -0.00 0.51 -0.53 29.19 61.16 18.30 21.12 47.15 }
{2476 101312 85 99 89 95 83 88 92 96 89 82 92 93 85 99 89 97 83 88 92 96 89 82 92 93 3.56 -0.21 2.93 0.81 0.45 -1.22 29.24 61.49 16.69 18.91 46.96 }
{2480 101471 88 96 86 93 86 91 89 93 92 84 95 91 94 91 84 81 86 91 80 82 95 84 97 91 1.71 0.14 -2.38 1.31 0.39 -1.03 29.05 61.90 15.40 17.03 47.33 }
{2484 101626 86 97 85 90 89 90 91 89 90 87 94 91 82 97 85 90 98 90 94 89 85 90 94 91 -0.24 -3.78 0.46 1.39 0.74 -1.17 29.14 61.49 21.23 15.43 48.15 }
{2488 101782 82 97 85 90 93 90 94 89 86 90 94 91 82 97 85 90 98 90 94 89 85 90 94 91 -0.58 0.04 -1.31 1.02 0.64 -1.57 29.09 61.94 26.70 14.32 48.93 }
{2492 101938 82 97 85 90 97 90 94 89 85 90 94 91 82 97 85 90 98 90 94 89 85 90 94 91 -1.87 -1.77 0.02 1.31 0.24 -1.81 29.19 61.33 24.88 12.80 49.07 }
{2496 102098 85 97 83 91 95 93 91 92 82 87 91 94 86 97 83 91 95 93 91 98 81 84 83 98 4.16 -2.47 3.50 1.11 0.53 -1.08 29.14 60.85 23.31 11.66 49.18 }
{2500 102254 85 94 84 88 92 90 88 95 84 89 91 94 85 80 84 87 81 88 86 95 93 94 91 94 2.72 -0.06 -7.72 1.51 0.34 -1.44 29.19 61.27 21.85 10.96 48.94 }
{2504 102411 86 92 85 88 90 89 87 94 87 93 90 93 92 92 99 99 92 97 98 81 87 95 87 85 6.37 -0.59 2.99 0.61 0.84 -1.47 29.14 60.60 20.20 9.84 48.70 }
{2508 102566 90 93 89 87 88 92 91 90 89 93 92 89 99 93 93 87 87 92 93 90 89 93 95 83 9.29 0.46 6.84 0.93 -0.23 -0.85 29.19 62.03 18.91 8.67 48.68 }
{2512 102721 88 96 93 89 90 92 89 88 92 96 90 85 81 98 95 89 99 92 82 88 95 96 85 82 3.30 1.76 -0.64 1.54 0.49 -1.57 29.14 61.29 17.44 8.06 48.88 }
{2516 102874 84 98 95 89 94 92 85 88 95 96 86 82 81 98 95 89 99 92 82 88 95 96 85 82 -0.39 0.11 -8.73 1.01 0.26 -1.81 29.14 60.46 16.01 7.44 49.07 }
{2520 103029 81 98 95 89 98 92 82 88 95 96 85 82 81 98 95 89 99 92 82 88 95 96 85 82 -1.22 -2.02 -9.85 1.16 0.28 -1.74 29.09 61.43 14.91 6.82 49.64 }
{2524 103188 83 96 95 91 97 90 84 87 93 97 87 80 93 99 96 85 96 84 94 80 97 81 96 80 3.56 0.86 0.70 1.11 0.41 -1.42 29.19 61.13 14.00 6.02 49.79 }
{2528 103342 87 99 96 87 96 86 88 83 97 93 91 80 93 99 96 85 96 84 94 80 97 81 96 80 2.94 -1.78 0.24 0.87 0.25 -1.31 29.19 60.91 13.29 5.24 50.50 }
{2532 103496 91 99 96 85 96 84 92 80 97 89 95 80 93 99 96 85 96 84 94 80 97 81 96 80 -0.01 -3.89 6.83 0.16 0.87 -1.06 29.09 62.23 12.54 11.44 50.41 }
{2536 103655 95 96 93 87 93 87 94 82 94 88 93 83 99 84 88 87 80 96 94 82 93 88 81 84 5.93 1.29 8.76 1.04 1.03 -1.54 29.19 61.22 11.73 10.17 50.74 }
{2540 103808 99 92 89 87 89 91 94 82 93 88 89 84 99 84 88 87 80 96 94 82 93 88 81 84 5.47 -2.91 3.68 0.99 0.78 -0.89 29.14 62.75 10.65 8.69 50.44 }
{2544 103962 99 88 88 87 85 95 94 82 93 88 85 84 99 84 88 87 80 96 94 82 93 88 81 84 5.90 0.17 3.28 0.40 0.89 -1.29 29.14 61.74 9.80 7.62 50.25 }
{2548 104118 96 90 85 84 81 99 92 81 90 85 87 87 96 90 82 84 81 99 92 81 90 83 89 94 3.18 0.39 -0.50 1.23 0.99 -0.69 29.14 60.91 8.93 6.92 50.19 }
{2552 104271 95 89 83 83 82 98 91 82 91 82 88 91 88 85 85 82 91 98 87 82 95 81 82 96 -2.76 3.53 -3.68 0.71 0.64 -1.71 29.19 60.93 8.58 19.82 49.72 }
{2556 104426 91 85 85 82 86 98 87 82 95 81 84 95 90 80 81 95 92 83 91 88 88 87 97 89 -6.74 -2.65 -8.75 1.12 0.09 -1.63 29.09 61.00 8.14 17.99 49.82 }
{2560 104584 90 81 81 86 90 94 91 86 91 85 88 91 90 80 81 95 92 83 91 88 88 87 97 89 -6.12 -9.54 0.50 1.18 0.42 -2.02 29.33 61.83 14.42 15.76 49.86 }
{2564 104741 87 83 84 89 88 90 94 85 87 89 92 88 85 89 85 89 85 87 96 85 83 99 96 88 8.77 -0.85 9.25 0.93 0.19 -0.70 29.09 62.21 14.18 14.59 52.19 }
{2568 104897 89 87 86 88 90 92 92 88 87 87 90 90 91 92 86 88 95 95 89 97 87 86 90 90 0.34 0.02 -2.14 0.30 0.30 -0.88 29.19 61.98 13.10 19.92 52.16 }
{2572 105052 91 91 86 88 94 95 89 92 87 86 90 90 91 92 86 88 95 95 89 97 87 86 90 90 3.39 -0.80 -6.41 1.44 -0.13 -1.14 29.24 61.40 12.73 18.14 52.55 }
{2576 105209 91 92 86 88 95 95 89 96 87 86 90 90 91 92 86 88 95 95 89 97 87 86 90 90 2.00 -0.90 -1.39 1.23 0.42 -1.48 29.14 61.54 12.22 16.60 52.89 }
