N T EM1 EM2 EM3 EM4 EM5 EM6 EM7 EM8 EM9 EM10 EM11 EM12 CM1 CM2 CM3 CM4 CM5 CM6 CM7 CM8 CM9 CM10 CM11 CM12 GyX GyY GyZ AcX AcY AcZ Tmp HCSR X Y Z
{0 5545 93 93 93 93 93 93 93 93 93 93 93 93 77 79 103 88 80 102 94 108 73 99 70 75 2.17 -0.59 -0.55 1.51 2.34 -1.31 26.60 32.85 -3.37 2.65 -22.56 }
{4 5688 89 95 93 89 89 91 91 93 89 97 95 89 72 97 93 77 79 70 82 93 79 99 107 70 1.93 -0.64 -3.85 1.86 2.29 -1.45 26.55 31.78 -3.85 2.41 -22.73 }
{8 5839 85 97 93 85 85 87 87 93 85 99 99 85 72 97 93 77 79 70 82 93 79 99 107 70 2.08 1.20 -13.60 1.36 2.92 -0.92 26.74 31.26 -3.85 2.24 -22.77 }
{15 6000 89 103 87 85 87 92 92 97 80 103 94 90 89 108 86 85 87 96 102 97 80 103 89 99 158.76 33.98 -1.17 0.20 2.01 59.40 37.06 31.44 -39.03 36.43 -22.77 }
{20 6166 89 108 86 85 87 96 97 97 80 103 89 95 89 108 86 85 87 96 102 97 80 103 89 99 3.41 2.83 16.18 0.84 2.87 -0.51 26.69 31.42 -36.45 32.46 -23.57 }
{25 6325 89 108 86 85 87 96 102 97 80 103 89 99 89 108 86 85 87 96 102 97 80 103 89 99 -0.84 1.99 9.34 1.62 2.75 -1.79 26.69 31.46 -34.39 29.08 -23.13 }
{29 6474 91 105 89 88 86 93 99 98 81 104 92 96 91 77 102 103 86 75 95 98 81 104 107 71 4.20 1.04 1.13 1.50 2.10 -1.02 26.60 31.06 -32.00 26.82 -23.04 }
{34 6644 91 100 94 93 86 88 95 98 81 104 97 91 91 77 102 103 86 75 95 98 81 104 107 71 1.79 1.62 -0.75 1.05 2.03 -0.80 26.60 31.39 -28.96 24.24 -22.03 }
{41 6801 95 94 98 92 82 89 91 94 77 100 99 92 98 94 98 80 74 106 80 93 72 96 99 94 -715.39 33.98 -1.17 0.20 2.27 98.63 37.06 31.19 -60.83 55.53 -22.03 }
{45 6955 93 91 95 94 83 88 91 96 79 96 96 93 95 99 105 84 99 91 107 105 95 74 81 88 9.00 -6.85 20.75 1.42 2.60 -0.71 26.69 31.24 -55.83 56.22 -20.93 }
{49 7111 95 95 99 90 87 91 95 100 83 92 92 89 95 99 105 84 99 91 107 105 95 74 81 88 0.66 3.96 7.22 2.55 1.25 -0.20 26.69 31.77 -52.42 50.06 -21.70 }
{54 7279 91 95 96 93 84 95 92 105 88 91 87 92 73 95 72 102 76 106 87 108 94 91 87 101 19.00 24.20 -0.30 2.12 2.55 -2.08 26.65 31.68 -55.17 46.63 -22.45 }
{61 7436 84 95 89 100 77 102 87 108 94 91 87 99 73 95 72 102 76 106 87 108 94 91 87 101 -200.27 33.98 -1.17 0.20 1.89 -53.38 37.06 31.33 -83.58 74.96 -22.45 }
{68 7603 87 101 87 107 82 97 81 102 95 85 93 94 87 108 87 107 84 94 79 101 95 85 105 88 -1090.02 33.98 -1.17 0.20 1.35 -19.05 37.06 30.43 -108.25 99.56 -22.45 }
{72 7767 90 99 84 104 84 97 79 102 94 88 93 92 92 75 72 82 77 91 85 102 101 91 100 101 3.96 -3.80 -3.60 2.21 2.16 -1.60 26.74 31.57 -100.33 92.35 -21.63 }
{76 7928 88 95 86 100 86 93 77 99 92 86 97 90 87 86 100 70 109 85 76 82 88 85 109 84 -4.00 -2.10 -0.23 1.68 1.84 -1.47 26.60 31.35 -92.86 84.69 -21.39 }
{80 8086 87 91 90 96 90 89 76 95 88 85 101 86 87 86 100 70 109 85 76 82 88 85 109 84 0.58 -9.58 -10.52 2.27 1.71 -0.66 26.69 31.86 -86.02 77.50 -22.11 }
{84 8248 84 87 94 92 88 91 79 91 91 84 99 82 79 70 95 76 73 96 83 80 108 84 90 74 -0.84 -6.22 -6.09 1.42 2.02 -1.43 26.69 31.59 -80.09 71.14 -23.03 }
{88 8406 84 89 98 88 88 89 83 93 95 87 97 84 84 96 104 73 88 74 100 100 109 93 97 95 0.92 -0.15 5.01 1.82 2.26 -1.37 26.74 32.11 -74.03 65.10 -24.52 }
{95 8568 84 96 104 81 88 82 90 100 102 93 97 91 84 96 104 73 88 74 100 100 109 93 97 95 751.93 33.98 -1.17 0.20 2.24 -68.09 37.06 31.40 -99.96 90.99 -24.53 }
{99 8729 87 93 101 83 86 78 93 97 100 90 94 95 102 89 77 95 86 75 93 90 94 78 85 105 -5.78 -5.77 3.92 1.84 3.20 -1.41 26.74 31.15 -93.74 83.76 -23.20 }
{103 8886 91 89 97 87 86 75 93 93 96 86 90 99 102 89 77 95 86 75 93 90 94 78 85 105 -0.62 -0.73 16.20 1.77 3.54 -1.21 26.69 31.71 -88.23 76.86 -22.95 }
{107 9044 95 89 93 91 86 75 93 90 94 82 86 103 102 89 77 95 86 75 93 90 94 78 85 105 0.22 -0.59 12.41 2.87 2.89 -1.63 26.60 32.04 -81.98 69.69 -23.26 }
{111 9205 93 86 89 95 89 74 90 88 97 82 85 101 84 72 81 109 102 74 85 88 106 82 85 101 5.26 7.00 17.86 1.78 2.17 -1.19 26.79 31.89 -75.79 64.12 -21.60 }
{115 9364 89 82 85 99 93 74 86 88 101 82 85 101 84 72 81 109 102 74 85 88 106 82 85 101 -2.47 -1.87 -4.14 1.34 2.05 -0.67 26.60 32.02 -70.28 59.96 -21.55 }
{119 9530 91 84 87 97 95 77 88 85 99 85 82 98 99 107 103 97 95 80 92 81 78 87 71 95 5.18 7.06 -7.74 0.92 2.84 -1.66 26.79 31.50 -65.37 54.32 -22.94 }
{124 9697 96 89 92 97 95 80 92 81 94 87 77 95 99 107 103 97 95 80 92 81 78 87 71 95 15.91 -14.44 -0.69 2.18 2.54 -1.28 26.79 31.57 -60.30 55.86 -23.39 }
{128 9846 98 93 90 94 98 83 89 84 91 90 73 92 98 105 86 77 109 104 81 106 91 102 70 84 1.03 -8.99 -2.26 1.61 2.12 -1.52 26.74 32.11 -56.86 51.64 -22.38 }
{132 10006 98 97 86 90 102 87 85 88 91 94 70 88 98 105 86 77 109 104 81 106 91 102 70 84 -7.74 9.94 -12.12 1.60 2.32 -0.24 26.69 32.98 -54.50 47.71 -21.88 }
{136 10171 98 101 86 86 106 91 81 92 91 98 70 84 98 105 86 77 109 104 81 106 91 102 70 84 5.41 -1.73 -18.56 1.83 1.93 0.52 26.74 31.88 -51.44 50.55 -22.55 }
{140 10337 101 99 83 85 104 89 78 90 88 96 73 87 105 99 77 85 103 79 70 85 85 96 73 92 9.76 5.29 10.95 1.67 1.83 -1.18 26.69 32.31 -47.55 46.35 -22.90 }
{144 10497 101 97 81 83 105 85 78 86 84 94 75 87 98 79 81 74 108 78 107 81 79 73 81 81 6.00 -0.93 2.38 1.51 2.69 -1.31 26.79 32.35 -45.05 43.25 -22.77 }
{148 10658 97 93 82 81 103 87 82 86 82 96 79 87 86 74 107 78 94 100 100 86 82 104 107 94 0.87 -2.28 -0.29 1.81 2.41 -1.29 26.69 32.44 -42.42 39.87 -22.45 }
{152 10819 93 89 86 78 99 91 86 86 82 100 83 91 86 74 107 78 94 100 100 86 82 104 107 94 10.19 3.98 -6.23 2.28 2.89 -1.00 26.79 32.87 -39.66 36.92 -22.19 }
{156 10982 89 85 90 78 95 95 90 86 82 104 87 94 86 74 107 78 94 100 100 86 82 104 107 94 20.57 -2.47 -4.75 0.68 2.54 -1.32 26.69 31.66 -44.07 34.30 -22.68 }
{160 11148 91 87 88 81 91 93 94 83 79 101 85 91 98 95 88 89 79 79 103 73 77 77 83 72 3.39 0.16 1.42 1.10 2.38 -0.98 26.74 31.44 -40.73 31.30 -23.29 }
{164 11304 91 87 90 85 87 89 94 80 75 97 85 91 86 83 94 100 76 70 74 80 75 86 88 105 -3.61 -0.97 7.68 0.96 2.36 -1.37 26.84 31.48 -37.78 28.26 -23.44 }
{168 11463 93 86 88 89 89 91 96 83 78 93 83 95 107 86 88 96 107 101 108 84 89 87 83 101 3.73 5.52 2.49 1.69 2.07 -1.72 26.79 30.54 -35.34 25.74 -23.27 }
{172 11622 97 86 88 93 93 95 100 84 82 89 83 99 107 86 88 96 107 101 108 84 89 87 83 101 6.23 2.81 17.25 1.17 1.57 -1.38 26.74 30.46 -39.94 23.41 -22.44 }
{176 11786 97 88 90 97 97 99 103 86 86 89 81 99 72 103 107 101 98 99 103 107 94 108 70 84 -0.19 -2.53 9.37 1.64 2.46 -0.73 26.74 30.79 -36.45 20.83 -20.87 }
{180 11949 93 92 94 101 98 99 103 90 90 93 77 95 72 103 107 101 98 99 103 107 94 108 70 84 -7.26 -1.83 -7.04 1.43 1.37 -1.00 26.69 30.63 -31.48 19.35 -21.22 }
{184 12114 89 96 98 101 98 99 103 94 94 97 73 91 72 103 107 101 98 99 103 107 94 108 70 84 1.97 -2.24 -9.80 1.82 1.50 -1.28 26.74 30.17 -28.65 17.61 -22.78 }
{188 12282 91 97 96 98 101 96 100 98 91 95 75 87 105 97 70 80 105 96 97 108 70 76 105 87 2.11 -1.05 -7.51 2.06 1.66 -1.59 26.79 30.08 -26.76 16.45 -22.70 }
{192 12445 95 100 92 100 99 99 96 96 87 91 79 90 104 103 70 104 88 107 95 79 85 73 92 107 -1.42 -1.52 3.74 2.49 1.58 -1.49 26.74 31.08 -25.19 15.21 -22.17 }
{196 12608 99 103 88 104 95 103 95 92 85 87 83 94 104 103 70 104 88 107 95 79 85 73 92 107 8.25 4.40 15.86 2.11 1.96 -1.01 26.69 31.15 -23.91 14.24 -21.39 }
{200 12772 103 103 84 104 91 107 95 88 85 83 87 98 104 103 70 104 88 107 95 79 85 73 92 107 5.06 8.16 4.83 2.08 2.15 -0.82 26.79 31.10 -29.05 12.39 -20.49 }
{204 12939 101 100 86 101 93 104 98 90 88 85 88 96 89 77 97 99 105 93 103 93 98 95 88 89 2.57 2.66 -0.15 2.94 1.54 -1.25 26.74 30.61 -40.04 10.95 -19.60 }
{208 13100 97 96 90 99 97 100 102 93 92 89 88 92 89 77 97 99 105 93 103 93 98 95 88 89 -6.13 0.69 -13.17 2.12 1.42 -2.11 26.74 30.43 -37.39 10.10 -20.83 }
{212 13262 93 94 88 96 95 96 100 96 96 87 85 90 80 94 82 83 73 87 70 100 101 70 73 90 4.71 -6.68 -4.46 1.99 1.44 -1.37 26.69 30.75 -49.66 9.29 -21.87 }
{216 13420 89 94 84 92 91 92 96 100 100 83 81 90 80 94 82 83 73 87 70 100 101 70 73 90 -4.93 -0.64 -3.36 2.80 1.85 -1.79 26.84 30.77 -46.73 8.67 -21.97 }
{220 13583 85 91 80 94 93 88 92 103 102 84 83 92 83 88 73 106 100 84 90 109 102 84 99 92 -5.28 3.23 -5.92 1.84 1.71 -1.45 26.84 31.78 -43.07 14.43 -21.82 }
{224 13747 81 93 82 93 91 84 88 101 99 87 87 95 81 100 109 93 80 70 73 80 81 99 108 96 -0.30 -4.80 -6.43 1.62 3.14 -0.83 26.74 31.57 -41.37 13.14 -23.19 }
{228 13907 81 97 86 93 87 80 84 97 95 91 91 96 81 100 109 93 80 70 73 80 81 99 108 96 -1.52 -4.31 -11.22 1.71 1.62 -0.64 26.65 30.92 -38.05 12.15 -23.45 }
{232 14069 81 100 90 93 83 76 80 93 91 95 95 96 81 100 109 93 80 70 73 80 81 99 108 96 5.30 0.31 -6.27 0.91 2.31 -1.13 26.69 31.26 -35.33 11.26 -24.17 }
{236 14231 84 97 88 90 79 78 82 89 93 93 99 99 100 91 86 74 74 108 86 81 94 70 108 101 8.25 1.96 -4.76 1.36 3.09 -1.43 26.79 30.75 -33.47 10.23 -24.21 }
{240 14392 88 99 84 86 75 82 86 85 91 89 97 97 93 101 71 75 70 88 104 79 83 70 95 82 12.65 4.98 9.83 1.76 2.64 -1.43 26.84 29.65 -30.69 9.19 -23.64 }
{244 14548 92 103 80 88 74 86 87 87 87 91 93 99 98 107 78 100 74 105 87 101 80 96 80 103 8.87 -5.25 7.74 1.87 2.77 -1.06 26.84 30.97 -27.18 8.12 -24.61 }
{248 14708 96 107 78 92 74 90 87 91 83 95 89 103 98 107 78 100 74 105 87 101 80 96 80 103 -1.35 -10.74 0.69 1.27 3.07 -0.72 26.79 31.30 -25.57 7.38 -24.68 }
{252 14874 94 104 81 90 77 94 90 95 79 99 85 100 75 70 92 73 102 97 91 100 70 109 77 81 13.91 -4.85 0.89 1.73 2.86 -1.44 26.79 30.48 -23.32 6.18 -23.67 }
{256 15034 90 100 85 86 81 97 91 99 75 103 81 96 75 70 92 73 102 97 91 100 70 109 77 81 -1.16 -8.30 -18.35 1.70 2.24 -1.40 26.65 30.45 -22.34 5.51 -23.73 }
{263 15205 84 95 80 91 88 91 97 94 75 98 86 101 84 95 71 107 98 72 105 84 75 83 90 101 1032.90 33.98 -1.17 0.20 1.34 20.17 37.06 30.73 -55.08 39.26 -23.73 }
{267 15361 84 95 76 95 92 87 101 90 75 94 90 101 84 95 71 107 98 72 105 84 75 83 90 101 2.60 -15.34 2.86 2.62 1.45 -0.70 26.79 30.68 -59.76 35.96 -25.69 }
{271 15524 84 95 78 93 96 83 105 92 78 90 93 98 84 95 79 83 99 76 106 94 90 88 102 70 -6.07 -2.65 1.33 1.78 2.44 -0.79 26.79 30.32 -54.75 39.78 -25.04 }
{276 15695 84 95 79 88 99 78 106 94 83 88 98 93 84 95 79 83 99 76 106 94 90 88 102 70 -4.09 2.52 -2.29 2.45 1.99 -2.63 26.79 30.45 -50.37 36.75 -25.87 }
{284 15855 84 95 79 83 99 76 106 94 90 88 102 85 84 95 79 83 99 76 106 94 90 88 102 70 -1324.17 33.98 -1.17 0.20 1.25 -92.60 37.06 31.64 -83.24 70.29 -25.87 }
{289 16014 88 97 83 87 95 80 102 90 86 92 98 88 90 97 102 89 88 91 81 86 81 101 78 101 -4.15 -9.38 -7.89 1.24 3.04 -1.73 26.69 32.71 -85.91 73.22 -26.04 }
{293 16173 90 97 87 89 91 84 98 86 82 96 94 92 90 97 102 89 88 91 81 86 81 101 78 101 11.12 5.23 7.99 1.17 2.60 0.03 26.74 32.16 -79.58 67.27 -26.12 }
{297 16330 90 97 91 89 88 88 94 86 81 100 90 96 90 97 102 89 88 91 81 86 81 101 78 101 5.94 2.16 -7.86 1.13 2.30 -0.58 26.74 31.98 -73.85 61.67 -26.14 }
{301 16492 87 94 89 92 85 92 96 89 78 104 86 94 75 70 70 108 83 97 100 101 73 104 83 77 14.77 4.07 -3.45 1.74 2.71 0.10 26.84 30.73 -69.08 56.44 -25.63 }
{305 16654 89 90 85 96 81 96 94 87 80 101 88 90 105 81 72 106 76 105 74 71 87 91 93 74 12.68 0.97 -1.59 1.51 1.47 -1.14 26.79 30.57 -63.69 51.57 -25.59 }
{310 16821 94 85 80 101 76 101 89 82 85 96 93 85 105 81 72 106 76 105 74 71 87 91 93 74 -1792.46 33.98 -1.17 0.20 3.38 74.11 37.06 30.81 -63.46 52.04 -25.23 }
{314 16982 92 81 82 100 79 99 85 84 83 98 90 87 86 71 85 100 86 95 83 91 70 101 79 95 6.03 -4.45 -2.92 2.17 2.25 -1.00 26.79 30.70 -59.11 47.54 -24.37 }
{318 17139 88 77 85 100 83 95 83 88 79 101 86 91 86 71 85 100 86 95 83 91 70 101 79 95 -6.07 -4.13 -3.11 1.71 2.24 -1.70 26.74 31.15 -55.62 43.75 -24.26 }
{323 17313 86 72 85 100 86 95 83 91 74 101 81 95 86 71 85 100 86 95 83 91 70 101 79 95 0.86 -3.60 0.46 1.45 2.32 -1.40 26.79 30.55 -52.04 39.20 -24.99 }
{327 17464 86 74 82 97 83 98 86 88 76 98 83 92 101 80 88 81 94 108 108 84 95 77 79 88 1.55 -0.39 -0.15 1.51 2.02 -1.12 26.69 30.84 -48.35 35.90 -25.26 }
{331 17623 90 78 86 93 87 102 90 84 80 94 79 88 101 80 88 81 94 108 108 84 95 77 79 88 7.85 3.38 8.29 1.23 2.02 -1.19 26.84 30.68 -44.19 32.83 -25.70 }
{337 17786 95 82 90 95 93 100 88 87 86 96 84 85 95 81 82 94 106 107 105 75 100 85 102 100 1750.95 33.98 -1.17 0.20 3.05 -68.09 37.06 29.88 -70.04 58.93 -25.70 }
{341 17951 98 84 86 97 91 98 86 83 89 92 82 83 107 89 77 105 83 89 79 74 89 91 75 79 6.02 -3.35 3.07 2.14 1.11 -1.01 26.84 31.75 -72.87 54.11 -24.47 }
{345 18108 102 88 82 101 87 94 82 79 89 91 78 79 107 89 77 105 83 89 79 74 89 91 75 79 0.90 -2.99 4.63 1.25 2.47 -2.32 26.74 32.06 -68.87 50.32 -22.43 }
{349 18270 103 86 79 100 87 90 84 81 88 88 74 82 103 70 79 100 87 76 108 93 88 86 71 109 -1.54 3.07 9.68 2.72 2.52 -1.76 26.65 33.45 -65.49 47.32 -21.62 }
{353 18429 103 82 79 100 87 86 88 85 88 86 71 86 103 70 79 100 87 76 108 93 88 86 71 109 -3.29 -0.10 5.80 1.73 2.73 -1.45 26.84 33.14 -61.23 44.00 -21.42 }
{357 18595 100 84 82 97 90 88 92 83 91 89 74 90 77 98 109 97 105 105 102 74 99 94 84 97 -1.69 1.36 3.63 2.10 3.13 -1.41 26.84 33.12 -57.01 40.90 -21.15 }
{361 18756 96 82 86 94 94 89 96 85 89 93 78 88 85 75 86 91 95 89 101 93 88 108 109 74 0.20 -2.64 -7.85 2.18 2.73 -1.97 26.74 33.38 -53.73 38.11 -21.45 }
{365 18915 92 78 86 91 95 89 100 89 88 97 82 84 85 75 86 91 95 89 101 93 88 108 109 74 5.91 -1.67 -10.43 1.82 2.63 -1.45 26.74 32.89 -50.51 35.51 -21.51 }
{369 19078 94 75 89 94 92 86 98 87 91 95 86 86 109 75 101 97 74 75 71 84 96 80 93 102 6.94 1.53 -1.10 2.63 2.39 -1.98 26.79 32.76 -53.64 37.79 -22.03 }
{373 19238 92 78 87 92 90 82 95 89 92 97 90 90 91 84 87 87 90 79 95 97 92 109 107 106 -6.93 -0.85 -0.87 3.03 2.87 -1.46 26.88 32.71 -49.89 34.14 -21.70 }
{377 19397 91 82 87 88 90 79 95 93 92 101 94 94 91 84 87 87 90 79 95 97 92 109 107 106 0.57 -2.02 -6.30 1.63 3.01 -1.45 26.79 32.38 -47.19 30.77 -21.35 }
{382 19571 91 84 87 87 90 79 95 97 92 106 99 99 91 84 87 87 90 79 95 97 92 109 107 106 -0.70 -0.53 1.59 1.13 3.05 -1.26 26.74 32.93 -44.25 27.68 -20.68 }
{386 19722 88 87 90 90 93 82 92 100 95 104 103 103 72 99 109 98 93 87 71 102 96 91 107 106 3.78 3.72 -4.40 0.65 2.07 -1.51 26.84 33.03 -42.51 24.57 -22.02 }
{390 19885 84 91 94 94 93 86 88 102 96 100 107 106 72 99 109 98 93 87 71 102 96 91 107 106 7.26 -2.25 -1.14 1.91 2.69 -1.31 26.84 32.71 -40.22 22.78 -21.10 }
{394 20049 80 95 98 98 93 87 84 102 96 96 107 106 72 99 109 98 93 87 71 102 96 91 107 106 8.28 -0.10 -8.98 1.41 2.24 -1.23 26.79 31.97 -36.53 20.41 -23.15 }
{398 20215 80 93 102 95 96 84 86 102 93 98 108 103 80 84 105 91 102 83 97 102 74 101 108 102 10.94 3.18 -5.36 1.74 2.48 -1.81 26.79 31.69 -34.54 18.72 -24.22 }
{402 20381 80 89 105 91 100 83 90 102 89 101 108 102 80 84 105 91 102 83 97 102 74 101 108 102 12.13 -3.55 12.75 -0.71 1.82 -0.65 26.79 31.30 -31.71 16.95 -23.27 }
{406 20554 80 91 108 94 104 80 94 99 85 102 105 105 80 93 109 104 109 76 105 71 73 102 76 109 -0.77 -4.51 -3.43 0.75 2.71 -0.28 26.79 32.09 -27.29 14.58 -23.70 }
{410 20722 80 93 109 98 108 76 98 95 81 102 101 109 80 93 109 104 109 76 105 71 73 102 76 109 0.45 -0.39 4.90 0.85 2.35 -1.41 26.74 32.47 -25.66 12.90 -23.68 }
{414 20891 80 93 106 96 106 79 101 97 83 99 97 109 80 93 99 75 93 101 101 102 86 89 81 109 4.61 1.36 4.31 1.00 2.23 -1.50 26.74 31.68 -24.19 11.42 -23.73 }
{421 21062 86 87 99 101 99 86 95 92 86 92 90 104 106 81 87 103 78 87 80 73 86 79 81 104 -1154.29 33.98 -1.17 0.20 1.79 10.37 36.53 31.46 -56.69 44.39 -23.74 }
{427 21227 92 81 93 103 93 87 89 86 86 86 84 104 106 81 87 103 78 87 80 73 86 79 81 104 720.71 33.98 -1.17 0.20 2.43 -77.89 37.06 31.24 -73.31 60.85 -24.32 }
{431 21387 94 84 89 100 89 84 85 82 83 82 80 101 94 96 81 100 72 74 80 74 83 71 77 89 1.87 -0.90 5.60 2.02 1.50 -1.01 26.69 31.66 -68.34 55.54 -24.91 }
{435 21544 94 88 85 100 85 80 81 78 83 78 77 97 94 96 81 100 72 74 80 74 83 71 77 89 -1.51 -2.67 -0.41 1.04 1.94 -2.37 26.84 31.40 -63.45 51.58 -24.76 }
{439 21705 91 92 81 97 81 76 82 80 84 80 77 93 87 100 71 91 75 72 82 82 84 109 77 87 0.22 -1.81 -1.08 1.13 2.17 -2.31 26.88 32.56 -59.02 47.70 -25.57 }
{443 21865 87 92 81 93 81 76 80 84 86 84 79 93 80 89 100 87 91 106 70 89 102 109 106 100 -1.28 -4.77 -5.11 1.61 2.54 -1.93 27.03 32.60 -55.66 43.88 -26.51 }
{447 22028 83 89 85 89 85 80 76 88 90 88 83 97 80 89 100 87 91 106 70 89 102 109 106 100 0.36 -5.81 -10.59 0.99 2.19 -1.99 26.84 32.80 -52.25 47.54 -26.94 }
{451 22193 80 89 89 87 89 84 72 89 94 92 87 100 80 89 100 87 91 106 70 89 102 109 106 100 -1.31 1.50 -28.06 1.99 1.94 -1.19 26.79 32.94 -49.95 43.45 -31.72 }
{455 22360 78 86 87 90 93 88 74 91 92 91 85 97 78 84 74 108 100 91 85 91 81 91 75 71 4.25 3.10 -4.67 1.30 2.16 -1.51 26.74 33.09 -46.91 39.78 -31.89 }
{459 22515 78 84 83 94 97 91 78 91 88 91 81 93 78 84 74 108 100 91 85 91 81 91 75 71 6.60 2.97 2.98 1.61 1.72 -0.86 26.84 32.47 -43.40 36.72 -31.97 }
{464 22678 79 83 78 97 99 92 83 92 85 92 78 90 100 78 75 83 87 99 86 93 91 105 108 90 -1730.02 33.98 -1.17 0.20 2.61 93.72 36.91 32.85 -44.50 37.86 -31.93 }
{468 22837 83 79 75 93 95 96 86 93 89 96 82 90 100 78 75 83 87 99 86 93 91 105 108 90 5.78 2.31 1.70 1.55 1.71 -1.03 26.79 31.77 -41.15 34.59 -31.80 }
{474 22998 89 78 75 87 89 99 86 93 91 102 88 90 100 78 75 83 87 99 86 93 91 105 108 90 0.57 -10.77 -5.27 1.68 2.14 0.21 26.65 28.76 -62.09 55.06 -31.84 }
{0 5536 93 93 93 93 93 93 93 93 93 93 93 93 77 79 103 88 80 102 94 108 73 99 70 75 2.29 -0.64 -0.49 1.73 2.20 -1.22 27.40 33.05 -12.99 1.48 -23.45 }
{4 5679 89 95 93 89 89 91 91 93 89 97 95 89 72 97 93 77 79 70 82 93 79 99 107 70 0.71 -0.71 -3.86 1.79 2.22 -1.39 27.49 32.87 -12.52 1.31 -23.23 }
{8 5831 85 97 93 85 85 87 87 93 85 99 99 85 72 97 93 77 79 70 82 93 79 99 107 70 -0.74 -4.97 -16.76 1.34 2.19 -1.09 27.31 33.11 -12.27 1.17 -24.33 }
{12 5989 87 100 90 85 87 89 89 96 81 102 97 87 89 108 86 85 87 96 102 97 80 103 89 99 2.39 0.49 0.63 1.30 2.65 -1.57 27.45 33.16 -12.33 1.32 -24.11 }
{16 6144 89 104 86 85 87 93 93 97 80 103 93 91 89 108 86 85 87 96 102 97 80 103 89 99 3.74 1.41 9.04 1.16 2.94 -1.84 27.45 33.56 -12.29 1.20 -23.24 }
{20 6301 89 108 86 85 87 96 97 97 80 103 89 95 89 108 86 85 87 96 102 97 80 103 89 99 4.11 -2.04 9.13 1.47 3.39 -1.45 27.45 33.14 -11.69 14.79 -22.66 }
{24 6462 91 106 88 87 86 94 97 98 81 104 91 95 91 77 102 103 86 75 95 98 81 104 107 71 -2.44 0.02 0.70 1.73 2.33 -1.17 27.45 33.29 -11.48 13.63 -22.58 }
{28 6620 91 102 92 91 86 90 95 98 81 104 95 91 91 77 102 103 86 75 95 98 81 104 107 71 5.16 1.29 5.37 1.31 2.27 -1.11 27.45 32.96 -10.85 12.56 -21.88 }
{32 6780 92 98 96 93 85 88 94 97 80 103 99 89 98 94 98 80 74 106 80 93 72 96 99 94 -0.44 -3.41 7.85 0.72 2.71 -2.29 27.45 32.78 -10.66 11.07 -21.36 }
{36 6938 90 94 94 95 83 88 91 99 82 99 96 93 95 99 105 84 99 91 107 105 95 74 81 88 -1.40 -3.00 -1.65 1.48 2.68 -1.32 27.45 33.09 -10.78 9.95 -20.81 }
{40 7096 94 98 98 91 87 91 95 103 86 95 92 89 95 99 105 84 99 91 107 105 95 74 81 88 2.72 1.21 1.21 1.78 2.39 -1.30 27.49 33.74 -10.66 8.95 -20.88 }
{44 7252 92 96 96 93 85 94 93 107 90 91 88 91 73 95 72 102 76 106 87 108 94 91 87 101 -1.34 6.85 2.02 1.93 2.25 -1.37 27.35 32.64 -10.38 8.58 -20.29 }
{49 7420 87 95 91 98 80 99 88 108 94 91 87 96 73 95 72 102 76 106 87 108 94 91 87 101 5.07 9.84 -1.94 1.88 2.55 -0.10 27.35 33.34 -9.70 7.51 -19.88 }
{56 7574 87 101 87 105 84 94 81 102 95 85 93 91 87 108 87 107 84 94 79 101 95 85 105 88 1064.12 33.98 -1.17 0.20 3.26 29.98 37.06 32.78 -44.12 41.00 -19.88 }
{63 7743 92 96 81 100 84 94 81 102 95 91 94 90 87 86 100 70 109 85 76 82 88 85 109 84 -1636.36 33.98 -1.17 0.20 1.52 123.14 37.06 33.63 -73.99 70.07 -19.88 }
{69 7899 87 90 87 94 90 88 76 96 89 85 100 84 87 86 100 70 109 85 76 82 88 85 109 84 -10.32 -3.90 -15.59 2.46 1.38 -3.95 27.35 33.74 -93.17 81.55 -20.14 }
{73 8060 84 86 91 90 88 90 79 92 91 84 98 81 79 70 95 76 73 96 83 80 108 84 90 74 -0.74 -3.32 -2.84 1.17 2.67 -1.52 27.35 27.37 -87.24 74.66 -20.88 }
{77 8217 84 88 95 86 88 88 83 94 95 87 97 83 84 96 104 73 88 74 100 100 109 93 97 95 1.13 -0.79 -4.17 1.44 2.29 -1.00 27.45 33.97 -81.51 68.32 -21.58 }
{81 8376 84 92 99 82 88 84 87 98 99 91 97 87 84 96 104 73 88 74 100 100 109 93 97 95 -2.13 -0.44 3.57 1.68 2.72 -1.10 27.35 34.43 -76.10 62.59 -21.69 }
{85 8537 87 90 97 84 86 80 91 96 97 89 94 91 102 89 77 95 86 75 93 90 94 78 85 105 2.11 2.11 4.17 1.02 3.24 -1.06 27.40 34.66 -71.43 57.82 -21.70 }
{90 8697 92 89 92 89 86 75 93 91 94 84 89 96 102 89 77 95 86 75 93 90 94 78 85 105 0.10 -0.15 21.48 2.23 2.87 -1.41 27.49 34.72 -70.38 57.06 -20.97 }
{97 8852 99 89 85 95 86 75 93 90 94 78 85 103 102 89 77 95 86 75 93 90 94 78 85 105 -949.53 33.98 -1.17 0.20 1.43 25.08 37.06 34.63 -96.79 84.02 -20.98 }
{101 9009 97 86 81 98 89 74 90 88 97 81 85 101 84 72 81 109 102 74 85 88 106 82 85 101 1.44 -2.73 -2.79 1.72 2.38 -1.15 27.40 34.45 -90.42 77.84 -20.22 }
{105 9168 93 82 81 102 93 74 86 88 101 82 85 101 84 72 81 109 102 74 85 88 106 82 85 101 -1.68 4.56 1.15 2.09 2.16 -1.05 27.49 33.92 -84.95 71.25 -21.71 }
{112 9340 98 87 87 97 95 80 91 82 96 87 79 95 99 107 103 97 95 80 92 81 78 87 71 95 -137.83 33.98 -1.17 0.20 3.19 -33.76 37.06 33.85 -109.43 96.33 -21.71 }
{119 9500 99 94 94 97 95 80 92 81 89 87 72 95 99 107 103 97 95 80 92 81 78 87 71 95 -12.95 33.98 -1.17 0.20 2.50 5.46 37.06 33.92 -130.69 118.10 -21.71 }
{126 9664 98 101 89 91 101 86 86 87 91 93 70 89 98 105 86 77 109 104 81 106 91 102 70 84 -1183.68 33.98 -1.17 0.20 3.13 -48.47 37.06 34.45 -149.15 137.01 -21.71 }
{133 9833 98 105 86 84 108 93 81 94 91 100 70 84 98 105 86 77 109 104 81 106 91 102 70 84 1017.29 33.98 -1.17 0.20 2.61 15.27 37.06 34.52 -165.17 153.42 -21.72 }
{140 10003 99 104 85 79 108 98 80 99 90 101 71 85 105 99 77 85 103 79 70 85 85 96 73 92 814.37 33.98 -1.17 0.20 3.33 -48.47 37.06 34.77 -179.08 167.67 -21.72 }
{147 10172 104 98 80 84 104 91 75 92 84 95 74 90 98 79 81 74 108 78 107 81 79 73 81 81 -1168.07 33.98 -1.17 0.20 2.82 -43.57 37.06 34.79 170.64 178.23 -21.72 }
{151 10334 100 94 82 82 102 93 79 88 82 97 78 90 86 74 107 78 94 100 100 86 82 104 107 94 -3.13 0.46 -0.70 1.96 2.66 -1.37 27.40 34.30 -175.00 164.27 -21.15 }
{156 10497 95 89 87 78 97 98 84 86 82 102 83 94 86 74 107 78 94 100 100 86 82 104 107 94 11.85 0.97 2.63 1.01 3.48 -0.08 27.49 34.28 -168.68 158.04 -21.08 }
{162 10671 89 83 93 78 94 100 90 86 82 104 89 94 98 95 88 89 79 79 103 73 77 77 83 72 2.94 -1.55 -7.21 0.93 2.73 -1.01 27.49 33.31 -163.05 152.70 -21.14 }
{166 10824 93 87 89 82 90 96 94 82 78 100 85 90 98 95 88 89 79 79 103 73 77 77 83 72 -0.29 0.51 4.58 1.14 2.38 -1.58 27.40 33.59 -150.56 140.79 -21.27 }
{173 10992 88 83 94 89 83 89 89 80 75 93 88 95 86 83 94 100 76 70 74 80 75 86 88 105 -2.56 10.57 -6.88 1.23 2.41 -1.48 27.54 32.20 -161.15 151.44 -21.30 }
{179 11152 92 86 89 95 87 93 93 84 80 87 83 101 107 86 88 96 107 101 108 84 89 87 83 101 1922.66 33.98 -1.17 0.20 1.53 -14.15 37.06 31.82 -168.48 158.77 -21.18 }
{184 11317 97 86 88 96 92 98 98 84 85 87 83 101 107 86 88 96 107 101 108 84 89 87 83 101 -0.42 2.72 10.17 1.21 2.07 -1.02 27.45 32.31 -162.41 153.41 -20.90 }
{188 11482 95 89 91 99 96 99 102 87 89 90 80 98 72 103 107 101 98 99 103 107 94 108 70 84 6.02 -3.05 2.18 1.43 1.42 -0.52 27.45 32.53 -150.52 141.27 -20.79 }
{193 11654 90 94 96 101 98 99 103 92 94 95 75 93 72 103 107 101 98 99 103 107 94 108 70 84 11.03 3.79 -12.11 1.79 1.28 -0.76 27.31 32.42 -141.17 132.58 -21.12 }
{0 5536 93 93 93 93 93 93 93 93 93 93 93 93 77 79 103 88 80 102 94 108 73 99 70 75 2.29 -0.64 -0.49 1.73 2.20 -1.22 27.40 33.05 -12.99 1.48 -23.45 }
{4 5679 89 95 93 89 89 91 91 93 89 97 95 89 72 97 93 77 79 70 82 93 79 99 107 70 0.71 -0.71 -3.86 1.79 2.22 -1.39 27.49 32.87 -12.52 1.31 -23.23 }
{8 5831 85 97 93 85 85 87 87 93 85 99 99 85 72 97 93 77 79 70 82 93 79 99 107 70 -0.74 -4.97 -16.76 1.34 2.19 -1.09 27.31 33.11 -12.27 1.17 -24.33 }
{12 5989 87 100 90 85 87 89 89 96 81 102 97 87 89 108 86 85 87 96 102 97 80 103 89 99 2.39 0.49 0.63 1.30 2.65 -1.57 27.45 33.16 -12.33 1.32 -24.11 }
{16 6144 89 104 86 85 87 93 93 97 80 103 93 91 89 108 86 85 87 96 102 97 80 103 89 99 3.74 1.41 9.04 1.16 2.94 -1.84 27.45 33.56 -12.29 1.20 -23.24 }
{20 6301 89 108 86 85 87 96 97 97 80 103 89 95 89 108 86 85 87 96 102 97 80 103 89 99 4.11 -2.04 9.13 1.47 3.39 -1.45 27.45 33.14 -11.69 14.79 -22.66 }
{24 6462 91 106 88 87 86 94 97 98 81 104 91 95 91 77 102 103 86 75 95 98 81 104 107 71 -2.44 0.02 0.70 1.73 2.33 -1.17 27.45 33.29 -11.48 13.63 -22.58 }
{28 6620 91 102 92 91 86 90 95 98 81 104 95 91 91 77 102 103 86 75 95 98 81 104 107 71 5.16 1.29 5.37 1.31 2.27 -1.11 27.45 32.96 -10.85 12.56 -21.88 }
{32 6780 92 98 96 93 85 88 94 97 80 103 99 89 98 94 98 80 74 106 80 93 72 96 99 94 -0.44 -3.41 7.85 0.72 2.71 -2.29 27.45 32.78 -10.66 11.07 -21.36 }
{36 6938 90 94 94 95 83 88 91 99 82 99 96 93 95 99 105 84 99 91 107 105 95 74 81 88 -1.40 -3.00 -1.65 1.48 2.68 -1.32 27.45 33.09 -10.78 9.95 -20.81 }
{40 7096 94 98 98 91 87 91 95 103 86 95 92 89 95 99 105 84 99 91 107 105 95 74 81 88 2.72 1.21 1.21 1.78 2.39 -1.30 27.49 33.74 -10.66 8.95 -20.88 }
{44 7252 92 96 96 93 85 94 93 107 90 91 88 91 73 95 72 102 76 106 87 108 94 91 87 101 -1.34 6.85 2.02 1.93 2.25 -1.37 27.35 32.64 -10.38 8.58 -20.29 }
{49 7420 87 95 91 98 80 99 88 108 94 91 87 96 73 95 72 102 76 106 87 108 94 91 87 101 5.07 9.84 -1.94 1.88 2.55 -0.10 27.35 33.34 -9.70 7.51 -19.88 }
{56 7574 87 101 87 105 84 94 81 102 95 85 93 91 87 108 87 107 84 94 79 101 95 85 105 88 1064.12 33.98 -1.17 0.20 3.26 29.98 37.06 32.78 -44.12 41.00 -19.88 }
{63 7743 92 96 81 100 84 94 81 102 95 91 94 90 87 86 100 70 109 85 76 82 88 85 109 84 -1636.36 33.98 -1.17 0.20 1.52 123.14 37.06 33.63 -73.99 70.07 -19.88 }
{69 7899 87 90 87 94 90 88 76 96 89 85 100 84 87 86 100 70 109 85 76 82 88 85 109 84 -10.32 -3.90 -15.59 2.46 1.38 -3.95 27.35 33.74 -93.17 81.55 -20.14 }
{73 8060 84 86 91 90 88 90 79 92 91 84 98 81 79 70 95 76 73 96 83 80 108 84 90 74 -0.74 -3.32 -2.84 1.17 2.67 -1.52 27.35 27.37 -87.24 74.66 -20.88 }
{77 8217 84 88 95 86 88 88 83 94 95 87 97 83 84 96 104 73 88 74 100 100 109 93 97 95 1.13 -0.79 -4.17 1.44 2.29 -1.00 27.45 33.97 -81.51 68.32 -21.58 }
{81 8376 84 92 99 82 88 84 87 98 99 91 97 87 84 96 104 73 88 74 100 100 109 93 97 95 -2.13 -0.44 3.57 1.68 2.72 -1.10 27.35 34.43 -76.10 62.59 -21.69 }
{85 8537 87 90 97 84 86 80 91 96 97 89 94 91 102 89 77 95 86 75 93 90 94 78 85 105 2.11 2.11 4.17 1.02 3.24 -1.06 27.40 34.66 -71.43 57.82 -21.70 }
{90 8697 92 89 92 89 86 75 93 91 94 84 89 96 102 89 77 95 86 75 93 90 94 78 85 105 0.10 -0.15 21.48 2.23 2.87 -1.41 27.49 34.72 -70.38 57.06 -20.97 }
{97 8852 99 89 85 95 86 75 93 90 94 78 85 103 102 89 77 95 86 75 93 90 94 78 85 105 -949.53 33.98 -1.17 0.20 1.43 25.08 37.06 34.63 -96.79 84.02 -20.98 }
{101 9009 97 86 81 98 89 74 90 88 97 81 85 101 84 72 81 109 102 74 85 88 106 82 85 101 1.44 -2.73 -2.79 1.72 2.38 -1.15 27.40 34.45 -90.42 77.84 -20.22 }
{105 9168 93 82 81 102 93 74 86 88 101 82 85 101 84 72 81 109 102 74 85 88 106 82 85 101 -1.68 4.56 1.15 2.09 2.16 -1.05 27.49 33.92 -84.95 71.25 -21.71 }
{112 9340 98 87 87 97 95 80 91 82 96 87 79 95 99 107 103 97 95 80 92 81 78 87 71 95 -137.83 33.98 -1.17 0.20 3.19 -33.76 37.06 33.85 -109.43 96.33 -21.71 }
{119 9500 99 94 94 97 95 80 92 81 89 87 72 95 99 107 103 97 95 80 92 81 78 87 71 95 -12.95 33.98 -1.17 0.20 2.50 5.46 37.06 33.92 -130.69 118.10 -21.71 }
{126 9664 98 101 89 91 101 86 86 87 91 93 70 89 98 105 86 77 109 104 81 106 91 102 70 84 -1183.68 33.98 -1.17 0.20 3.13 -48.47 37.06 34.45 -149.15 137.01 -21.71 }
{133 9833 98 105 86 84 108 93 81 94 91 100 70 84 98 105 86 77 109 104 81 106 91 102 70 84 1017.29 33.98 -1.17 0.20 2.61 15.27 37.06 34.52 -165.17 153.42 -21.72 }
{140 10003 99 104 85 79 108 98 80 99 90 101 71 85 105 99 77 85 103 79 70 85 85 96 73 92 814.37 33.98 -1.17 0.20 3.33 -48.47 37.06 34.77 -179.08 167.67 -21.72 }
{147 10172 104 98 80 84 104 91 75 92 84 95 74 90 98 79 81 74 108 78 107 81 79 73 81 81 -1168.07 33.98 -1.17 0.20 2.82 -43.57 37.06 34.79 170.64 178.23 -21.72 }
{151 10334 100 94 82 82 102 93 79 88 82 97 78 90 86 74 107 78 94 100 100 86 82 104 107 94 -3.13 0.46 -0.70 1.96 2.66 -1.37 27.40 34.30 -175.00 164.27 -21.15 }
{156 10497 95 89 87 78 97 98 84 86 82 102 83 94 86 74 107 78 94 100 100 86 82 104 107 94 11.85 0.97 2.63 1.01 3.48 -0.08 27.49 34.28 -168.68 158.04 -21.08 }
{162 10671 89 83 93 78 94 100 90 86 82 104 89 94 98 95 88 89 79 79 103 73 77 77 83 72 2.94 -1.55 -7.21 0.93 2.73 -1.01 27.49 33.31 -163.05 152.70 -21.14 }
{166 10824 93 87 89 82 90 96 94 82 78 100 85 90 98 95 88 89 79 79 103 73 77 77 83 72 -0.29 0.51 4.58 1.14 2.38 -1.58 27.40 33.59 -150.56 140.79 -21.27 }
{173 10992 88 83 94 89 83 89 89 80 75 93 88 95 86 83 94 100 76 70 74 80 75 86 88 105 -2.56 10.57 -6.88 1.23 2.41 -1.48 27.54 32.20 -161.15 151.44 -21.30 }
{179 11152 92 86 89 95 87 93 93 84 80 87 83 101 107 86 88 96 107 101 108 84 89 87 83 101 1922.66 33.98 -1.17 0.20 1.53 -14.15 37.06 31.82 -168.48 158.77 -21.18 }
{184 11317 97 86 88 96 92 98 98 84 85 87 83 101 107 86 88 96 107 101 108 84 89 87 83 101 -0.42 2.72 10.17 1.21 2.07 -1.02 27.45 32.31 -162.41 153.41 -20.90 }
{188 11482 95 89 91 99 96 99 102 87 89 90 80 98 72 103 107 101 98 99 103 107 94 108 70 84 6.02 -3.05 2.18 1.43 1.42 -0.52 27.45 32.53 -150.52 141.27 -20.79 }
{193 11654 90 94 96 101 98 99 103 92 94 95 75 93 72 103 107 101 98 99 103 107 94 108 70 84 11.03 3.79 -12.11 1.79 1.28 -0.76 27.31 32.42 -141.17 132.58 -21.12 }
{0 5531 93 93 93 93 93 93 93 93 93 93 93 93 77 79 103 88 80 102 94 108 73 99 70 75 -1651.97 33.98 -1.17 0.20 1.81 118.24 37.06 27.06 -28.33 10.27 -28.07 }
{5 5678 88 96 93 88 88 90 90 93 88 98 96 88 72 97 93 77 79 70 82 93 79 99 107 70 1.84 -2.41 -3.66 1.70 2.30 -1.42 27.80 27.84 -31.16 14.12 -28.09 }
{10 5834 83 97 93 83 83 85 85 93 83 99 101 83 72 97 93 77 79 70 82 93 79 99 107 70 3.41 -1.81 -9.66 1.44 2.60 -1.43 27.82 28.31 -33.79 17.35 -28.47 }
{14 5986 85 100 90 85 85 87 87 96 80 102 99 85 89 108 86 85 87 96 102 97 80 103 89 99 3.01 -1.86 -0.92 1.23 2.95 -1.76 27.80 28.64 -32.26 16.06 -28.87 }
{19 6157 89 105 86 85 87 92 92 97 80 103 94 90 89 108 86 85 87 96 102 97 80 103 89 99 -0.01 -1.70 1.37 1.28 3.24 -1.67 27.82 29.00 -29.91 14.90 -27.49 }
{23 6304 89 108 86 85 87 96 96 97 80 103 90 94 89 108 86 85 87 96 102 97 80 103 89 99 1.13 -2.48 -1.54 1.43 3.11 -0.89 27.81 27.84 -28.60 13.65 -27.30 }
{27 6465 91 106 88 87 86 94 96 98 81 104 91 94 91 77 102 103 86 75 95 98 81 104 107 71 2.52 0.05 1.31 1.54 2.47 -1.21 27.81 28.07 -27.07 12.41 -27.34 }
{32 6636 91 101 93 92 86 89 95 98 81 104 96 89 91 77 102 103 86 75 95 98 81 104 107 71 2.69 -0.73 0.50 1.77 2.47 -1.53 27.80 27.42 -24.75 11.61 -25.72 }
{36 6785 92 97 97 94 85 87 94 97 80 103 99 87 98 94 98 80 74 106 80 93 72 96 99 94 -2.71 -2.38 2.06 1.25 2.74 -1.01 27.79 27.91 -24.70 10.00 -26.07 }
{40 6942 90 93 95 96 83 88 91 99 82 99 96 91 95 99 105 84 99 91 107 105 95 74 81 88 3.13 -1.37 -2.27 1.48 2.97 -0.98 27.81 28.38 -24.19 8.78 -26.67 }
{44 7098 94 97 99 92 87 91 95 103 86 95 92 88 95 99 105 84 99 91 107 105 95 74 81 88 2.14 -0.64 0.66 1.61 2.47 -1.29 27.81 27.75 -22.78 8.00 -26.55 }
{48 7257 92 95 97 94 85 94 93 107 90 91 88 91 73 95 72 102 76 106 87 108 94 91 87 101 -0.53 1.61 -0.61 1.93 2.34 -1.22 27.81 28.78 -21.24 7.31 -26.41 }
{53 7414 87 95 92 99 80 99 88 108 94 91 87 96 73 95 72 102 76 106 87 108 94 91 87 101 9.73 1.82 -1.59 1.50 2.71 -0.43 27.80 27.78 -29.62 16.34 -26.49 }
{57 7574 87 98 88 103 82 97 84 105 95 88 90 94 87 108 87 107 84 94 79 101 95 85 105 88 4.60 -0.47 -8.85 1.66 1.81 -1.23 27.81 27.98 -26.88 15.29 -28.32 }
{61 7737 90 96 84 101 84 97 82 104 94 90 90 92 92 75 72 82 77 91 85 102 101 91 100 101 2.87 1.50 3.30 2.32 2.07 -1.16 27.78 27.91 -25.26 13.88 -29.16 }
{65 7896 88 92 86 97 86 93 80 100 92 88 94 90 87 86 100 70 109 85 76 82 88 85 109 84 0.14 -0.80 -2.53 1.99 2.36 -1.69 27.81 28.74 -23.80 13.29 -28.57 }
{70 8061 87 87 91 92 91 88 76 95 88 85 99 85 79 70 95 76 73 96 83 80 108 84 90 74 -0.12 -4.12 -9.76 1.84 2.01 -1.27 27.80 28.20 -25.47 15.01 -28.81 }
{74 8212 84 87 95 88 88 88 80 95 92 86 97 85 84 96 104 73 88 74 100 100 109 93 97 95 1.01 -0.83 -3.40 1.40 2.50 -1.44 27.78 29.92 -23.88 13.83 -30.13 }
{79 8379 84 92 100 83 88 83 85 100 97 91 97 90 84 96 104 73 88 74 100 100 109 93 97 95 -1.14 -1.20 1.59 1.85 3.00 -1.39 27.79 29.20 -22.28 12.47 -30.07 }
{83 8531 86 92 100 83 86 79 89 98 97 91 95 94 102 89 77 95 86 75 93 90 94 78 85 105 10.54 -2.61 0.18 1.58 2.39 -1.79 27.80 30.12 -21.19 11.19 -29.31 }
{88 8690 91 89 95 88 86 75 93 93 94 86 90 99 102 89 77 95 86 75 93 90 94 78 85 105 -243.57 7.88 -1.17 0.20 3.31 15.27 36.91 30.50 -29.72 19.81 -29.02 }
{94 8851 97 89 89 94 86 75 93 90 94 80 85 105 102 89 77 95 86 75 93 90 94 78 85 105 2.40 -1.63 19.18 1.90 3.22 -1.40 27.78 29.32 -46.98 37.02 -28.59 }
{99 9015 94 85 84 99 90 74 89 88 98 82 85 101 84 72 81 109 102 74 85 88 106 82 85 101 1.39 -2.61 5.08 2.47 2.37 -0.65 27.79 28.98 -48.40 38.39 -28.47 }
{103 9164 90 81 81 103 94 74 85 88 102 82 85 101 84 72 81 109 102 74 85 88 106 82 85 101 1.82 2.51 -5.42 2.34 2.76 -1.26 27.80 28.85 -46.15 35.73 -30.11 }
{110 9336 95 86 87 98 95 80 91 82 97 87 79 95 99 107 103 97 95 80 92 81 78 87 71 95 -278.32 33.98 -1.17 0.20 1.89 -77.89 37.06 28.58 -75.76 65.49 -30.11 }
{115 9490 99 91 92 97 95 80 92 81 92 87 74 95 99 107 103 97 95 80 92 81 78 87 71 95 0.57 -3.02 6.14 1.93 3.06 -1.68 27.80 28.74 -79.21 69.08 -29.61 }
{119 9648 98 95 90 94 98 83 89 84 91 90 70 92 98 105 86 77 109 104 81 106 91 102 70 84 0.81 -1.55 -1.42 1.65 2.62 -1.22 27.78 28.24 -73.78 63.66 -29.97 }
{124 9811 98 100 86 89 103 88 84 89 91 95 70 87 98 105 86 77 109 104 81 106 91 102 70 84 0.80 -7.03 -9.92 1.73 2.49 -2.12 27.81 29.96 -72.93 62.89 -29.81 }
{130 9979 98 105 86 83 109 94 81 95 91 101 70 84 98 105 86 77 109 104 81 106 91 102 70 84 236.81 33.98 -1.17 0.20 1.66 83.92 37.06 29.87 -80.15 70.22 -30.04 }
{134 10139 101 102 83 85 106 92 78 93 88 99 73 87 105 99 77 85 103 79 70 85 85 96 73 92 1.27 -2.47 -1.88 1.35 2.47 -0.56 27.77 29.63 -74.68 64.16 -30.98 }
{138 10301 101 98 81 83 106 88 78 89 84 95 75 87 98 79 81 74 108 78 107 81 79 73 81 81 -0.68 -1.67 6.03 1.67 3.05 -1.17 27.81 29.03 -70.21 59.19 -30.93 }
{142 10464 97 94 82 81 104 90 82 87 82 97 79 87 86 74 107 78 94 100 100 86 82 104 107 94 1.44 0.46 1.10 1.88 2.43 -1.14 27.79 29.16 -65.75 54.37 -30.97 }
{147 10631 92 89 87 78 99 95 87 86 82 102 84 92 86 74 107 78 94 100 100 86 82 104 107 94 8.66 1.65 -0.82 1.43 3.35 -0.82 27.79 28.53 -60.22 49.14 -30.96 }
{151 10783 88 85 91 78 95 99 91 86 82 104 88 94 86 74 107 78 94 100 100 86 82 104 107 94 5.52 -4.48 -2.09 1.19 1.34 -1.02 27.81 28.29 -62.07 45.27 -32.09 }
{158 10955 93 90 88 84 88 94 98 80 77 98 83 88 98 95 88 89 79 79 103 73 77 77 83 72 -793.44 33.98 -1.17 0.20 1.52 74.11 37.06 27.11 -89.57 73.78 -32.09 }
{165 11116 90 87 93 91 81 87 95 80 75 91 88 91 86 83 94 100 76 70 74 80 75 86 88 105 -1261.73 33.98 -1.17 0.20 2.07 -72.99 37.06 27.93 -113.45 98.53 -32.10 }
{172 11281 95 86 88 96 86 92 100 84 81 87 83 98 107 86 88 96 107 101 108 84 89 87 83 101 -79.42 7.88 -1.17 0.20 1.41 -2.51 37.06 26.83 -128.91 114.69 -32.04 }
{177 11441 100 86 88 96 91 97 105 84 86 87 83 101 107 86 88 96 107 101 108 84 89 87 83 101 9.33 -1.35 11.60 1.46 2.41 -1.02 27.78 27.46 -126.89 113.40 -31.72 }
{181 11609 98 89 91 99 95 99 103 87 90 90 80 98 72 103 107 101 98 99 103 107 94 108 70 84 7.93 -0.61 0.12 1.91 1.72 -0.96 27.80 27.08 -117.59 104.83 -31.22 }
{186 11785 93 94 96 101 98 99 103 92 94 95 75 93 72 103 107 101 98 99 103 107 94 108 70 84 9.32 2.27 -7.79 2.10 1.63 -0.98 27.79 26.90 -106.42 94.86 -31.45 }
{191 11951 88 99 101 101 98 99 103 97 94 100 70 88 72 103 107 101 98 99 103 107 94 108 70 84 2.63 -2.76 -11.11 2.12 1.94 -1.42 27.77 27.08 -96.65 86.16 -31.66 }
{195 12108 90 97 99 98 101 96 100 101 91 98 73 87 105 97 70 80 105 96 97 108 70 76 105 87 1.84 -1.99 -8.88 1.89 1.63 -1.11 27.78 27.02 -88.93 79.51 -32.07 }
{199 12272 94 100 95 100 99 99 96 99 87 94 77 90 104 103 70 104 88 107 95 79 85 73 92 107 2.60 -1.19 0.23 1.91 1.80 -1.30 27.80 26.66 -82.75 73.25 -32.06 }
{204 12446 99 103 90 104 94 104 95 94 85 89 82 95 104 103 70 104 88 107 95 79 85 73 92 107 6.75 0.69 14.67 2.02 2.18 -1.36 27.79 26.55 -75.22 66.29 -30.72 }
{209 12610 104 103 85 104 89 107 95 89 85 84 87 100 104 103 70 104 88 107 95 79 85 73 92 107 4.10 0.23 5.02 2.01 1.94 -0.50 27.79 26.75 -68.86 59.81 -30.65 }
{213 12765 101 100 87 101 91 104 98 91 88 86 88 98 89 77 97 99 105 93 103 93 98 95 88 89 6.28 1.10 2.11 2.46 1.64 -1.53 27.78 26.14 -63.69 55.09 -30.49 }
{217 12925 97 96 91 99 95 100 102 93 92 90 88 94 89 77 97 99 105 93 103 93 98 95 88 89 1.26 1.04 -3.07 2.09 1.70 -1.37 27.78 26.93 -59.29 50.74 -31.20 }
{222 13097 92 94 88 95 92 95 99 97 97 87 84 90 80 94 82 83 73 87 70 100 101 70 73 90 -3.49 -2.22 -15.33 2.61 2.66 -1.85 27.78 27.42 -53.79 46.46 -30.43 }
{229 13252 85 94 82 88 85 88 92 100 101 80 77 90 80 94 82 83 73 87 70 100 101 70 73 90 283.64 33.98 -1.17 0.20 2.81 98.63 37.06 27.59 -82.39 74.81 -30.43 }
{234 13413 83 90 78 91 88 84 90 104 102 83 80 92 83 88 73 106 100 84 90 109 102 84 99 92 -1.83 -1.80 -5.04 1.74 2.74 -1.34 27.79 28.94 -85.12 77.28 -30.58 }
{238 13576 81 92 80 93 86 81 87 102 99 87 84 95 81 100 109 93 80 70 73 80 81 99 108 96 1.79 -1.23 -0.76 1.99 2.35 -0.87 27.79 28.60 -79.01 71.02 -30.97 }
{243 13748 81 97 85 93 81 76 82 97 94 92 89 96 81 100 109 93 80 70 73 80 81 99 108 96 4.22 -0.61 -9.27 1.42 2.34 -0.90 27.78 28.69 -72.28 64.15 -30.26 }
{248 13907 81 100 90 93 80 71 77 92 89 97 94 96 81 100 109 93 80 70 73 80 81 99 108 96 -0.48 -3.28 -9.04 0.59 2.42 -1.27 27.79 28.58 -66.40 57.46 -30.54 }
{252 14059 84 97 88 90 77 73 79 88 91 95 98 99 100 91 86 74 74 108 86 81 94 70 108 101 1.45 -0.70 -5.30 1.29 2.39 -1.16 27.79 28.62 -61.66 52.82 -29.58 }
{256 14221 88 99 84 86 73 77 83 84 89 91 96 97 93 101 71 75 70 88 104 79 83 70 95 82 1.13 0.07 5.08 2.13 2.52 -1.52 27.77 27.31 -57.17 48.98 -28.99 }
{260 14377 92 103 80 88 74 81 87 86 85 93 92 99 98 107 78 100 74 105 87 101 80 96 80 103 -2.65 -2.67 11.41 1.89 2.63 -0.61 27.77 27.64 -53.83 44.89 -30.03 }
{264 14540 96 107 78 92 74 85 87 90 81 96 88 103 98 107 78 100 74 105 87 101 80 96 80 103 1.96 -2.53 2.20 1.42 2.62 -1.18 27.79 27.22 -50.16 40.99 -30.71 }
{268 14705 94 104 81 90 77 89 90 94 77 99 84 100 75 70 92 73 102 97 91 100 70 109 77 81 0.69 -4.06 -5.24 2.08 3.00 -1.44 27.79 27.55 -46.39 38.41 -29.43 }
{273 14878 89 99 86 85 82 94 91 99 72 104 79 95 75 70 92 73 102 97 91 100 70 109 77 81 5.85 -2.13 -12.08 1.67 2.13 -0.35 27.79 27.21 -41.95 33.87 -30.12 }
{277 15030 85 95 84 87 86 92 94 97 74 102 81 97 84 95 71 107 98 72 105 84 75 83 90 101 -1.64 -2.45 -6.37 1.09 1.80 -0.78 27.78 26.83 -39.20 30.71 -30.24 }
{281 15190 84 95 80 91 90 88 98 93 75 98 85 101 84 95 71 107 98 72 105 84 75 83 90 101 0.66 0.54 0.93 1.56 2.89 -1.74 27.80 27.55 -36.59 28.45 -29.63 }
{285 15350 84 95 79 89 94 84 102 94 78 94 89 98 84 95 79 83 99 76 106 94 90 88 102 70 -3.40 1.62 0.73 1.32 2.77 -1.43 27.79 26.88 -33.21 25.89 -28.80 }
{290 15520 84 95 79 84 99 79 106 94 83 89 94 93 84 95 79 83 99 76 106 94 90 88 102 70 -8.73 -0.13 0.40 1.48 2.41 -2.13 27.79 26.83 -31.37 23.73 -28.51 }
{295 15680 84 95 79 83 99 76 106 94 88 88 99 88 84 95 79 83 99 76 106 94 90 88 102 70 1.71 1.21 -3.92 2.14 2.86 -1.37 27.78 27.93 -29.75 21.82 -28.33 }
{302 15836 90 97 85 89 93 82 100 88 83 94 94 93 90 97 102 89 88 91 81 86 81 101 78 101 939.25 33.98 -1.17 0.20 3.33 -9.25 37.06 28.40 -61.51 53.42 -28.33 }
{307 16000 90 97 90 89 88 87 95 86 81 99 89 98 90 97 102 89 88 91 81 86 81 101 78 101 2.61 -2.70 -2.53 1.64 2.08 -0.68 27.79 27.71 -56.28 47.11 -26.40 }
{312 16162 90 97 95 89 88 91 90 86 81 101 84 101 90 97 102 89 88 91 81 86 81 101 78 101 6.80 -2.80 -4.96 1.27 2.14 -1.07 27.80 26.17 -51.62 42.39 -25.19 }
{316 16315 87 94 93 92 85 94 92 89 78 104 83 98 75 70 70 108 83 97 100 101 73 104 83 77 2.58 1.93 -1.37 2.01 2.09 -1.21 27.79 26.46 -48.24 38.97 -23.81 }
{320 16476 89 90 89 96 81 98 90 87 80 101 86 94 105 81 72 106 76 105 74 71 87 91 93 74 5.47 0.91 -0.01 1.14 1.40 -0.46 27.79 25.88 -66.21 35.12 -24.41 }
{326 16638 95 84 83 102 76 104 84 81 86 95 92 88 105 81 72 106 76 105 74 71 87 91 93 74 5.64 10.97 2.38 2.26 1.10 -0.44 27.79 26.06 -85.96 50.97 -24.31 }
{331 16808 92 79 85 100 80 101 83 84 83 98 89 91 86 71 85 100 86 95 83 91 70 101 79 95 0.46 2.34 -0.15 1.57 2.49 -0.76 27.79 25.94 -78.67 45.23 -24.32 }
{336 16968 87 74 85 100 85 96 83 89 78 101 84 95 86 71 85 100 86 95 83 91 70 101 79 95 -11.80 -5.83 -4.98 0.91 2.38 -1.91 27.79 25.90 -71.87 40.46 -24.48 }
{341 17130 86 71 85 100 86 95 83 91 73 101 79 95 86 71 85 100 86 95 83 91 70 101 79 95 2.42 1.20 1.41 1.87 1.73 -1.03 27.79 26.19 -65.51 36.04 -25.06 }
{345 17280 86 74 82 97 83 98 86 88 75 98 82 92 101 80 88 81 94 108 108 84 95 77 79 88 2.52 0.14 0.31 1.56 2.02 -1.30 27.78 26.06 -60.91 33.08 -25.22 }
{349 17436 90 78 86 93 87 102 90 84 79 94 79 88 101 80 88 81 94 108 108 84 95 77 79 88 4.39 0.07 5.37 1.93 2.28 -1.38 27.79 26.05 -56.14 30.63 -25.67 }
{353 17597 94 82 90 95 91 100 88 87 83 96 82 85 95 81 82 94 106 107 105 75 100 85 102 100 -0.27 1.93 -0.99 1.54 2.09 -1.28 27.81 25.83 -51.66 28.31 -26.03 }
{357 17761 98 84 86 97 89 98 86 83 87 92 80 83 107 89 77 105 83 89 79 74 89 91 75 79 1.44 -2.74 0.61 2.13 1.72 -1.46 27.80 26.35 -48.13 26.13 -25.01 }
{361 17918 102 88 82 101 85 94 82 79 89 91 76 79 107 89 77 105 83 89 79 74 89 91 75 79 -0.10 0.72 5.47 2.27 2.41 -2.00 27.77 27.33 -46.51 24.44 -23.61 }
{365 18079 103 86 79 100 87 90 84 81 88 88 72 82 103 70 79 100 87 76 108 93 88 86 71 109 -1.25 -1.05 0.37 2.03 2.60 -1.74 27.79 27.35 -44.50 23.19 -23.22 }
{370 18253 103 81 79 100 87 85 89 86 88 86 71 87 103 70 79 100 87 76 108 93 88 86 71 109 -5.16 2.72 6.34 1.81 3.16 -1.57 27.78 27.93 -41.86 20.83 -23.03 }
{374 18406 100 83 82 97 90 87 93 84 91 89 74 91 77 98 109 97 105 105 102 74 99 94 84 97 -0.53 0.75 -0.27 2.05 3.11 -1.62 27.77 28.78 -39.39 19.65 -22.54 }
{378 18568 96 81 86 94 94 89 97 86 89 93 78 89 85 75 86 91 95 89 101 93 88 108 109 74 -2.84 -1.12 -3.42 2.06 2.93 -1.20 27.79 28.60 -36.68 18.40 -22.87 }
{383 18738 91 76 86 91 95 89 101 91 88 98 83 84 85 75 86 91 95 89 101 93 88 108 109 74 11.38 3.33 -8.95 1.82 2.13 -1.59 27.79 28.42 -34.32 16.41 -23.97 }
{388 18899 94 75 90 95 91 85 97 88 92 95 88 87 109 75 101 97 74 75 71 84 96 80 93 102 -0.19 -1.84 -4.37 1.85 2.89 -1.01 27.78 28.07 -32.23 15.22 -23.72 }
{392 19051 92 78 88 93 90 81 95 90 92 97 92 91 91 84 87 87 90 79 95 97 92 109 107 106 4.20 -1.61 2.96 1.83 2.90 -1.85 27.79 28.24 -30.73 14.45 -21.97 }
{397 19221 91 83 87 88 90 79 95 95 92 102 97 96 91 84 87 87 90 79 95 97 92 109 107 106 2.28 -1.77 0.02 1.25 3.44 -1.40 27.79 27.95 -29.07 13.00 -22.30 }
{402 19381 91 84 87 87 90 79 95 97 92 107 102 101 91 84 87 87 90 79 95 97 92 109 107 106 1.71 -5.77 0.50 1.48 2.98 -1.04 27.80 27.08 -27.09 11.71 -21.95 }
{406 19532 88 87 90 90 93 82 92 100 95 105 106 105 72 99 109 98 93 87 71 102 96 91 107 106 1.27 0.31 0.55 1.92 2.80 -1.31 27.78 27.68 -25.82 10.85 -21.60 }
{411 19706 83 92 95 95 93 87 87 102 96 100 107 106 72 99 109 98 93 87 71 102 96 91 107 106 7.06 1.53 -1.80 1.85 2.94 -0.53 27.79 26.93 -24.03 9.57 -22.45 }
{416 19869 78 97 100 98 93 87 82 102 96 95 107 106 72 99 109 98 93 87 71 102 96 91 107 106 1.36 0.80 -1.39 1.58 2.50 -1.48 27.79 26.92 -23.12 8.47 -22.99 }
{420 20022 80 95 104 95 96 84 84 102 93 97 108 103 80 84 105 91 102 83 97 102 74 101 108 102 5.78 1.18 -3.27 1.51 2.67 -1.65 27.80 26.99 -22.06 7.38 -23.57 }
{425 20198 80 90 105 91 101 83 89 102 88 101 108 102 80 84 105 91 102 83 97 102 74 101 108 102 1.56 -0.64 -0.69 1.52 2.80 -1.81 27.79 27.10 -20.49 6.94 -22.79 }
{429 20356 80 92 108 94 105 80 93 99 84 102 105 105 80 93 109 104 109 76 105 71 73 102 76 109 14.25 -11.66 -4.81 2.42 3.00 -1.93 27.79 27.02 -17.38 4.96 -22.95 }
{434 20536 80 93 109 99 109 76 98 94 79 102 100 109 80 93 109 104 109 76 105 71 73 102 76 109 -6.59 -1.55 10.03 0.80 2.97 -2.10 27.79 26.64 -16.94 4.19 -23.20 }
{438 20694 80 93 106 97 106 79 101 96 81 99 96 109 80 93 99 75 93 101 101 102 86 89 81 109 1.44 -1.80 -1.72 1.18 2.28 -1.14 27.78 26.25 -16.12 3.44 -23.37 }
{442 20858 83 90 102 99 102 83 98 94 85 95 92 106 106 81 87 103 78 87 80 73 86 79 81 104 4.32 -0.68 -1.07 1.33 1.96 -1.15 27.77 26.34 -15.47 2.84 -23.32 }
{447 21031 88 85 97 103 97 87 93 89 86 90 87 104 106 81 87 103 78 87 80 73 86 79 81 104 11.13 2.13 8.89 2.44 1.80 -1.27 27.81 25.67 -13.38 2.81 -22.42 }
{451 21181 92 87 93 100 93 84 89 85 83 86 83 101 94 96 81 100 72 74 80 74 83 71 77 89 2.83 -1.54 4.02 1.64 1.80 -0.92 27.80 26.43 -12.99 1.78 -22.76 }
{456 21350 94 92 88 100 88 79 84 80 83 81 78 96 94 96 81 100 72 74 80 74 83 71 77 89 0.60 0.25 -2.09 1.55 1.94 -1.27 27.79 26.30 -12.18 1.63 -22.42 }
{460 21495 91 96 84 97 84 75 82 82 84 83 77 92 87 100 71 91 75 72 82 82 84 109 77 87 -14.07 11.44 -5.33 1.58 1.84 -2.49 27.79 26.90 -13.70 2.92 -22.25 }
{464 21656 87 96 84 93 84 75 80 84 86 87 79 92 80 89 100 87 91 106 70 89 102 109 106 100 -7.87 -3.84 -8.53 1.92 2.98 -1.34 27.78 27.77 -13.98 2.41 -23.00 }
{468 21819 83 92 88 89 88 79 76 88 90 91 83 96 80 89 100 87 91 106 70 89 102 109 106 100 -0.41 0.74 -5.39 2.63 2.20 -0.29 27.79 27.11 -14.31 0.76 -23.13 }
{472 21980 80 89 92 87 91 83 72 89 94 95 87 100 80 89 100 87 91 106 70 89 102 109 106 100 -1.83 0.48 -18.70 4.36 2.35 -1.55 27.81 27.21 -14.44 0.14 -25.99 }
{476 22147 78 86 90 90 94 87 74 91 92 93 85 97 78 84 74 108 100 91 85 91 81 91 75 71 2.05 -1.20 -1.14 1.49 2.51 -1.14 27.78 27.21 -14.09 -0.02 -26.16 }
{480 22303 78 84 86 94 98 91 78 91 88 91 81 93 78 84 74 108 100 91 85 91 81 91 75 71 8.84 1.15 0.18 1.27 2.50 -0.89 27.78 26.86 -13.63 -0.49 -27.14 }
{484 22462 79 83 82 96 99 92 82 92 86 92 79 90 100 78 75 83 87 99 86 93 91 105 108 90 5.97 3.33 1.19 2.27 1.79 -1.48 27.79 27.66 -12.38 -0.05 -26.96 }
{489 22626 84 78 77 91 94 97 86 93 91 97 84 90 100 78 75 83 87 99 86 93 91 105 108 90 2.07 0.51 0.26 2.02 2.30 -1.22 27.78 28.60 -16.58 4.76 -26.90 }
{495 22775 90 78 75 85 88 99 86 93 91 103 90 90 100 78 75 83 87 99 86 93 91 105 108 90 1.24 -8.42 -3.72 2.12 2.03 -1.14 27.78 29.34 -35.04 23.69 -26.90 }
{499 22938 92 81 78 81 84 96 85 90 88 101 88 93 92 84 93 73 79 80 85 85 74 84 73 108 -1.54 -3.34 3.39 1.77 2.55 -1.08 27.78 27.66 -33.34 21.72 -26.04 }
{503 23096 92 84 82 77 80 92 85 86 84 97 84 97 92 84 93 73 79 80 85 85 74 84 73 108 0.22 -0.53 3.95 1.85 3.02 -1.19 27.79 28.13 -31.75 20.11 -25.21 }
{508 23266 92 84 87 73 79 87 85 85 79 92 79 102 92 84 93 73 79 80 85 85 74 84 73 108 -2.09 -2.70 3.16 1.89 3.06 -1.37 27.79 27.77 -30.54 18.18 -25.38 }
{512 23413 89 87 91 76 82 83 82 88 77 94 81 100 82 106 104 90 90 80 78 91 77 106 97 91 3.00 -2.36 2.61 1.52 2.15 -1.03 27.78 27.31 -28.96 16.32 -25.03 }
{516 23573 85 91 95 80 86 80 78 91 77 98 85 96 82 106 104 90 90 80 78 91 77 106 97 91 6.00 -6.18 -12.35 2.24 2.24 -0.97 27.79 27.15 -26.68 14.23 -25.36 }
{521 23746 82 96 100 85 90 80 78 91 77 103 90 91 78 81 78 105 83 101 79 83 109 101 90 74 -2.71 -5.03 -10.03 1.75 2.37 -1.19 27.79 27.75 -24.92 11.97 -26.48 }
{525 23899 78 92 96 89 86 84 79 87 81 101 90 87 78 81 78 105 83 101 79 83 109 101 90 74 2.78 -0.42 -2.84 1.34 2.65 -1.13 27.79 27.86 -23.66 11.01 -26.23 }
{529 24062 79 88 92 93 84 88 80 83 85 102 89 85 100 80 70 103 92 88 92 74 98 103 85 90 5.04 -1.05 -5.48 1.21 2.24 -1.11 27.79 28.54 -22.42 10.09 -26.46 }
{533 24222 83 84 88 97 88 88 84 79 89 103 85 89 100 80 70 103 92 88 92 74 98 103 85 90 2.74 2.04 1.41 1.03 2.28 -1.28 27.80 27.02 -20.91 9.02 -26.64 }
{537 24382 87 82 84 99 92 87 86 77 93 102 86 89 106 97 80 77 93 83 82 91 94 70 90 88 0.90 0.88 2.72 1.44 2.13 -1.63 27.79 27.75 -19.58 8.54 -26.38 }
{542 24549 92 87 80 94 93 83 82 82 94 97 90 88 106 97 80 77 93 83 82 91 94 70 90 88 -7.89 1.81 3.80 2.25 2.49 -1.99 27.79 27.31 -18.72 8.83 -25.14 }
{546 24692 96 91 80 90 93 83 82 86 94 93 90 88 106 97 80 77 93 83 82 91 94 70 90 88 -0.42 -3.35 1.89 1.84 3.10 -1.19 27.79 28.29 -17.92 8.30 -24.28 }
{550 24851 94 89 83 86 92 86 80 84 91 89 87 91 93 88 84 75 92 99 80 79 88 80 85 93 0.74 1.93 -0.69 1.99 2.82 -1.60 27.80 28.44 -17.62 7.81 -23.74 }
{555 25017 93 88 84 81 92 91 80 79 88 84 85 93 93 88 84 75 92 99 80 79 88 80 85 93 5.52 -0.33 -2.29 1.87 2.39 -0.84 27.78 28.35 -16.45 7.06 -24.24 }
{559 25159 93 88 84 77 92 95 80 79 88 80 85 93 95 84 105 71 101 96 81 89 93 104 107 109 3.82 0.74 0.28 2.09 1.72 -2.02 27.79 27.55 -14.76 7.35 -23.41 }
{563 25321 93 87 84 77 92 94 83 79 92 84 89 93 90 87 75 108 74 92 105 70 97 90 97 76 4.52 -1.67 -4.35 2.02 2.36 -0.58 27.79 28.00 -13.30 6.24 -22.99 }
{567 25480 89 84 80 80 93 96 87 75 90 82 88 89 72 73 79 80 93 108 103 71 80 70 88 70 1.84 0.71 2.76 1.54 2.43 -1.57 27.79 27.46 -12.75 5.84 -22.70 }
{571 25633 85 80 79 80 93 100 91 71 86 78 88 85 72 73 79 80 93 108 103 71 80 70 88 70 4.69 1.41 -0.14 1.96 2.21 -1.28 27.80 27.64 -12.38 5.42 -23.13 }
{575 25793 83 78 80 81 94 102 93 72 84 76 89 83 97 86 101 96 101 94 89 86 94 82 98 104 6.25 -1.51 -2.44 1.95 1.88 -1.01 27.79 27.78 -11.40 4.92 -23.84 }
{579 25953 87 82 84 80 93 98 94 76 84 78 91 87 89 98 101 80 93 97 94 93 84 78 91 102 1.93 -0.62 -0.15 2.06 1.88 -1.38 27.81 27.69 -10.81 4.63 -23.86 }
{584 26122 89 87 89 80 93 97 94 81 84 78 91 92 89 98 101 80 93 97 94 93 84 78 91 102 2.89 -0.67 6.40 1.67 2.04 -1.40 27.79 27.17 -10.40 4.23 -23.34 }
{588 26268 86 91 89 83 96 94 91 85 87 81 88 90 73 109 89 89 106 91 77 103 89 98 74 70 4.72 -0.51 -0.75 2.11 1.56 -1.29 27.79 26.77 -9.94 3.94 -22.83 }
{592 26425 82 95 89 87 100 91 87 89 89 85 84 86 73 109 89 89 106 91 77 103 89 98 74 70 3.29 -3.09 -6.09 1.80 2.30 -1.68 27.78 27.31 -10.17 3.86 -23.37 }
{596 26587 78 99 92 91 98 94 89 87 86 89 86 88 73 104 106 99 77 104 89 74 81 99 96 97 2.28 -0.76 -4.69 1.81 2.03 -1.57 27.78 27.46 -9.98 3.55 -24.24 }
{600 26745 76 101 94 93 94 96 90 85 84 91 90 92 99 77 83 91 85 86 104 105 101 82 98 108 -1.86 -0.77 -6.26 1.65 1.32 -1.38 27.79 27.28 -8.94 3.67 -23.65 }
{604 26905 80 97 90 91 90 92 94 89 88 87 94 96 99 77 83 91 85 86 104 105 101 82 98 108 1.61 0.94 4.29 2.07 2.27 -1.36 27.79 26.81 -8.26 3.20 -23.79 }
{609 27074 85 92 85 91 85 87 99 94 93 82 98 101 99 77 83 91 85 86 104 105 101 82 98 108 -1.63 8.62 15.34 2.80 2.61 -1.70 27.79 27.08 -7.81 3.06 -23.25 }
{613 27224 89 88 81 88 82 89 97 93 97 85 101 100 97 87 79 76 80 101 82 93 102 91 101 100 0.48 -0.18 8.89 2.38 2.82 -1.35 27.78 27.06 -8.79 2.92 -22.75 }
{617 27383 87 84 83 84 84 93 99 96 95 89 104 97 83 78 100 70 109 104 102 104 80 102 109 87 2.25 -3.72 -1.66 1.98 2.48 -1.82 27.80 27.24 -9.24 3.37 -22.01 }
{621 27546 83 80 87 80 88 97 102 100 91 93 108 93 83 78 100 70 109 104 102 104 80 102 109 87 -0.44 -3.57 -8.44 1.95 2.21 -1.43 27.79 27.33 -9.28 2.96 -22.29 }
{626 27724 86 81 92 75 93 96 99 105 88 98 106 94 102 102 93 71 103 92 71 106 88 101 90 106 -2.04 -8.36 -0.99 1.93 2.50 -1.33 27.80 26.57 -14.57 7.80 -22.80 }
{631 27889 91 86 93 71 98 92 94 106 88 101 101 99 102 102 93 71 103 92 71 106 88 101 90 106 -1.78 -5.32 4.43 1.99 2.30 -1.14 27.78 27.31 -14.27 6.45 -22.60 }
{636 28054 96 91 93 71 103 92 89 106 88 101 96 104 94 109 79 94 85 100 86 109 70 88 78 82 -2.64 -2.93 11.07 2.05 2.59 -1.13 27.79 27.59 -14.18 5.65 -19.98 }
{640 28209 93 93 89 75 99 94 87 108 86 99 92 100 70 92 70 99 95 93 105 89 108 109 71 92 1.47 -0.54 -0.75 2.28 2.43 -1.12 27.78 27.28 -14.04 5.06 -19.55 }
{644 28368 89 92 85 79 95 93 91 104 90 103 88 96 70 92 70 99 95 93 105 89 108 109 71 92 3.32 -0.30 -1.53 1.63 2.45 -1.13 27.79 27.55 -14.09 4.53 -19.78 }
{649 28541 84 92 80 84 95 93 96 99 95 108 83 92 70 92 70 99 95 93 105 89 108 109 71 92 4.77 -2.51 3.70 0.95 2.55 -1.45 27.81 27.33 -14.13 4.29 -20.14 }
{653 28690 84 89 82 82 98 90 94 99 99 106 85 89 84 70 91 80 98 81 94 99 105 99 100 82 1.59 -3.86 -4.50 2.00 2.57 -1.42 27.79 28.31 -13.72 4.80 -20.72 }
{658 28860 84 84 87 80 98 85 94 99 104 101 90 84 84 70 91 80 98 81 94 99 105 99 100 82 -1.19 0.80 -4.81 2.21 2.88 -1.33 27.79 27.40 -13.47 4.73 -20.62 }
{662 29009 81 86 85 83 95 81 97 100 104 97 94 86 75 89 80 101 73 76 99 100 104 80 102 94 0.07 -2.70 0.09 1.69 3.45 -0.65 27.80 28.54 -14.38 3.47 -20.98 }
{666 29170 77 90 87 81 91 77 101 99 101 93 92 84 71 109 90 72 91 75 104 99 80 72 90 83 3.73 0.74 -0.20 1.87 3.40 -0.98 27.81 28.83 -14.33 3.46 -20.36 }
{671 29340 72 95 90 76 91 75 104 99 96 88 90 83 71 109 90 72 91 75 104 99 80 72 90 83 1.18 0.51 -1.50 1.65 3.87 -1.49 27.79 29.81 -14.03 3.22 -20.89 }
{676 29498 71 100 90 72 91 75 104 99 91 83 90 83 72 91 76 98 93 72 109 107 103 74 88 106 2.43 -0.42 -2.93 1.85 3.49 -1.24 27.79 29.85 -14.19 2.85 -21.43 }
{680 29648 72 96 86 76 93 72 108 103 95 79 88 87 72 91 76 98 93 72 109 107 103 74 88 106 4.20 0.71 2.12 1.57 3.39 -1.04 27.79 29.83 -14.15 2.55 -21.58 }
{685 29820 72 91 81 81 93 72 109 107 100 74 88 92 72 91 76 98 93 72 109 107 103 74 88 106 0.40 0.56 2.41 2.15 3.29 -1.38 27.79 29.21 -14.06 2.53 -21.42 }
{689 29972 75 94 83 79 90 70 106 104 98 77 91 90 91 105 106 79 78 70 92 102 86 97 96 81 2.28 -3.41 -1.30 1.31 2.97 -1.07 27.79 30.32 -13.68 2.21 -21.98 }
{693 30131 79 98 87 79 86 70 102 102 94 81 95 86 91 105 106 79 78 70 92 102 86 97 96 81 4.31 -3.11 -6.88 1.78 2.87 -1.11 27.80 29.96 -13.46 2.16 -21.38 }
{697 30294 81 96 86 76 82 73 98 103 90 79 93 88 81 73 86 75 77 103 96 103 82 75 70 103 -1.17 -3.34 4.67 1.76 2.68 -1.47 27.78 29.29 -12.84 2.34 -20.59 }
{701 30452 81 92 86 75 78 77 96 103 86 75 89 92 83 85 89 81 88 84 70 88 79 105 108 82 -1.28 -4.35 -3.01 1.78 2.97 -0.73 27.77 29.54 -13.08 1.75 -21.09 }
{705 30613 83 88 89 79 82 81 92 99 82 79 93 88 83 85 89 81 88 84 70 88 79 105 108 82 3.56 -1.75 -6.85 1.90 1.99 -0.79 27.79 28.56 -13.18 1.52 -21.66 }
{709 30771 83 85 89 81 86 84 88 95 79 83 97 84 83 85 89 81 88 84 70 88 79 105 108 82 3.23 3.56 -4.11 1.89 2.45 -1.05 27.79 29.07 -12.45 0.71 -23.00 }
{713 30929 80 88 92 78 90 87 84 97 82 81 95 86 72 106 106 76 103 94 74 102 109 72 78 89 -0.53 -3.32 -2.79 1.63 2.58 -1.98 27.78 28.27 -11.43 1.43 -22.49 }
{717 31090 76 92 96 76 94 91 80 101 86 77 91 89 72 106 106 76 103 94 74 102 109 72 78 89 -1.19 -1.98 -2.23 2.08 2.17 -0.64 27.80 28.11 -11.19 0.67 -23.13 }
{721 31254 78 96 94 79 98 89 80 105 84 79 87 90 95 106 77 82 98 70 80 108 82 95 78 90 4.40 -2.71 3.51 1.48 1.34 -0.95 27.79 27.33 -9.42 -0.18 -23.45 }
{725 31412 82 94 93 83 95 85 83 103 86 79 83 93 102 73 93 102 71 79 91 76 103 79 81 107 1.91 -0.13 0.17 1.44 2.07 -1.48 27.78 27.19 -9.31 -0.19 -23.24 }
{730 31584 87 89 93 88 90 80 88 98 91 79 81 98 102 73 93 102 71 79 91 76 103 79 81 107 1.90 -0.45 7.34 1.21 2.52 -1.85 27.79 26.97 -8.91 0.01 -21.76 }
{734 31731 85 86 90 86 92 82 86 94 89 82 84 96 76 86 86 84 104 84 85 87 76 87 107 70 0.63 1.21 7.86 1.64 2.33 -1.28 27.78 26.83 -9.10 -0.33 -20.06 }
{739 31897 80 86 86 84 97 84 85 89 84 87 89 91 76 86 86 84 104 84 85 87 76 87 107 70 3.94 -2.53 -17.11 1.25 2.44 -1.43 27.79 27.11 -9.20 -0.85 -21.57 }
{743 32046 82 89 84 87 101 81 88 91 86 84 93 93 101 101 84 93 107 74 94 103 100 77 109 99 0.63 -1.55 -6.88 1.44 2.39 -1.39 27.81 27.22 -8.73 -0.72 -22.53 }
{747 32209 86 91 83 89 103 79 90 93 88 82 97 97 94 74 81 82 89 84 77 93 70 89 100 103 1.21 0.68 9.19 1.83 2.51 -1.68 27.79 26.97 -8.57 -0.47 -21.95 }
{751 32365 90 87 81 85 99 83 86 93 84 86 100 101 94 74 81 82 89 84 77 93 70 89 100 103 3.47 -1.41 6.02 2.06 2.09 -1.42 27.79 27.40 -8.12 -0.71 -21.56 }
{756 32535 94 82 81 82 94 84 81 93 79 89 100 103 94 74 81 82 89 84 77 93 70 89 100 103 1.13 -2.18 -2.01 1.69 2.28 -0.42 27.79 26.73 -7.85 -1.11 -22.16 }
{760 32686 91 84 83 79 90 87 83 90 81 86 97 100 71 95 83 79 86 103 91 88 81 73 70 78 1.84 4.33 -3.36 1.95 1.64 -0.38 27.77 27.10 -8.18 -1.43 -22.59 }
{764 32840 87 88 83 79 86 91 87 88 81 82 93 96 71 95 83 79 86 103 91 88 81 73 70 78 0.72 0.60 -0.84 1.63 1.81 -1.04 27.79 26.45 -8.17 -1.55 -23.32 }
{769 33009 82 93 83 79 86 96 91 88 81 77 88 91 71 95 83 79 86 103 91 88 81 73 70 78 7.09 1.47 6.67 1.97 2.76 -1.05 27.81 26.19 -8.13 -1.30 -25.05 }
{773 33154 78 97 86 76 83 100 88 85 80 79 84 87 76 102 89 71 74 101 82 75 80 104 72 86 1.84 -3.29 -4.03 2.43 2.09 -1.45 27.79 26.88 -8.39 -1.20 -26.32 }
{777 33312 76 101 89 72 79 101 84 81 80 83 80 86 76 102 89 71 74 101 82 75 80 104 72 86 1.53 -2.07 -4.38 1.72 1.64 -1.17 27.80 27.69 -8.26 -1.36 -26.92 }
{782 33484 76 102 89 71 74 101 82 76 80 88 75 86 76 102 89 71 74 101 82 75 80 104 72 86 6.98 0.91 -5.80 1.13 2.33 -1.64 27.80 27.95 -20.83 -0.85 -26.89 }
{786 33636 79 99 92 74 77 104 79 78 78 88 77 83 96 83 94 81 89 105 79 78 78 88 87 73 3.81 1.09 -4.52 1.31 1.82 -1.39 27.79 26.64 -26.20 -0.37 -26.52 }
{791 33804 84 94 94 79 82 105 79 78 78 88 82 78 96 83 94 81 89 105 79 78 78 88 87 73 3.71 -0.35 -0.06 1.47 0.93 -1.20 27.77 26.97 -30.94 -0.79 -26.30 }
{795 33951 88 90 94 81 86 105 79 78 78 88 86 74 96 83 94 81 89 105 79 78 78 88 87 73 2.37 -2.16 -0.12 1.71 1.41 -1.71 27.82 26.77 -35.74 -0.41 -24.52 }
{799 34112 92 86 91 78 84 108 82 81 81 85 86 76 98 79 76 78 76 109 85 99 106 78 86 89 3.03 -3.58 3.62 1.63 1.61 -1.52 27.80 27.60 -33.55 -0.36 -23.21 }
{804 34282 97 81 86 78 79 109 85 86 86 80 86 81 98 79 76 78 76 109 85 99 106 78 86 89 1.21 0.97 19.47 2.57 1.96 -0.87 27.79 26.06 -31.28 -0.57 -22.35 }
{808 34430 97 80 84 79 75 108 84 90 88 79 87 85 87 86 108 81 73 108 70 98 71 81 88 87 1.64 -1.46 5.56 2.39 1.98 -1.91 27.79 27.31 -35.82 -0.51 -21.80 }
{813 34600 92 85 89 81 73 108 79 95 83 81 88 87 87 86 108 81 73 108 70 98 71 81 88 87 1.70 -0.70 -9.37 2.11 1.47 -1.03 27.81 26.37 -32.61 -0.29 -21.77 }
{817 34750 91 89 93 84 76 105 81 93 85 84 85 90 91 108 98 93 105 96 98 78 109 109 73 107 -0.50 0.17 -2.27 1.24 1.64 -1.24 27.80 27.35 -30.15 -0.36 -21.91 }
{821 34912 91 93 97 88 80 101 85 89 89 88 81 94 91 108 98 93 105 96 98 78 109 109 73 107 1.39 3.33 -1.14 1.00 1.61 -1.40 27.79 27.55 -27.52 0.08 -21.34 }
{825 35074 94 91 95 86 84 103 83 85 93 89 81 98 103 88 83 85 101 105 74 72 102 89 81 105 0.68 -0.76 1.02 1.72 1.85 -1.76 27.80 27.11 -25.40 0.53 -20.74 }
{829 35233 98 88 91 85 88 105 79 81 97 89 81 102 103 88 83 85 101 105 74 72 102 89 81 105 7.41 0.78 2.90 2.02 1.90 -1.65 27.79 26.88 -23.86 0.74 -19.90 }
{833 35396 98 85 93 88 88 102 75 83 101 86 78 100 98 80 104 100 88 95 75 109 105 77 77 73 1.78 -4.33 -0.38 1.75 2.18 -2.18 27.80 27.24 -22.57 1.55 -19.65 }
{837 35560 95 84 91 92 91 104 78 87 99 83 76 102 76 84 73 105 94 105 106 109 94 83 76 103 4.84 -0.04 4.60 1.92 2.12 -1.24 27.80 27.86 -21.75 1.72 -18.98 }
{842 35733 90 84 86 97 94 105 83 92 94 83 76 103 76 84 73 105 94 105 106 109 94 83 76 103 6.17 0.68 0.75 2.15 2.12 -0.90 27.81 27.31 -20.21 1.72 -18.69 }
{846 35884 86 87 82 95 95 102 81 90 97 82 73 100 77 104 80 77 95 100 72 75 104 82 71 95 5.81 -2.88 -7.19 2.58 1.51 -1.29 27.81 26.72 -25.05 1.45 -20.94 }
{850 36043 82 91 80 91 95 100 77 86 101 82 71 96 77 104 80 77 95 100 72 75 104 82 71 95 1.45 -1.51 -6.70 2.14 1.70 -1.40 27.79 27.31 -23.13 1.57 -22.41 }
{855 36216 77 96 80 86 95 100 72 81 104 82 71 95 77 104 80 77 95 100 72 75 104 82 71 95 -3.23 0.68 -9.21 2.66 2.02 -2.05 27.80 27.15 -21.26 1.86 -22.48 }
{859 36367 76 94 77 88 92 100 75 77 101 85 74 98 76 70 70 102 73 100 75 70 95 97 74 98 2.84 -0.13 -4.20 1.98 2.10 -1.25 27.80 28.15 -20.32 1.99 -23.26 }
{864 36538 76 89 72 93 87 100 75 72 96 90 74 98 76 70 70 102 73 100 75 70 95 97 74 98 4.55 -4.12 -0.84 1.71 2.15 -0.10 27.79 26.77 -18.84 2.12 -23.10 }
{868 36684 76 85 70 97 83 100 75 70 95 94 74 98 76 70 70 102 73 100 75 70 95 97 74 98 -0.24 -2.31 -3.17 1.86 1.91 -1.15 27.79 26.39 -24.30 1.94 -23.34 }
{872 36846 76 87 73 101 85 98 78 73 92 92 77 95 76 90 85 109 92 98 93 107 86 72 79 88 2.74 -0.30 1.16 1.79 2.17 -1.25 27.79 26.01 -23.04 1.90 -23.51 }
{876 37005 79 85 77 99 89 95 76 77 94 92 81 91 99 72 105 75 109 81 71 84 104 92 96 73 2.39 -0.53 -1.77 2.12 1.77 -1.40 27.81 26.79 -21.70 1.84 -23.76 }
{880 37164 83 81 80 95 87 91 78 81 92 89 85 93 89 71 80 74 85 88 92 81 86 70 98 94 -0.84 -2.96 3.62 1.98 1.95 -1.26 27.77 26.59 -20.36 1.52 -23.42 }
{884 37319 87 81 83 91 89 87 82 78 88 85 89 97 98 81 107 70 104 86 109 75 83 72 89 104 0.75 -0.54 7.51 1.99 2.29 -1.08 27.79 27.28 -19.77 1.23 -21.79 }
{888 37479 85 84 81 92 87 83 86 80 84 87 91 95 76 86 80 92 83 83 105 98 81 108 91 81 0.49 1.32 5.10 1.68 2.38 -1.65 27.79 27.02 -18.76 1.05 -21.00 }
{893 37645 80 86 80 92 83 83 91 85 81 92 91 90 76 86 80 92 83 83 105 98 81 108 91 81 1.61 -5.05 -7.98 1.54 2.65 -1.29 27.79 27.31 -17.59 1.04 -21.13 }
{898 37803 76 86 80 92 83 83 96 90 81 97 91 85 76 86 80 92 83 83 105 98 81 108 91 81 5.45 -1.54 -8.35 1.74 2.83 -2.46 27.79 27.44 -16.45 1.50 -21.27 }
{902 37951 73 89 82 93 85 80 94 88 84 95 94 81 84 78 93 109 96 84 77 87 73 91 77 104 0.16 -2.73 -7.30 2.01 2.51 -1.85 27.81 27.10 -15.76 1.76 -21.20 }
{906 38108 77 85 86 97 89 84 90 87 80 91 90 85 84 78 93 109 96 84 77 87 73 91 77 104 -0.71 -1.67 -2.96 1.48 2.26 -0.86 27.79 27.89 -15.47 1.41 -21.63 }
{910 38266 81 81 90 101 93 84 86 87 76 91 86 89 84 78 93 109 96 84 77 87 73 91 77 104 0.57 -1.90 5.33 1.15 2.90 -1.85 27.79 28.49 -14.74 1.18 -21.86 }
{914 38426 85 79 92 103 95 85 84 86 74 90 82 91 86 109 88 100 93 96 86 75 74 72 73 91 3.53 -4.15 -1.30 1.25 2.13 -1.16 27.79 28.00 -14.56 0.83 -22.03 }
{919 38596 86 84 88 100 93 90 86 81 74 85 77 91 86 109 88 100 93 96 86 75 74 72 73 91 4.81 1.03 2.81 1.19 2.32 -1.20 27.79 27.60 -12.30 1.36 -22.36 }
{924 38753 86 89 88 100 93 95 86 76 74 80 73 91 86 109 88 100 93 96 86 75 74 72 73 91 6.43 1.59 6.34 1.20 1.75 -1.00 27.79 28.18 -10.89 1.06 -22.15 }
{928 38899 83 87 85 97 90 93 89 78 77 82 76 94 81 72 85 86 84 78 90 101 100 85 104 102 0.68 -2.64 -0.66 1.95 1.53 -0.81 27.81 27.21 -10.31 0.30 -21.68 }
{933 39070 81 82 85 92 85 88 90 83 82 85 81 99 81 72 85 86 84 78 90 101 100 85 104 102 -0.61 0.63 -4.90 1.79 2.50 -1.47 27.80 27.02 -17.33 0.45 -21.89 }
{938 39230 81 77 85 87 84 83 90 88 87 85 86 102 81 72 85 86 84 78 90 101 100 85 104 102 -3.63 4.05 6.21 1.85 2.31 -1.75 27.81 26.25 -22.67 -0.21 -21.35 }
{942 39380 84 79 82 89 87 80 93 86 91 88 90 99 87 79 75 109 91 80 98 79 109 97 109 96 4.36 1.14 -0.09 1.88 2.33 -1.68 27.79 26.37 -21.62 -0.04 -21.08 }
{947 39550 87 79 77 94 91 80 98 81 96 93 95 96 87 79 75 109 91 80 98 79 109 97 109 96 -0.71 -1.55 6.96 2.16 2.82 -1.94 27.79 26.25 -20.37 0.82 -20.03 }
{952 39709 87 79 75 99 91 80 98 79 101 97 100 96 87 79 75 109 91 80 98 79 109 97 109 96 0.95 -1.17 -0.47 2.03 3.03 -1.74 27.81 26.95 -19.63 1.64 -18.69 }
{956 39862 84 82 76 97 93 83 95 78 99 94 102 97 72 103 70 86 104 107 71 91 88 75 102 70 0.58 -1.03 -1.30 2.05 2.83 -1.56 27.80 26.64 -19.01 1.86 -18.27 }
{960 40020 80 86 72 93 97 87 91 82 95 90 102 93 72 103 70 86 104 107 71 91 88 75 102 70 -1.13 -1.28 -3.59 2.46 2.25 -1.16 27.80 26.73 -18.57 1.93 -18.49 }
{964 40184 76 90 74 95 101 91 87 80 91 86 99 89 71 92 94 105 105 102 73 72 83 71 91 89 5.62 4.33 -1.51 2.07 2.39 -1.03 27.80 27.40 -18.38 1.52 -19.29 }
{968 40343 72 88 78 93 99 95 89 82 87 88 95 92 80 94 101 86 71 94 75 72 103 93 106 108 7.70 0.80 -4.50 2.14 2.24 -1.89 27.79 27.68 -17.23 1.66 -19.09 }
{973 40513 77 93 83 88 94 94 84 77 92 93 100 97 80 94 101 86 71 94 75 72 103 93 106 108 4.25 1.00 -1.05 2.07 1.99 -0.91 27.81 26.75 -15.47 1.56 -19.26 }
{977 40660 80 94 87 86 90 94 80 73 96 93 104 101 98 93 109 92 93 100 89 82 107 82 92 87 5.09 -3.86 -5.07 2.22 2.07 -1.68 27.81 26.50 -20.57 0.88 -18.69 }
{981 40822 84 93 91 90 93 98 84 77 100 89 100 97 98 93 109 92 93 100 89 82 107 82 92 87 3.45 -1.25 7.53 1.80 1.99 -1.21 27.79 27.06 -19.45 0.70 -17.18 }
{985 40984 88 95 91 90 95 98 88 81 100 89 96 93 103 100 89 80 101 85 88 92 75 100 72 78 3.50 3.91 9.89 2.37 1.85 -0.89 27.80 26.57 -18.26 0.47 -15.43 }
{989 41141 92 99 89 86 99 94 88 85 96 93 92 89 103 100 89 80 101 85 88 92 75 100 72 78 -0.16 -1.15 6.69 2.06 1.56 -1.65 27.81 27.19 -17.00 0.79 -14.15 }
{994 41314 97 100 89 81 101 89 88 90 91 98 87 84 103 100 89 80 101 85 88 92 75 100 72 78 -3.48 -6.90 4.18 2.18 2.10 -1.23 27.80 27.78 -16.25 0.53 -12.36 }
{998 41465 95 99 86 83 101 91 91 88 93 96 89 86 89 99 83 100 101 95 92 87 103 89 106 94 -4.65 -0.71 12.93 1.60 2.61 -1.55 27.80 28.62 -15.98 0.22 -10.76 }
{1003 41638 90 99 83 88 101 95 92 87 98 91 94 91 89 99 83 100 101 95 92 87 103 89 106 94 -1.00 2.74 1.68 2.58 2.71 -0.72 27.80 28.20 -16.06 0.47 -10.68 }
{1007 41789 86 96 86 86 98 92 94 90 102 87 97 95 72 93 105 79 87 92 94 102 104 76 97 105 4.07 -0.35 -1.56 1.58 2.60 -1.10 27.79 28.06 -15.33 0.12 -11.43 }
{1011 41949 82 93 90 82 94 92 94 94 104 83 97 99 72 93 105 79 87 92 94 102 104 76 97 105 2.11 0.20 -2.76 2.16 2.45 -1.61 27.82 28.40 -14.72 0.38 -12.11 }
{1016 42123 77 93 95 79 89 92 94 99 104 78 97 104 72 93 105 79 87 92 94 102 104 76 97 105 5.07 2.51 -3.37 2.18 2.84 -0.87 27.82 27.42 -13.33 0.83 -12.88 }
{1020 42274 79 96 93 79 91 95 97 103 101 74 94 102 102 96 92 79 96 99 109 108 80 73 76 73 10.00 -9.95 -2.95 2.13 1.89 -1.03 27.80 27.01 -11.29 -0.51 -12.49 }
{1024 42440 83 99 95 82 95 99 95 101 97 76 96 98 95 108 97 87 101 106 91 73 84 93 102 72 0.11 -2.45 -2.09 2.03 1.73 -0.87 27.80 27.64 -10.64 -0.81 -11.96 }
{1028 42602 87 103 97 86 99 103 91 97 93 80 100 94 95 108 97 87 101 106 91 73 84 93 102 72 2.92 1.17 4.49 1.99 1.81 -1.52 27.82 28.22 -10.44 -0.85 -10.85 }
{1033 42777 92 108 97 87 101 106 91 92 88 85 102 89 95 108 97 87 101 106 91 73 84 93 102 72 6.92 1.53 12.24 1.65 1.29 -0.69 27.81 27.31 -9.76 -1.15 -11.11 }
{1037 42932 96 105 94 86 102 103 89 94 88 83 101 87 96 103 70 89 86 72 88 104 76 76 102 105 -5.05 -2.64 -3.48 2.25 1.51 -1.63 27.80 27.89 -16.64 -0.90 -10.84 }
{1041 43099 94 101 94 86 98 103 86 94 88 82 100 87 87 91 108 84 90 107 77 81 92 82 87 74 2.25 1.90 6.37 1.88 2.30 -1.85 27.82 28.64 -16.74 -0.26 -9.15 }
{1045 43257 90 97 98 84 94 107 82 90 92 82 96 83 87 91 108 84 90 107 77 81 92 82 87 74 -0.44 0.33 -8.58 2.06 1.61 -1.28 27.80 28.82 -15.47 -0.39 -9.92 }
{1049 43418 86 97 96 87 90 104 84 86 89 85 92 85 75 97 93 88 89 93 87 71 75 87 75 107 3.13 0.14 -3.24 1.60 1.69 -1.34 27.80 28.56 -21.39 -0.50 -10.02 }
{1054 43588 81 97 93 88 89 99 87 81 84 87 87 90 75 97 93 88 89 93 87 71 75 87 75 107 -1.51 -2.79 -1.72 1.22 1.61 -1.93 27.82 28.06 -26.64 -0.04 -9.93 }
{1058 43737 83 94 90 89 86 95 84 77 80 84 85 88 94 94 89 89 86 90 81 76 72 83 85 79 4.40 -0.31 -5.47 1.36 1.71 -1.25 27.83 27.73 -24.72 0.06 -11.09 }
{1062 43893 81 97 92 86 86 91 80 79 82 86 85 90 97 107 98 70 94 84 85 93 99 76 75 93 0.60 -1.17 -2.70 1.76 1.64 -1.25 27.82 27.04 -29.95 -0.37 -11.71 }
{1066 44052 85 101 96 82 90 87 84 83 86 82 81 93 97 107 98 70 94 84 85 93 99 76 75 93 0.55 -0.12 -0.66 1.06 2.00 -1.53 27.81 28.09 -28.10 -0.31 -11.14 }
{1070 44213 83 99 94 84 88 89 88 81 90 78 77 90 82 91 88 94 72 101 90 76 100 73 77 78 0.40 0.52 3.12 1.44 2.21 -1.36 27.81 27.15 -26.55 -0.21 -10.24 }
{1075 44382 82 94 89 89 83 94 90 76 95 73 77 85 82 91 88 94 72 101 90 76 100 73 77 78 13.32 0.39 -8.38 1.92 2.21 -1.17 27.80 27.69 -24.08 -0.03 -10.46 }
{1079 44531 85 96 85 93 85 92 87 79 93 76 80 87 107 99 75 103 93 86 70 98 89 107 84 95 4.46 -2.48 -4.03 2.12 2.13 -1.69 27.80 27.59 -29.36 0.17 -12.01 }
{1084 44703 90 99 80 98 90 87 82 84 89 81 84 92 107 99 75 103 93 86 70 98 89 107 84 95 2.69 -3.08 9.07 1.77 1.43 -1.65 27.79 27.91 -26.96 -0.06 -12.07 }
{1088 44852 94 96 77 96 94 89 84 82 86 85 87 96 97 95 77 84 105 98 87 79 85 99 96 96 11.67 0.36 -3.74 2.28 3.20 -2.69 27.80 27.51 -27.97 2.03 -11.70 }
{1092 45007 97 95 77 92 98 93 87 79 85 89 91 96 97 95 77 84 105 98 87 79 85 99 96 96 -2.52 -0.22 2.58 2.57 2.72 -1.94 27.80 28.11 -26.56 2.88 -10.48 }
{1097 45177 97 95 77 87 103 98 87 79 85 94 96 96 97 95 77 84 105 98 87 79 85 99 96 96 13.42 -0.68 -3.68 2.04 1.94 -0.46 27.81 27.24 -23.63 2.89 -10.33 }
{1101 45327 95 93 79 83 103 96 89 77 87 94 94 98 95 92 108 83 89 73 93 73 109 91 84 104 5.15 0.43 3.47 2.48 1.53 -0.94 27.82 26.66 -22.54 2.09 -10.25 }
{1105 45487 92 95 83 86 100 92 87 79 91 90 91 96 92 106 109 105 100 83 80 82 98 73 91 77 2.58 0.20 -2.05 2.07 1.98 -1.73 27.79 27.15 -21.01 2.22 -10.12 }
{1109 45646 92 99 87 90 100 88 83 82 95 86 91 92 92 106 109 105 100 83 80 82 98 73 91 77 -1.31 -4.57 -15.27 2.69 1.65 -1.81 27.82 27.51 -19.86 2.20 -11.22 }
{1114 45824 92 104 92 95 100 83 80 82 98 81 91 87 92 106 109 105 100 83 80 82 98 73 91 77 -3.78 -1.51 -2.00 2.71 2.03 -2.04 27.82 27.93 -18.72 2.12 -11.57 }
{1118 45977 95 102 96 97 103 86 83 85 95 83 94 86 96 88 96 97 104 100 100 108 87 96 94 86 2.60 1.93 0.96 1.80 2.77 -1.22 27.83 28.53 -18.74 2.10 -11.72 }
{1122 46138 99 98 93 94 101 84 87 83 91 87 91 89 107 88 84 86 98 82 103 70 74 94 83 103 5.24 -0.99 3.85 1.24 2.55 -1.51 27.81 27.88 -17.82 2.53 -11.38 }
{1126 46299 101 94 91 92 99 83 91 81 87 91 89 93 89 87 99 97 101 103 103 89 70 104 107 94 -1.37 -0.36 6.46 1.71 2.37 -1.53 27.82 28.62 -16.69 2.61 -9.96 }
{1130 46460 103 90 95 90 97 87 95 83 89 95 90 97 108 70 98 88 71 107 102 83 90 106 90 104 1.04 -0.35 4.37 2.12 2.36 -1.06 27.83 28.18 -16.42 2.10 -10.16 }
{1134 46622 103 90 95 86 95 91 95 81 88 95 88 97 100 93 79 84 95 101 81 80 87 80 84 75 0.43 -14.02 4.75 2.40 2.25 -1.36 27.85 28.74 -17.12 0.76 -10.77 }
{1138 46783 99 94 97 82 96 95 91 77 90 91 90 93 84 102 104 80 96 97 71 75 99 81 95 70 8.31 -0.18 -0.41 1.84 2.49 -0.85 27.83 28.78 -16.60 0.68 -10.39 }
{1142 46941 95 98 101 80 96 97 87 75 94 87 94 89 84 102 104 80 96 97 71 75 99 81 95 70 13.73 5.32 1.08 1.98 2.59 -0.39 27.83 28.02 -15.79 0.46 -10.73 }
{1146 47101 91 99 99 77 93 100 84 78 93 89 98 91 85 99 84 73 84 104 84 84 93 105 107 107 2.97 0.48 -2.63 2.17 2.09 -1.57 27.82 28.85 -15.13 0.64 -10.86 }
{1150 47262 91 97 95 77 93 100 86 80 91 89 98 91 92 84 82 109 109 93 87 80 80 76 86 82 3.27 -2.02 -10.26 2.45 2.08 -1.44 27.82 28.36 -13.80 0.61 -11.41 }
{1155 47434 92 92 90 82 98 95 87 80 86 84 93 86 92 84 82 109 109 93 87 80 80 76 86 82 0.39 0.25 1.41 2.06 2.19 -1.44 27.81 27.71 -13.29 0.65 -11.45 }
{1159 47581 90 92 86 82 98 91 89 82 82 84 91 82 88 106 71 74 97 88 90 82 77 105 91 76 11.68 3.52 -12.06 0.54 2.37 -2.78 27.81 28.26 -12.91 2.05 -13.36 }
{1163 47740 92 90 88 84 94 87 93 85 84 88 88 84 100 85 88 89 82 73 102 96 98 103 76 96 -4.27 -4.07 3.44 1.54 1.85 -1.38 27.81 28.62 -12.18 1.33 -14.96 }
{1167 47899 96 86 88 88 90 83 97 89 88 92 84 88 100 85 88 89 82 73 102 96 98 103 76 96 1.70 -6.45 -3.57 1.20 2.02 -1.50 27.81 29.18 -12.06 1.90 -13.61 }
{1171 48061 94 88 86 92 91 79 95 87 86 90 82 86 83 91 86 102 91 79 87 74 72 70 82 85 0.39 1.93 6.05 1.40 3.17 -1.81 27.82 29.03 -12.70 2.33 -11.60 }
{1176 48228 89 91 86 97 91 79 90 82 81 85 82 85 83 91 86 102 91 79 87 74 72 70 82 85 2.23 -3.57 -6.56 1.80 2.29 -0.98 27.81 28.80 -12.34 2.08 -12.54 }
{1180 48373 85 91 86 101 91 79 87 78 77 81 82 85 83 91 86 102 91 79 87 74 72 70 82 85 8.28 1.21 -7.10 1.51 2.27 -0.71 27.80 29.03 -12.13 1.72 -13.57 }
{1184 48533 82 94 83 99 94 82 90 80 79 83 79 82 82 101 82 83 107 87 96 95 91 89 79 77 2.57 1.38 -2.20 1.77 2.66 -1.63 27.81 28.04 -11.03 1.57 -14.63 }
{1189 48702 82 99 82 94 99 87 95 85 84 88 79 77 82 101 82 83 107 87 96 95 91 89 79 77 4.83 -2.31 4.98 1.93 2.81 -1.62 27.81 29.58 -9.68 1.65 -17.42 }
{1193 48846 82 101 82 90 103 87 96 89 88 89 79 77 82 101 82 83 107 87 96 95 91 89 79 77 9.47 3.30 -1.74 0.93 2.05 -2.19 27.82 28.87 -8.66 2.44 -18.42 }
{1197 49007 85 98 85 91 101 89 93 93 92 92 82 80 100 86 95 91 77 89 87 103 95 99 92 98 3.99 -1.48 -5.62 2.21 1.97 -1.21 27.81 29.27 -8.54 2.52 -18.10 }
{1201 49165 89 94 89 91 97 89 89 97 95 96 86 84 109 98 97 94 101 107 76 90 102 71 80 88 3.35 -0.91 1.33 1.53 2.28 -1.23 27.82 29.32 -8.73 2.20 -18.13 }
{1205 49325 93 98 93 94 101 93 85 93 99 92 82 88 109 98 97 94 101 107 76 90 102 71 80 88 1.29 0.65 8.76 1.75 2.39 -0.89 27.81 29.88 -9.59 1.70 -16.83 }
{1209 49483 97 98 97 94 101 97 81 90 102 88 80 88 109 98 97 94 101 107 76 90 102 71 80 88 2.71 -0.90 9.10 2.07 2.56 -1.50 27.81 29.83 -10.20 1.85 -15.10 }
{1213 49647 99 96 95 92 99 97 81 92 100 84 82 86 99 84 77 82 89 87 100 101 94 74 90 85 2.77 -0.74 1.56 2.50 2.24 -1.15 27.80 30.41 -10.23 1.92 -14.35 }
{1217 49805 99 92 91 88 95 93 85 96 96 80 86 85 99 84 77 82 89 87 100 101 94 74 90 85 -0.68 -2.74 -0.82 2.30 2.60 -1.68 27.81 30.48 -10.33 2.15 -13.93 }
{1221 49967 96 88 87 90 91 95 89 94 92 82 84 88 87 85 85 94 70 108 107 73 87 104 78 97 4.55 1.38 2.44 1.96 2.80 -1.62 27.82 29.96 -10.66 2.36 -13.43 }
{1225 50123 92 85 85 94 87 99 93 90 88 86 80 92 87 85 85 94 70 108 107 73 87 104 78 97 6.05 -1.92 -2.72 1.87 2.64 -0.98 27.81 29.76 -10.46 2.23 -13.47 }
{1229 50285 94 82 88 97 89 97 91 86 84 90 80 90 103 72 107 106 92 92 72 78 70 95 80 76 5.85 -0.57 -3.28 1.44 1.57 -1.64 27.82 29.23 -9.58 2.70 -14.63 }
{1233 50444 98 84 86 101 87 99 87 88 80 94 77 86 109 90 72 107 85 102 84 105 80 101 73 81 4.69 -0.70 3.82 1.57 2.25 -1.10 27.83 28.60 -8.53 2.18 -15.53 }
{1237 50604 102 88 82 105 85 102 84 92 80 98 73 82 109 90 72 107 85 102 84 105 80 101 73 81 2.83 -4.65 2.95 1.74 1.65 -1.47 27.79 28.22 -8.71 2.34 -15.49 }
{1241 50765 106 90 78 107 85 102 84 96 80 101 73 81 109 90 72 107 85 102 84 105 80 101 73 81 -4.56 -2.86 0.87 1.55 1.77 -0.52 27.81 28.87 -9.22 1.34 -15.64 }
{1245 50933 106 92 78 105 87 100 86 96 81 99 75 83 81 100 99 77 104 98 93 78 81 82 109 86 1.96 -0.61 -1.27 2.01 1.84 -1.20 27.82 28.87 -8.88 1.36 -15.12 }
{1249 51096 102 90 79 101 85 96 90 98 84 96 73 81 92 73 79 89 84 76 97 102 90 96 71 75 -0.16 -0.70 -0.03 1.69 2.60 -1.31 27.83 28.31 -8.44 1.37 -14.82 }
{1253 51254 98 86 79 97 84 92 94 102 88 96 71 77 92 73 79 89 84 76 97 102 90 96 71 75 0.87 -1.11 -5.37 1.92 2.83 -1.26 27.79 29.38 -8.25 1.41 -16.02 }
{1258 51425 93 81 79 92 84 87 97 102 90 96 71 75 92 73 79 89 84 76 97 102 90 96 71 75 -2.19 0.85 -4.34 2.06 3.05 -1.43 27.82 29.47 -8.69 1.39 -16.94 }
{1262 51571 93 79 80 88 85 85 96 101 91 95 72 76 106 104 107 85 85 96 94 81 101 90 106 89 0.80 -1.06 -6.35 1.80 3.12 -1.24 27.82 30.37 -8.90 1.46 -17.70 }
{1266 51733 97 83 84 85 85 89 94 97 95 91 76 80 106 104 107 85 85 96 94 81 101 90 106 89 1.97 -0.44 -2.59 1.86 2.70 -1.04 27.83 31.59 -8.97 1.55 -17.29 }
{1270 51894 101 87 88 85 85 93 94 93 99 90 80 84 106 104 107 85 85 96 94 81 101 90 106 89 -4.01 0.08 0.15 2.26 2.99 -1.81 27.82 31.15 -8.49 1.87 -15.15 }
{1274 52057 99 91 86 88 82 91 97 89 102 93 83 86 103 107 103 93 78 84 76 93 100 91 96 75 -0.42 0.60 2.79 1.63 3.42 -0.85 27.82 30.83 -9.55 1.75 -14.73 }
{1278 52216 103 95 90 92 78 87 93 93 100 91 87 82 103 107 103 93 78 84 76 93 100 91 96 75 -0.45 -3.90 -1.53 2.09 3.29 -1.23 27.81 30.68 -10.56 1.94 -14.74 }
{1282 52379 103 99 94 93 78 84 89 93 100 91 91 78 103 107 103 93 78 84 76 93 100 91 96 75 6.13 -6.31 -2.88 1.93 3.51 -1.72 27.83 31.69 -11.30 1.30 -15.53 }
{1286 52545 100 103 95 96 81 87 90 90 102 88 89 80 95 108 95 109 91 104 90 86 102 83 83 85 1.85 0.13 2.66 1.86 3.21 -1.19 27.82 31.71 -11.49 1.27 -15.15 }
{1290 52706 96 107 95 100 85 91 90 86 102 84 85 84 95 108 95 109 91 104 90 86 102 83 83 85 3.88 -1.28 1.66 2.14 3.13 -0.93 27.82 31.21 -11.46 1.53 -14.87 }
{1294 52871 98 105 92 98 83 95 93 83 99 86 87 82 105 72 78 95 82 100 101 70 93 97 109 80 12.49 1.23 -7.82 2.09 2.74 -1.00 27.83 30.86 -10.62 1.44 -15.67 }
{1298 53032 102 101 89 100 85 93 91 80 95 90 85 84 109 92 89 106 99 91 86 80 91 90 72 101 1.50 -1.28 -2.99 2.19 2.50 -1.36 27.81 30.46 -9.92 1.41 -15.14 }
{1302 53193 106 97 89 104 89 91 87 80 91 90 81 88 109 92 89 106 99 91 86 80 91 90 72 101 0.54 -0.44 7.47 1.81 2.59 -1.94 27.82 31.12 -9.11 1.92 -12.78 }
{1306 53353 109 93 89 106 93 91 86 80 91 90 77 92 80 84 107 83 85 78 91 76 83 108 76 100 -0.10 -2.48 2.79 2.17 2.96 -1.27 27.81 30.21 -10.06 1.68 -11.42 }
{1310 53517 105 89 93 102 91 87 90 78 89 92 77 96 96 89 100 102 101 82 91 97 109 78 87 106 0.46 -0.38 3.07 1.54 2.61 -1.14 27.79 30.43 -10.24 1.16 -10.98 }
{1314 53681 107 86 91 99 95 89 88 76 87 88 81 100 108 73 78 84 99 106 73 72 73 76 109 105 3.85 -0.04 -1.89 2.04 2.45 -1.53 27.82 30.12 -9.89 1.29 -10.78 }
{1318 53841 108 82 87 95 99 93 84 72 83 84 85 104 108 73 78 84 99 106 73 72 73 76 109 105 8.68 -8.90 -2.69 2.78 1.86 -0.54 27.83 28.65 -10.20 0.50 -10.04 }
{1322 54005 105 84 87 91 96 97 80 75 85 86 89 102 72 101 87 81 89 104 77 86 106 86 97 83 14.55 2.98 6.20 3.09 1.40 -0.16 27.83 27.48 -16.69 -1.09 -9.72 }
{1326 54165 101 88 87 87 92 101 77 79 89 86 93 98 72 101 87 81 89 104 77 86 106 86 97 83 1.30 -1.40 -8.12 2.06 1.51 -1.08 27.81 27.42 -15.45 -1.04 -10.29 }
{1331 54341 96 93 87 82 89 104 77 84 94 86 97 93 72 101 87 81 89 104 77 86 106 86 97 83 4.11 1.15 -2.17 2.34 1.32 -1.68 27.83 27.86 -20.91 -0.71 -10.81 }
{1335 54491 92 91 90 78 92 103 80 88 98 83 96 89 87 90 107 70 106 103 83 105 100 72 96 76 -6.62 -3.66 -36.92 2.13 1.05 -1.03 27.83 28.20 -30.22 -1.22 -16.89 }
{1339 54658 92 88 90 78 92 101 84 88 102 79 98 85 97 83 87 86 85 94 96 78 103 71 107 81 2.95 -2.85 -5.60 1.94 2.54 -1.77 27.82 28.98 -28.51 -0.85 -16.00 }
{1343 54818 96 84 87 82 88 97 88 84 103 75 102 81 97 83 87 86 85 94 96 78 103 71 107 81 0.39 2.54 4.47 2.07 2.52 -1.94 27.83 30.14 -27.18 -0.30 -16.63 }
{1347 54980 100 86 84 85 89 99 86 86 100 77 100 84 104 104 79 85 89 108 84 90 77 93 72 85 -7.42 3.96 11.85 2.01 2.42 -1.61 27.83 29.69 -26.56 0.25 -14.30 }
{1352 55154 104 91 79 85 89 104 84 90 95 82 95 85 104 104 79 85 89 108 84 90 77 93 72 85 9.50 -2.47 -2.69 2.10 2.04 -0.45 27.82 30.34 -25.00 0.07 -14.34 }
{1356 55306 101 90 82 82 86 102 87 93 97 86 91 82 101 90 82 79 80 73 95 108 104 88 74 71 4.55 -5.69 2.14 2.24 2.79 -1.51 27.82 29.49 -24.01 0.86 -13.84 }
{1360 55465 101 90 82 79 82 98 91 97 101 88 87 78 101 90 82 79 80 73 95 108 104 88 74 71 -1.23 -0.61 -3.83 2.26 2.89 -1.69 27.82 30.21 -23.31 1.13 -14.18 }
{1364 55630 100 91 83 80 81 94 93 99 103 89 83 76 100 108 85 108 104 77 72 98 90 92 75 84 -5.46 -1.52 2.31 2.26 3.53 -1.65 27.83 31.12 -23.04 1.83 -13.91 }
{1368 55792 100 95 85 84 85 90 89 98 99 92 79 80 100 108 85 108 104 77 72 98 90 92 75 84 0.22 -2.93 -3.80 1.92 3.14 -1.22 27.81 31.60 -22.11 1.97 -13.65 }
{1372 55956 97 93 88 82 85 86 91 100 101 92 81 84 76 93 90 80 85 72 92 100 108 92 105 85 -1.31 -2.47 -0.12 2.00 3.62 -1.55 27.83 30.16 -21.49 1.91 -13.60 }
{1377 56130 92 93 90 80 85 81 92 100 106 92 86 85 76 93 90 80 85 72 92 100 108 92 105 85 0.39 0.07 -1.88 2.03 3.54 -1.36 27.83 30.68 -21.08 2.01 -13.85 }
{1382 56290 87 93 90 80 85 76 92 100 108 92 91 85 76 93 90 80 85 72 92 100 108 92 105 85 0.45 -0.86 -2.92 2.06 3.54 -1.51 27.81 30.34 -20.59 2.10 -14.65 }
{1386 56442 84 96 93 83 88 78 89 97 105 95 95 88 84 97 104 90 100 86 76 71 73 102 105 108 4.68 -2.64 -4.84 1.65 3.45 -1.29 27.84 30.12 -19.94 2.06 -14.80 }
{1390 56604 84 97 97 87 92 82 85 93 101 99 99 92 84 97 104 90 100 86 76 71 73 102 105 108 7.56 -6.22 -0.06 1.86 3.09 -1.26 27.84 29.25 -18.59 0.96 -15.68 }
{1394 56767 84 97 101 90 96 86 81 89 97 102 103 96 84 97 104 90 100 86 76 71 73 102 105 108 7.59 -8.18 -8.93 1.54 2.67 -0.64 27.83 29.25 -16.97 0.80 -15.99 }
{1398 56934 87 94 99 93 95 87 83 91 93 99 101 94 90 85 96 107 95 87 105 93 85 86 73 72 8.71 -3.05 -1.27 1.88 2.04 -0.87 27.81 29.00 -14.97 -0.09 -16.04 }
{1403 57106 90 89 96 98 95 87 88 93 88 94 96 89 90 85 96 107 95 87 105 93 85 86 73 72 3.29 -0.18 5.99 1.55 2.60 -1.16 27.81 28.20 -14.17 -0.31 -15.50 }
{1407 57252 90 85 96 102 95 87 92 93 85 90 92 85 90 85 96 107 95 87 105 93 85 86 73 72 2.61 0.27 0.11 1.02 2.37 -1.23 27.83 28.36 -14.39 -0.44 -16.59 }
{1411 57414 93 88 95 101 92 84 96 96 88 91 94 81 101 109 95 101 87 76 100 105 106 91 101 75 1.18 1.32 -7.04 1.49 2.53 -1.55 27.83 29.70 -14.16 -0.13 -18.42 }
{1415 57578 97 92 95 101 88 80 100 100 92 91 98 77 89 100 94 107 72 83 103 70 93 73 84 92 -4.94 2.86 7.07 1.23 2.92 -1.49 27.83 30.01 -14.36 0.15 -17.69 }
{1419 57740 93 96 94 105 84 83 103 96 93 87 94 81 89 100 94 107 72 83 103 70 93 73 84 92 2.98 -3.73 -0.95 2.13 3.69 -1.68 27.82 30.83 -15.09 0.66 -17.49 }
{1423 57904 89 94 97 103 80 86 101 92 92 89 96 85 73 71 107 99 77 96 101 84 92 100 100 104 0.40 0.51 0.14 1.44 2.77 -1.09 27.81 29.87 -14.41 0.69 -17.03 }
{1428 58077 84 89 102 99 77 91 101 87 92 94 100 90 73 71 107 99 77 96 101 84 92 100 100 104 12.40 2.56 -9.48 1.49 2.74 -0.59 27.84 29.56 -13.09 0.53 -18.90 }
{1432 58229 80 85 106 99 77 95 101 84 92 98 100 94 73 71 107 99 77 96 101 84 92 100 100 104 9.27 -2.62 -18.30 1.30 2.19 -0.52 27.83 28.85 -11.17 -0.15 -20.62 }
{1436 58398 82 87 104 96 80 93 104 87 95 96 99 95 89 107 73 89 103 82 109 94 98 73 99 95 3.90 0.11 -3.07 1.71 1.90 -1.21 27.82 28.51 -9.76 -0.57 -22.36 }
{1440 58558 86 91 100 92 84 89 108 91 98 92 99 95 89 107 73 89 103 82 109 94 98 73 99 95 -0.24 -2.45 -1.63 1.72 2.40 -1.69 27.82 27.71 -9.59 -0.45 -22.18 }
{1444 58723 90 93 96 90 88 85 108 93 99 88 98 94 97 90 77 107 109 78 73 90 109 77 91 78 4.20 -2.07 4.81 2.04 2.88 -1.81 27.83 27.53 -10.55 6.71 -22.01 }
{1448 58884 88 89 92 94 92 87 104 95 99 90 94 96 70 74 82 106 100 109 79 98 99 102 82 108 -4.21 -2.31 8.73 1.94 2.89 -1.83 27.82 28.92 -10.97 6.36 -20.92 }
{1452 59046 84 85 88 92 90 91 100 98 96 94 95 94 71 72 86 79 75 98 75 98 83 97 95 84 5.10 -1.28 -4.50 2.31 2.60 -0.71 27.82 29.47 -10.58 5.40 -22.75 }
{1457 59215 79 80 86 87 85 96 95 98 91 97 95 89 71 72 86 79 75 98 75 98 83 97 95 84 9.53 -0.56 -21.69 2.01 1.91 -0.48 27.83 29.23 -9.38 4.47 -24.01 }
{1461 59362 81 82 83 89 87 100 91 95 87 98 94 87 85 100 73 89 108 109 89 95 73 98 94 87 3.09 -1.05 -1.42 1.91 2.13 -1.38 27.82 30.90 -9.30 4.07 -24.63 }
{1465 59521 85 86 79 89 91 104 89 95 83 98 94 87 81 72 88 87 74 92 106 85 83 80 82 100 -1.81 -0.62 -1.45 2.01 1.84 -0.68 27.82 30.32 -8.34 3.13 -24.55 }
{1469 59681 81 82 83 87 87 100 93 91 83 94 90 91 81 72 88 87 74 92 106 85 83 80 82 100 -0.15 0.04 1.33 1.77 1.92 -1.15 27.82 30.07 -8.07 2.68 -24.28 }
{1473 59840 84 84 81 84 89 96 91 90 80 90 91 94 103 103 78 78 103 72 81 90 75 85 91 94 4.94 0.49 1.59 1.84 2.49 -1.65 27.82 28.87 -8.15 2.59 -24.45 }
{1477 59996 88 88 78 80 93 92 87 90 76 86 91 94 77 78 78 95 98 108 84 73 91 102 74 85 -3.35 0.30 1.31 1.92 2.62 -1.26 27.84 28.91 -7.93 2.57 -24.03 }
{1481 60153 84 84 78 84 97 96 84 86 80 90 87 90 77 78 78 95 98 108 84 73 91 102 74 85 2.26 -1.05 3.08 1.93 2.53 -1.45 27.83 29.90 -7.87 2.39 -24.46 }
{1485 60310 80 80 78 88 98 100 84 82 84 94 83 86 77 78 78 95 98 108 84 73 91 102 74 85 -0.29 -1.78 -5.10 1.57 2.06 -1.46 27.84 29.32 -6.90 2.31 -25.75 }
{1489 60472 82 82 81 92 95 98 87 84 88 98 85 88 86 94 108 97 85 77 93 86 93 106 87 96 4.14 -5.86 -5.34 2.12 1.16 -1.98 27.84 30.12 -13.34 3.36 -25.62 }
{1493 60630 86 86 85 96 91 94 91 86 92 102 87 92 86 94 108 97 85 77 93 86 93 106 87 96 -1.03 0.48 7.18 1.53 1.86 -1.00 27.84 27.86 -13.25 2.91 -25.27 }
{1497 60787 86 90 89 97 87 90 93 86 93 106 87 96 107 92 106 93 91 71 84 98 74 85 77 93 3.91 -1.77 5.19 1.34 2.67 -1.85 27.84 28.64 -13.73 2.62 -24.17 }
{1501 60948 90 92 93 93 91 86 89 90 89 102 83 93 107 92 106 93 91 71 84 98 74 85 77 93 -2.67 -3.78 3.88 1.64 2.57 -1.21 27.86 29.12 -13.84 2.21 -23.08 }
{1505 61108 94 92 97 93 91 82 85 94 85 98 79 93 107 92 106 93 91 71 84 98 74 85 77 93 -2.32 -4.76 7.94 1.60 2.59 -1.34 27.84 29.90 -14.33 1.57 -20.64 }
{1509 61268 92 89 95 90 88 78 87 92 87 94 81 96 75 83 86 88 81 77 100 70 102 76 99 97 -3.19 -0.90 5.66 1.76 3.47 -1.78 27.84 29.92 -15.02 1.22 -20.05 }
{1513 61426 88 85 91 88 84 77 91 88 91 90 85 97 75 83 86 88 81 77 100 70 102 76 99 97 4.07 1.14 -2.14 1.37 2.84 -0.76 27.84 30.08 -14.44 0.68 -21.23 }
{1517 61584 84 83 87 88 81 77 95 84 95 86 89 97 75 83 86 88 81 77 100 70 102 76 99 97 13.29 9.04 2.06 2.05 2.64 -1.77 27.85 29.79 -14.50 1.11 -21.16 }
{1521 61744 86 80 89 85 84 80 93 86 99 88 87 100 87 75 108 76 95 107 75 97 109 101 71 109 1.21 -3.00 -13.34 1.63 2.93 -2.01 27.83 29.67 -13.97 1.88 -23.67 }
{1525 61906 87 76 93 81 88 84 89 90 103 92 83 104 87 75 108 76 95 107 75 97 109 101 71 109 1.56 -3.19 -3.05 2.04 2.88 -1.28 27.82 28.45 -14.08 1.89 -23.75 }
{1529 62070 87 75 97 77 92 88 85 94 107 96 79 108 87 75 108 76 95 107 75 97 109 101 71 109 5.42 1.73 0.55 1.86 2.17 -1.05 27.82 28.76 -13.14 1.81 -23.48 }
{1533 62234 90 75 95 79 94 86 87 92 105 94 81 106 95 75 84 83 94 73 99 91 102 90 83 79 1.27 1.23 2.69 1.45 2.46 -1.07 27.85 29.72 -12.53 0.88 -24.15 }
{1538 62403 95 75 90 83 94 81 92 91 102 90 83 101 95 75 84 83 94 73 99 91 102 90 83 79 1.53 1.35 17.91 2.25 2.58 -1.15 27.82 28.73 -12.41 0.86 -23.06 }
{1543 62562 95 75 85 83 94 76 97 91 102 90 83 96 95 75 84 83 94 73 99 91 102 90 83 79 -1.90 5.01 7.15 1.89 3.53 -2.12 27.85 29.50 -12.61 1.13 -22.51 }
{1547 62709 92 78 87 80 91 78 95 88 99 87 86 92 70 109 104 70 86 99 94 88 78 76 96 92 -2.01 -0.15 -3.19 2.29 3.59 -1.50 27.84 30.37 -13.17 1.86 -22.62 }
{1551 62868 88 82 91 76 87 82 94 88 95 83 90 92 70 109 104 70 86 99 94 88 78 76 96 92 0.40 -4.25 -5.74 2.10 3.31 -1.05 27.81 31.21 -13.38 2.00 -22.71 }
{1555 63028 84 86 95 72 86 86 94 88 91 79 94 92 70 109 104 70 86 99 94 88 78 76 96 92 2.19 -2.71 -7.88 1.83 2.73 -1.10 27.82 30.57 -12.62 1.12 -23.78 }
{1559 63188 86 90 97 74 89 84 91 91 87 75 92 89 88 91 97 85 97 71 79 108 85 75 71 71 4.37 -0.79 -4.95 1.50 2.60 -1.20 27.83 30.99 -12.11 0.79 -24.67 }
{1563 63344 88 91 97 78 93 80 87 95 85 75 88 85 88 91 97 85 97 71 79 108 85 75 71 71 2.78 -0.86 -9.34 1.29 2.29 -1.50 27.84 30.63 -11.23 0.42 -25.26 }
{1567 63503 88 91 97 82 97 76 83 99 85 75 84 81 88 91 97 85 97 71 79 108 85 75 71 71 2.37 -0.57 1.66 1.75 2.61 -1.32 27.82 30.30 -11.13 0.41 -25.54 }
{1571 63662 91 89 100 80 94 78 85 97 82 78 86 81 102 89 104 73 84 81 106 94 73 104 103 81 0.49 -1.09 -5.19 1.33 2.61 -0.85 27.84 29.92 -11.31 0.12 -26.38 }
{1575 63824 95 92 98 82 96 82 85 99 84 82 84 84 98 109 75 102 102 82 85 99 103 93 70 99 -0.33 2.10 7.16 1.39 1.95 -1.29 27.85 31.08 -10.85 0.00 -25.70 }
{1579 63983 98 96 94 86 100 82 85 99 88 86 80 88 98 109 75 102 102 82 85 99 103 93 70 99 1.24 0.11 11.68 1.61 2.05 -0.91 27.83 31.02 -11.09 -0.54 -23.78 }
{1583 64148 95 94 96 84 98 79 88 97 86 90 82 92 94 79 101 79 93 78 95 97 70 90 99 93 3.97 -3.17 2.63 2.45 3.34 -2.13 27.83 31.88 -13.02 0.80 -23.96 }
{1587 64303 94 90 100 80 94 78 92 97 82 90 86 93 94 79 101 79 93 78 95 97 70 90 99 93 1.62 -2.31 -3.08 1.39 2.44 -0.92 27.83 31.80 -12.40 0.29 -24.84 }
{1591 64460 94 86 101 79 93 78 95 97 78 90 90 93 94 79 101 79 93 78 95 97 70 90 99 93 3.47 -1.64 -2.95 1.18 2.38 -0.97 27.86 30.50 -11.66 -0.20 -24.52 }
{1595 64623 91 88 98 82 90 81 98 94 80 93 94 90 76 95 70 95 72 84 101 93 83 93 108 73 4.61 1.88 0.50 1.26 2.85 -0.76 27.83 30.39 -11.43 -0.52 -24.68 }
{1599 64781 93 87 94 86 92 85 96 90 81 95 98 92 101 87 79 107 99 102 79 90 81 95 101 103 3.73 -1.57 -3.08 1.08 2.19 -1.69 27.84 29.67 -10.34 -0.21 -25.11 }
{1603 64943 97 87 90 90 96 89 92 90 81 95 101 96 101 87 79 107 99 102 79 90 81 95 101 103 5.58 -1.98 5.62 1.73 2.07 -1.15 27.83 31.02 -9.76 -0.28 -23.76 }
{1607 65106 95 84 86 88 94 90 88 87 84 92 98 94 80 74 73 78 72 90 86 75 87 82 82 90 1.23 -7.06 -2.95 1.83 2.60 -1.18 27.85 30.95 -10.02 -0.43 -24.24 }
{1611 65263 91 80 82 84 90 90 86 83 87 88 94 90 80 74 73 78 72 90 86 75 87 82 82 90 3.24 -1.32 -3.11 2.15 2.14 -1.25 27.84 30.45 -9.46 -0.58 -24.98 }
{1615 65420 87 76 78 80 86 90 86 79 87 84 90 90 80 74 73 78 72 90 86 75 87 82 82 90 2.05 1.47 -1.48 1.98 2.24 -0.93 27.84 29.92 -9.17 -1.06 -27.22 }
{1619 65579 89 72 80 82 88 93 83 81 88 86 92 93 90 71 88 105 109 93 73 91 88 92 97 102 -1.10 2.46 -3.56 2.31 2.11 -1.14 27.83 30.23 -8.86 -1.37 -27.19 }
{1623 65739 93 74 84 86 92 95 79 85 85 87 94 97 94 80 103 100 98 95 70 107 75 87 109 109 3.90 0.69 1.54 1.91 2.10 -1.05 27.84 30.19 -8.72 -1.51 -27.20 }
{1627 65897 94 78 88 90 96 95 75 89 81 87 98 101 94 80 103 100 98 95 70 107 75 87 109 109 4.45 2.08 20.96 2.62 1.99 -0.97 27.85 30.35 -7.96 -2.17 -22.19 }
{1631 66060 93 77 89 88 94 98 77 88 83 84 96 105 93 77 89 79 87 99 109 88 88 75 85 107 16.03 -0.22 6.84 1.97 1.65 -0.86 27.84 30.30 -6.56 -1.96 -21.17 }
{1635 66221 90 80 92 84 96 96 75 88 87 81 92 103 79 94 105 76 102 86 70 88 109 81 74 75 3.78 0.07 -4.11 1.90 1.13 -0.98 27.86 29.03 -20.20 -2.13 -21.49 }
{1639 66380 86 84 96 80 100 92 71 88 91 81 88 99 79 94 105 76 102 86 70 88 109 81 74 75 -0.07 -2.19 -4.49 2.08 1.68 -1.11 27.86 29.38 -18.97 -2.24 -22.17 }
{1643 66545 87 88 100 82 98 91 73 91 89 84 84 95 87 108 104 105 78 91 78 95 82 85 81 80 1.94 -3.57 -2.49 1.93 2.12 -1.51 27.84 29.87 -18.55 -1.74 -22.21 }
{1647 66706 87 92 104 86 94 91 77 95 85 85 81 91 87 108 104 105 78 91 78 95 82 85 81 80 2.74 -3.46 -6.46 2.20 2.07 -1.07 27.83 29.87 -17.12 -2.25 -23.96 }
{1651 66870 84 96 101 90 91 90 81 92 81 82 78 93 72 100 72 100 91 90 105 90 74 76 75 98 5.12 -6.19 1.45 1.49 2.36 -1.36 27.84 30.05 -15.75 -3.30 -23.91 }
{1655 67031 86 94 103 94 88 93 79 91 83 84 74 97 94 79 103 94 86 94 71 91 95 108 73 97 2.57 -2.56 -2.12 1.44 1.86 -1.16 27.82 30.10 -14.70 -3.22 -23.28 }
{1659 67189 90 90 103 94 86 94 75 91 87 88 73 97 94 79 103 94 86 94 71 91 95 108 73 97 4.29 0.05 -5.27 1.59 1.81 -1.16 27.84 29.41 -13.91 -2.97 -22.14 }
{1664 67362 94 85 103 94 86 94 71 91 92 93 73 97 94 79 103 94 86 94 71 91 95 108 73 97 7.04 -2.45 -2.17 1.02 1.46 -1.49 27.85 29.36 -12.67 -2.87 -21.78 }
{1668 67513 91 85 100 93 88 91 70 94 90 91 76 94 83 85 81 93 88 87 70 106 79 71 89 80 -0.48 -4.44 -1.62 2.78 1.79 -1.60 27.83 29.07 -12.73 -3.10 -20.80 }
{1672 67675 87 82 96 90 91 87 70 92 86 93 74 90 85 78 81 77 91 83 70 78 85 106 74 83 1.27 -0.71 -7.66 1.55 2.29 -1.41 27.84 29.78 -12.80 -3.34 -22.07 }
{1676 67832 85 78 92 86 91 83 70 88 85 97 74 86 85 78 81 77 91 83 70 78 85 106 74 83 -1.57 0.75 -1.63 1.33 2.48 -1.70 27.84 30.81 -12.59 -3.15 -22.84 }
{1680 67993 82 81 94 83 88 86 73 88 88 100 77 88 77 105 109 83 76 95 101 88 99 100 79 97 0.31 -3.78 -6.11 1.15 2.94 -1.90 27.84 30.43 -12.70 -2.38 -23.06 }
{1684 68155 78 85 98 83 84 90 77 88 92 100 79 92 77 105 109 83 76 95 101 88 99 100 79 97 1.61 -0.45 -3.04 1.48 1.95 -1.31 27.84 30.01 -11.93 -2.22 -22.61 }
{1688 68319 80 89 100 86 86 94 75 88 90 97 82 96 84 94 100 103 101 98 74 88 78 77 92 108 2.28 0.37 2.12 1.20 1.91 -0.79 27.84 30.35 -11.00 -2.89 -23.17 }
{1692 68478 84 93 100 90 90 98 74 88 86 93 86 100 85 87 82 87 99 80 90 101 97 71 109 90 4.17 2.10 3.19 1.86 2.03 -0.99 27.84 29.94 -10.67 -2.81 -23.31 }
{1696 68639 85 89 96 87 94 94 78 92 90 89 90 96 85 87 82 87 99 80 90 101 97 71 109 90 -1.32 -0.44 4.31 1.89 2.13 -1.47 27.84 29.45 -9.97 -2.49 -22.02 }
{1700 68800 87 86 92 84 92 90 82 96 89 85 89 92 87 86 75 81 74 85 85 109 89 79 89 82 4.89 0.78 2.28 1.95 1.88 -1.14 27.84 30.30 -9.58 -2.46 -21.55 }
{1704 68956 90 89 92 86 91 90 86 94 86 87 91 88 100 96 92 92 91 90 104 77 83 87 91 75 3.16 3.17 6.24 1.40 2.09 -1.92 27.84 30.21 -15.89 -1.91 -21.97 }
{1708 69113 92 91 93 88 90 89 90 92 84 88 92 86 84 82 98 75 88 72 100 109 100 107 102 86 -3.68 -1.64 3.36 1.61 2.49 -1.71 27.84 30.34 -15.22 -1.28 -20.20 }
{1712 69276 88 87 97 84 88 85 94 96 88 92 96 86 84 82 98 75 88 72 100 109 100 107 102 86 0.66 -1.60 -1.39 1.22 2.43 -1.45 27.87 31.04 -15.03 -1.47 -19.66 }
{1716 69441 84 89 95 86 91 87 92 100 86 90 95 88 78 100 83 109 107 102 84 103 80 81 95 88 4.68 -3.57 -6.15 1.03 2.52 -1.32 27.84 30.43 -15.04 -1.05 -20.25 }
{1720 69604 80 93 91 90 95 91 88 103 82 86 95 88 78 100 83 109 107 102 84 103 80 81 95 88 3.04 -2.99 -1.45 2.05 2.57 -1.19 27.84 31.46 -14.92 -1.27 -21.44 }
{1724 69770 80 93 91 94 95 91 88 105 82 82 97 86 103 84 94 97 72 84 99 109 104 77 105 78 4.54 -4.47 -3.07 2.24 1.89 -0.44 27.84 30.10 -13.76 -1.83 -22.90 }
{1728 69933 84 95 89 92 97 87 92 103 86 78 95 88 103 97 70 83 100 73 106 78 96 70 72 107 2.11 -0.31 1.54 1.70 2.11 -1.45 27.84 30.46 -13.15 -1.78 -22.80 }
{1732 70094 82 93 87 91 101 89 90 101 90 80 91 86 81 86 87 91 108 105 78 101 103 97 70 82 0.49 -0.73 0.98 2.07 2.24 -1.59 27.84 30.63 -12.58 -1.17 -21.55 }
{1736 70258 83 93 85 93 101 93 87 100 94 84 87 82 102 99 83 98 73 108 87 100 98 96 73 75 0.29 -2.96 -8.52 1.61 1.53 -1.26 27.84 30.97 -11.88 -1.09 -21.91 }
{1740 70420 87 97 83 97 97 97 87 100 98 88 83 78 102 99 83 98 73 108 87 100 98 96 73 75 0.43 -2.18 -8.23 2.26 1.53 -1.11 27.85 30.59 -11.04 -0.86 -21.59 }
{1744 70584 85 95 80 101 93 95 90 97 95 86 85 74 81 76 73 108 74 77 107 72 76 81 93 70 1.91 1.10 2.70 1.71 1.95 -1.02 27.86 30.52 -10.60 -0.98 -21.32 }
{1748 70742 81 91 76 105 89 91 94 93 91 82 89 70 81 76 73 108 74 77 107 72 76 81 93 70 0.71 -1.31 -4.64 1.85 2.79 -1.42 27.84 31.35 -10.85 -0.98 -21.91 }
{1752 70902 81 87 73 108 85 87 98 89 87 81 93 70 81 76 73 108 74 77 107 72 76 81 93 70 2.32 1.49 -7.08 1.80 2.58 -1.10 27.85 29.99 -10.21 -0.76 -23.83 }
{1756 71064 84 89 75 105 81 86 98 91 83 84 96 73 94 101 75 79 72 86 98 100 75 92 103 75 3.12 0.27 1.07 1.95 2.51 -1.41 27.85 31.22 -10.01 -0.59 -23.83 }
{1760 71223 88 93 75 101 77 86 98 95 79 88 100 75 94 101 75 79 72 86 98 100 75 92 103 75 2.94 -0.59 3.65 2.23 2.48 -1.22 27.85 30.26 -9.80 -0.25 -23.22 }
{1764 71386 92 91 78 97 78 89 95 93 76 92 98 78 105 82 98 96 78 107 92 73 76 106 91 109 -5.69 -2.04 2.31 2.29 1.77 -1.16 27.84 31.22 -9.18 -0.07 -22.68 }
{1768 71546 92 87 82 98 80 93 94 89 75 96 98 82 72 80 107 98 101 93 94 82 75 108 102 97 1.38 -1.69 -0.14 2.04 2.37 -1.36 27.84 31.10 -9.79 -0.19 -19.46 }
{1772 71706 88 83 86 98 84 93 94 85 75 100 102 86 72 80 107 98 101 93 94 82 75 108 102 97 -0.93 -3.20 -5.17 1.41 2.15 -1.38 27.84 30.59 -10.31 -0.67 -18.97 }
{1776 71874 88 81 86 97 88 95 95 82 78 98 103 84 74 101 88 109 93 98 77 82 83 78 91 71 9.84 -0.88 -3.43 1.50 2.12 -0.89 27.85 30.34 -9.83 -0.77 -19.19 }
{1780 72032 84 85 88 101 92 98 91 82 82 94 99 80 74 101 88 109 93 98 77 82 83 78 91 71 4.23 1.29 0.29 1.75 1.87 -1.09 27.85 29.96 -9.68 -1.04 -19.37 }
{1785 72202 79 90 88 106 93 98 86 82 83 89 94 75 74 101 88 109 93 98 77 82 83 78 91 71 7.04 0.85 -2.99 1.73 1.62 -0.75 27.83 31.22 -10.12 -1.41 -20.06 }
{1789 72351 79 90 90 106 91 97 86 84 85 85 90 75 99 80 91 86 83 97 104 108 99 85 70 77 6.61 -2.04 -2.59 1.60 1.82 -0.93 27.84 29.70 -10.04 -1.43 -20.62 }
{1794 72523 84 85 91 101 86 97 91 89 90 85 85 77 99 80 91 86 83 97 104 108 99 85 70 77 4.31 2.75 2.76 1.53 2.70 -1.32 27.84 29.96 -9.64 -1.29 -20.52 }
{1798 72671 88 87 94 97 82 96 95 93 92 82 87 80 105 98 96 94 77 96 108 97 92 81 109 107 3.55 2.91 6.00 1.48 1.83 -1.21 27.86 29.67 -8.96 -1.08 -19.79 }
{1802 72830 86 85 92 93 78 93 95 91 89 84 91 78 70 106 72 74 80 71 97 70 98 105 75 97 -5.25 0.28 -1.04 0.98 2.15 -0.81 27.86 30.63 -9.64 -0.79 -19.22 }
{1806 72988 82 89 88 89 80 89 97 87 93 88 87 82 70 106 72 74 80 71 97 70 98 105 75 97 3.13 -0.91 -2.20 1.55 2.53 -1.49 27.84 31.21 -9.79 -0.60 -19.41 }
{1810 73147 78 93 84 85 80 85 97 83 97 92 83 86 70 106 72 74 80 71 97 70 98 105 75 97 8.36 -0.54 -4.69 1.77 2.12 -1.86 27.85 30.95 -16.95 0.14 -19.61 }
{1814 73307 74 95 86 87 83 87 94 79 95 93 85 90 71 95 109 109 87 100 73 72 72 93 109 94 2.84 -2.77 -4.66 1.77 2.73 -1.64 27.86 29.92 -16.23 0.63 -20.23 }
{1818 73467 71 95 90 91 87 91 90 75 91 93 89 94 71 95 109 109 87 100 73 72 72 93 109 94 -0.32 -3.22 -5.89 1.75 2.35 -1.20 27.83 30.16 -15.09 0.46 -20.95 }
{1822 73630 74 98 94 94 84 89 86 77 93 90 93 97 74 102 97 94 74 86 84 97 98 78 94 97 3.19 -3.52 -0.61 1.50 2.20 -0.29 27.86 29.72 -13.84 -0.24 -22.46 }
{1827 73800 74 102 97 94 79 86 84 82 98 85 94 97 74 102 97 94 74 86 84 97 98 78 94 97 2.05 2.27 1.51 1.71 1.99 -0.83 27.84 29.81 -12.56 -0.58 -22.86 }
{1831 73948 77 99 100 91 75 89 81 86 95 87 91 94 82 86 107 75 74 104 78 103 93 100 74 80 7.13 -0.71 3.16 1.42 1.70 -1.05 27.84 29.67 -11.72 -1.03 -22.88 }
{1836 74122 82 94 105 86 74 94 78 91 93 92 86 89 82 86 107 75 74 104 78 103 93 100 74 80 9.23 0.43 -2.09 1.43 1.34 -1.42 27.86 28.62 -10.97 -1.16 -23.10 }
{1840 74270 82 90 107 82 74 98 78 95 93 96 82 85 82 86 107 75 74 104 78 103 93 100 74 80 2.61 -0.51 8.60 2.26 1.75 -1.41 27.85 29.87 -10.66 -1.39 -21.60 }
{1844 74436 83 86 108 80 75 96 79 93 90 98 82 87 77 72 100 94 73 70 74 78 77 91 70 92 -2.61 -5.38 6.70 1.35 2.06 -1.43 27.85 29.88 -10.36 -1.45 -19.63 }
{1848 74595 83 86 104 84 75 96 77 93 90 94 82 91 95 99 93 85 78 108 77 99 104 91 107 107 0.16 -1.86 2.57 0.96 2.61 -1.62 27.86 29.87 -10.75 -1.77 -19.14 }
{1852 74756 87 90 100 85 78 100 77 97 94 91 86 95 95 99 93 85 78 108 77 99 104 91 107 107 4.10 1.84 5.18 1.77 2.42 -1.56 27.85 29.63 -10.48 -2.01 -19.01 }
{1857 74930 92 95 95 85 78 105 77 99 99 91 91 100 95 99 93 85 78 108 77 99 104 91 107 107 2.61 0.74 15.66 2.86 2.18 -1.46 27.87 30.25 -10.01 -1.97 -18.69 }
{1861 75082 96 93 91 82 75 103 80 97 97 88 95 103 99 82 72 73 72 91 102 97 97 78 97 103 2.75 -2.91 10.17 2.12 2.37 -1.43 27.85 29.61 -9.97 -2.00 -18.28 }
{1866 75254 99 88 86 77 72 98 85 97 97 83 97 103 99 82 72 73 72 91 102 97 97 78 97 103 3.70 -0.35 8.03 1.98 2.89 -1.27 27.86 30.59 -10.17 -1.49 -17.27 }
{1870 75404 96 90 88 79 75 95 83 94 94 85 94 100 71 93 102 97 100 95 80 89 93 95 84 87 -2.59 -1.75 -3.69 1.65 2.24 -1.91 27.86 29.52 -10.00 -0.73 -17.53 }
{1874 75565 92 93 92 83 79 95 80 90 93 89 90 96 71 93 102 97 100 95 80 89 93 95 84 87 2.51 -4.82 -8.85 1.98 2.25 -1.56 27.86 30.35 -10.01 -1.23 -18.67 }
{1878 75726 94 90 90 87 83 98 83 92 90 93 86 98 103 70 84 101 107 109 95 103 82 109 79 108 3.96 -2.76 -2.98 1.34 2.30 -1.82 27.85 30.32 -10.05 -0.80 -18.28 }
{1882 75892 92 92 87 91 81 96 87 96 86 97 88 96 88 99 87 100 78 78 96 102 82 107 103 81 4.92 0.43 3.60 1.54 1.81 -0.79 27.84 30.05 -8.90 -0.87 -17.07 }
{1886 76051 88 96 90 89 77 92 87 94 88 95 92 92 81 97 98 73 71 72 87 88 88 76 104 73 -2.85 0.05 -2.69 1.51 2.06 -0.76 27.85 29.74 -8.39 -1.50 -17.50 }
{1890 76208 84 97 94 85 73 88 87 90 88 91 96 88 81 97 98 73 71 72 87 88 88 76 104 73 3.09 0.51 -2.81 1.69 2.71 -1.40 27.85 30.03 -8.69 -1.44 -18.78 }
{1894 76364 81 97 98 81 71 84 87 88 88 87 100 84 81 97 98 73 71 72 87 88 88 76 104 73 -0.29 -2.06 -9.76 1.20 2.13 -1.20 27.84 30.57 -9.24 -1.13 -18.83 }
{1898 76526 84 94 95 83 74 80 90 85 85 89 98 86 100 74 83 97 102 79 97 72 74 98 85 100 1.23 -1.92 -3.10 1.40 2.77 -1.60 27.84 30.19 -9.56 -1.14 -20.22 }
{1902 76685 88 90 91 87 78 79 94 81 81 93 94 90 100 74 83 97 102 79 97 72 74 98 85 100 3.24 -1.73 1.05 1.39 3.22 -1.72 27.87 29.38 -9.94 -0.66 -18.96 }
{1906 76846 92 92 87 85 82 82 98 83 81 91 90 94 104 96 80 84 85 98 101 109 81 79 71 106 5.48 -0.96 6.40 1.36 3.02 -1.62 27.86 30.64 -9.78 -0.24 -18.77 }
{1910 77004 96 96 83 84 85 86 101 87 81 87 86 98 104 96 80 84 85 98 101 109 81 79 71 106 -1.14 -0.62 1.83 1.49 3.39 -1.31 27.87 30.50 -9.26 0.75 -18.34 }
{1915 77177 101 96 80 84 85 91 101 92 81 82 81 103 104 96 80 84 85 98 101 109 81 79 71 106 -0.79 1.20 5.47 2.42 2.46 -0.50 27.86 30.57 -9.91 0.64 -18.80 }
{1919 77329 103 99 81 81 88 95 98 90 84 81 83 101 103 102 81 78 90 102 89 89 99 81 84 94 1.15 -0.59 5.70 2.43 2.26 -0.86 27.86 30.23 -9.73 0.30 -17.56 }
{1923 77487 103 102 81 78 90 99 94 89 88 81 84 97 103 102 81 78 90 102 89 89 99 81 84 94 2.78 -2.16 4.58 2.62 1.81 -1.08 27.88 30.81 -9.31 -0.03 -15.83 }
{1927 77649 102 101 82 77 89 103 92 88 90 81 85 93 81 74 101 77 71 109 107 85 76 81 101 88 1.06 -1.40 -0.38 2.32 2.16 -1.38 27.86 30.52 -9.34 0.25 -15.52 }
{1931 77813 98 103 80 74 90 101 96 87 90 84 83 89 83 108 73 73 90 78 103 87 90 89 83 79 -0.76 -1.60 -8.70 1.93 2.28 -1.03 27.86 29.94 -9.66 -0.07 -16.67 }
{1936 77986 93 108 75 73 90 96 101 87 90 89 83 84 83 108 73 73 90 78 103 87 90 89 83 79 -2.82 -2.96 -5.47 2.20 2.56 -2.33 27.87 30.70 -9.96 0.36 -17.47 }
{1940 78137 89 105 77 76 87 92 99 85 87 86 86 80 88 96 105 85 71 86 80 85 78 78 107 72 -4.35 -2.09 -4.53 2.46 3.30 -1.14 27.88 31.19 -10.78 1.47 -18.43 }
{1944 78297 88 101 81 80 83 88 95 85 83 82 90 76 88 96 105 85 71 86 80 85 78 78 107 72 -2.21 -1.17 -4.26 2.15 2.56 -1.75 27.87 31.39 -10.91 1.71 -19.13 }
{1948 78458 88 97 85 84 79 86 91 85 79 78 94 72 88 96 105 85 71 86 80 85 78 78 107 72 -0.61 -1.87 -5.33 2.06 2.57 -1.05 27.86 32.31 -11.13 1.63 -19.98 }
{1952 78620 85 93 84 88 81 83 87 82 81 81 92 75 77 87 84 105 100 77 86 75 93 96 85 80 1.68 -1.12 -0.24 1.56 2.11 -1.00 27.85 31.93 -11.27 1.14 -20.34 }
{1956 78778 81 89 84 92 85 79 86 78 85 85 88 79 77 87 84 105 100 77 86 75 93 96 85 80 -2.93 -2.01 -1.17 1.70 2.84 -1.31 27.85 31.93 -11.05 0.61 -20.97 }
{1960 78940 83 85 87 90 89 81 83 80 89 89 90 77 105 73 95 82 99 90 83 107 106 93 103 76 -2.85 -13.41 -7.98 2.09 2.09 -1.69 27.87 32.49 -12.61 -1.11 -22.10 }
{1964 79104 86 81 88 86 93 84 86 78 93 87 88 74 86 72 88 81 96 84 99 72 106 79 86 74 -0.44 -3.29 -3.62 1.67 3.05 -1.76 27.88 32.38 -12.24 -1.37 -22.17 }
{1968 79262 86 77 88 82 96 84 90 74 97 83 86 74 86 72 88 81 96 84 99 72 106 79 86 74 1.19 0.07 0.49 1.12 2.95 -1.36 27.86 31.93 -12.22 -1.59 -21.73 }
{1972 79421 83 79 85 84 93 81 94 76 95 85 83 77 75 88 73 93 74 76 105 100 85 97 73 102 1.73 0.54 -3.56 1.49 2.90 -1.23 27.86 31.01 -11.89 -1.43 -20.61 }
{1976 79580 79 83 81 88 89 77 98 80 91 89 79 81 75 88 73 93 74 76 105 100 85 97 73 102 0.40 -0.02 2.09 1.75 3.27 -1.44 27.87 31.98 -12.05 -1.25 -20.10 }

