N T EM1 EM2 EM3 EM4 EM5 EM6 EM7 EM8 EM9 EM10 EM11 EM12 CM1 CM2 CM3 CM4 CM5 CM6 CM7 CM8 CM9 CM10 CM11 CM12 GyX GyY GyZ AcX AcY AcZ Tmp HCSR X Y Z
{0 5536 93 93 93 93 93 93 93 93 93 93 93 93 82 94 98 83 85 77 99 83 98 94 75 80 1.65 0.34 -0.70 1.02 0.10 -1.33 29.33 51.08 3.52 -0.99 -32.23 }
{4 5678 89 94 97 89 89 89 97 89 97 94 89 89 82 94 98 83 85 77 99 83 98 94 75 80 -0.22 -0.73 1.63 0.63 0.60 -1.43 29.33 51.01 3.51 -1.19 -32.11 }
{8 5830 85 97 98 85 91 85 97 85 95 91 91 85 77 102 98 82 94 85 97 78 94 84 92 85 -5.06 -2.70 0.17 1.46 1.27 -1.10 29.38 50.41 17.56 -0.39 -31.66 }
{12 5983 81 101 98 82 94 85 97 81 94 87 92 85 77 102 98 82 94 85 97 78 94 84 92 85 -0.13 1.07 -4.18 1.32 0.85 -1.62 29.42 50.63 15.60 -0.13 -32.10 }
{16 6140 83 99 101 85 91 88 94 82 95 83 94 88 84 93 101 100 82 101 77 82 95 78 94 94 6.11 0.04 -5.17 0.72 0.54 -0.11 29.42 50.59 14.43 -0.13 -32.79 }
{20 6296 84 95 101 89 87 92 90 82 95 79 94 92 84 93 101 100 82 101 77 82 95 78 94 94 16.36 0.34 8.32 1.18 -0.37 -0.27 29.42 51.35 13.16 -0.69 -33.35 }
{24 6456 87 91 98 88 83 90 86 83 92 81 91 90 96 82 77 88 81 80 80 83 76 99 82 86 6.57 0.63 1.80 1.53 -0.11 -1.60 29.42 51.50 12.48 -1.27 -34.22 }
{28 6607 91 87 94 88 81 86 82 83 88 85 87 86 96 82 77 88 81 80 80 83 76 99 82 86 9.24 2.48 -5.80 1.40 0.39 -2.13 29.42 50.79 12.68 12.54 -33.83 }
{32 6760 95 83 90 88 81 82 80 83 84 89 83 86 96 82 77 88 81 80 80 83 76 99 82 86 0.81 -5.40 -3.16 1.26 0.19 -1.97 29.33 50.74 11.94 11.46 -32.31 }
{36 6916 99 79 92 91 84 84 77 86 86 91 84 89 103 79 103 95 99 101 75 88 97 91 84 89 9.03 -5.99 -8.14 -0.14 0.11 -1.42 29.33 52.37 12.05 17.30 -32.10 }
{40 7071 103 79 96 95 88 88 75 88 90 91 84 89 103 79 103 95 99 101 75 88 97 91 84 89 -0.39 1.41 -0.29 0.81 -0.29 -1.24 29.38 52.00 11.27 15.84 -30.78 }
{44 7233 100 82 94 93 88 92 76 91 88 90 81 92 88 102 93 93 88 103 76 100 88 90 79 98 5.64 -3.46 -2.44 1.29 -0.20 -1.12 29.33 52.11 10.48 13.85 -30.80 }
{48 7390 96 86 93 93 88 96 76 95 88 90 79 96 88 102 93 93 88 103 76 100 88 90 79 98 5.55 3.33 2.69 0.97 0.19 -0.58 29.33 51.57 8.90 25.57 -31.40 }
{52 7545 92 90 90 90 85 94 79 93 90 89 82 94 80 104 90 79 84 76 92 80 90 89 96 93 2.80 0.95 -0.70 0.35 -0.01 -1.19 29.42 51.19 8.70 43.79 -31.25 }
{56 7698 88 94 90 86 84 90 83 89 90 89 86 93 80 104 90 79 84 76 92 80 90 89 96 93 3.94 4.14 0.02 0.44 0.66 -0.65 29.42 50.75 9.18 40.11 -31.64 }
{60 7852 90 92 93 87 87 91 87 85 93 92 90 90 98 80 97 87 101 91 102 83 99 96 102 86 -0.42 2.63 6.63 0.80 0.47 -1.56 29.38 51.33 8.16 37.00 -31.65 }
{64 8005 94 88 97 87 91 91 91 83 97 96 94 86 98 80 97 87 101 91 102 83 99 96 102 86 -2.79 2.74 -4.09 2.35 0.31 -3.62 29.42 50.97 8.10 34.59 -31.81 }
{68 8162 96 84 96 88 95 92 95 84 98 95 96 85 92 83 82 102 99 99 104 86 80 90 90 83 0.94 1.18 13.54 0.74 0.28 -1.50 29.24 52.33 14.72 31.77 -30.50 }
{72 8316 92 83 92 92 99 96 99 86 94 91 92 83 92 83 82 102 99 99 104 86 80 90 90 83 17.41 6.89 -0.20 1.52 -0.18 0.16 29.28 52.18 14.54 29.34 -29.56 }
{76 8473 94 83 88 90 96 99 103 89 93 93 88 86 94 83 77 75 82 99 103 100 93 98 85 91 6.90 3.53 5.97 0.45 -0.54 -1.66 29.33 50.68 14.52 38.64 -30.07 }
{80 8628 94 83 84 86 92 99 103 93 93 97 85 90 94 83 77 75 82 99 103 100 93 98 85 91 0.68 -2.31 -3.97 0.76 -0.32 -0.58 29.38 50.95 14.15 41.80 -29.81 }
{84 8787 97 86 86 88 88 96 100 97 96 95 88 94 97 100 97 97 82 96 90 97 96 86 95 96 5.41 3.59 0.23 0.30 -0.14 -0.80 29.24 50.63 13.60 38.60 -29.04 }
{88 8941 97 90 90 92 84 96 96 97 96 91 92 96 97 100 97 97 82 96 90 97 96 86 95 96 -2.64 -2.99 0.76 0.86 -0.07 -1.10 29.38 51.32 12.39 35.01 -30.01 }
{92 9097 97 94 94 96 82 96 92 97 96 87 95 96 97 100 97 97 82 96 90 97 96 86 95 96 1.87 1.73 4.90 0.31 0.14 -0.72 29.42 52.64 11.18 31.58 -29.96 }
{96 9251 100 92 95 95 85 93 91 94 99 89 92 99 102 91 95 95 94 80 91 77 103 90 84 99 -0.16 0.98 5.05 1.14 -0.12 -0.80 29.38 52.58 10.49 28.62 -29.74 }
{100 9408 98 94 98 92 83 95 94 95 97 87 88 96 94 95 100 81 78 101 98 95 93 79 75 89 -0.24 0.23 2.32 1.43 0.08 -1.36 29.42 50.94 9.78 26.52 -29.02 }
{104 9562 94 95 100 88 79 99 98 95 93 83 84 92 94 95 100 81 78 101 98 95 93 79 75 89 7.81 2.94 3.54 0.31 0.28 -0.86 29.33 51.37 9.20 24.44 -29.64 }
{108 9716 94 95 100 84 78 101 98 95 93 79 80 89 94 95 100 81 78 101 98 95 93 79 75 89 3.73 1.14 -1.40 1.29 0.31 -1.23 29.24 51.48 9.17 22.65 -29.31 }
{112 9875 92 97 99 84 80 99 96 95 91 81 80 91 79 101 99 88 93 79 85 95 84 88 102 100 -1.66 -2.48 -6.05 1.00 0.12 -1.24 29.42 51.84 8.66 20.68 -29.34 }
{116 10034 88 95 96 88 84 100 92 92 89 83 84 90 77 84 92 90 91 100 88 85 89 83 100 90 1.35 -3.51 -3.37 0.98 -0.03 -1.55 29.33 51.68 8.05 18.78 -29.50 }
{120 10192 89 97 92 86 87 99 94 88 92 86 88 87 89 97 86 84 87 99 100 83 101 87 90 76 4.72 -5.60 -0.29 1.05 0.02 -2.06 29.38 51.75 8.11 17.16 -29.36 }
{124 10349 92 94 88 82 84 96 92 90 93 84 86 89 104 82 78 82 80 95 77 96 93 82 76 90 0.48 -0.74 -1.57 1.70 0.20 -0.73 29.38 51.84 8.21 15.55 -28.73 }
{128 10504 96 90 84 82 80 95 88 94 93 82 82 90 104 82 78 82 80 95 77 96 93 82 76 90 8.43 -1.29 -4.53 1.07 -0.08 -1.36 29.38 51.10 7.54 14.63 -27.79 }
{132 10662 94 86 81 85 83 92 90 92 90 85 84 89 83 80 81 102 94 79 96 81 76 97 95 89 1.90 -1.38 -4.40 1.66 0.58 -1.66 29.33 52.00 7.56 20.14 -27.73 }
{136 10817 90 82 81 89 87 88 94 88 86 89 88 89 83 80 81 102 94 79 96 81 76 97 95 89 0.84 -2.33 -1.36 0.56 0.46 -2.30 29.47 51.79 7.24 25.35 -26.88 }
{140 10974 86 84 82 90 88 90 95 90 88 87 86 92 80 84 82 90 88 104 95 100 90 81 78 97 -4.71 -4.19 -5.02 1.01 0.44 -1.90 29.33 51.97 6.93 23.42 -26.22 }
{144 11130 82 84 82 90 88 94 95 94 90 83 82 96 80 84 82 90 88 104 95 100 90 81 78 97 1.41 -1.26 1.07 1.16 0.25 -1.01 29.47 51.86 6.53 21.16 -26.55 }
{148 11286 80 84 82 90 88 98 95 98 90 81 78 97 80 84 82 90 88 104 95 100 90 81 78 97 3.70 0.72 -1.11 1.71 0.31 -1.38 29.33 51.12 6.38 19.20 -27.96 }
{152 11445 83 84 85 93 85 96 92 96 87 78 81 96 103 84 96 99 83 93 92 96 84 78 86 96 2.94 -0.30 2.52 1.11 -0.19 -2.09 29.38 51.15 6.69 17.29 -28.40 }
{156 11600 87 87 89 91 87 92 89 93 89 81 85 93 104 100 104 75 94 88 79 85 102 90 102 90 -1.46 -2.12 -3.25 0.90 -0.54 -1.88 29.33 52.00 7.34 15.15 -29.18 }
{160 11762 91 91 93 87 91 88 85 89 93 85 89 90 104 100 104 75 94 88 79 85 102 90 102 90 -4.55 -7.78 -8.34 0.57 -1.32 -2.45 29.28 51.13 7.52 21.07 -28.58 }
{164 11925 95 89 97 89 95 91 81 91 91 83 93 89 101 89 102 93 99 95 75 91 77 79 102 89 0.86 -2.50 -9.91 0.38 -0.75 -0.83 29.38 51.60 7.73 19.23 -27.49 }
{168 12083 99 89 101 93 99 95 77 91 87 79 97 89 101 89 102 93 99 95 75 91 77 79 102 89 3.84 -3.02 -3.83 1.29 -1.53 -1.20 29.24 52.00 7.39 17.33 -27.33 }
{172 12241 101 89 102 93 99 95 75 91 83 79 101 89 101 89 102 93 99 95 75 91 77 79 102 89 3.12 -5.20 -1.14 0.81 -0.92 -1.09 29.38 51.88 6.82 15.15 -27.96 }
{176 12406 103 90 100 95 97 94 77 89 83 81 100 87 103 90 83 104 84 94 78 88 92 102 98 77 2.51 -0.28 1.99 0.76 -0.27 -1.21 29.38 52.00 6.80 13.37 -27.75 }
{180 12566 103 90 96 99 93 94 78 88 87 85 98 83 103 90 83 104 84 94 78 88 92 102 98 77 10.23 1.35 1.68 0.81 -0.76 -1.35 29.33 51.48 7.03 11.66 -28.04 }
{184 12725 103 90 92 103 89 94 78 88 91 89 98 79 103 90 83 104 84 94 78 88 92 102 98 77 9.93 1.14 -1.88 0.94 -0.19 -1.87 29.24 51.46 7.67 10.84 -28.02 }
{188 12888 100 93 88 101 91 91 81 91 90 91 95 81 81 98 79 85 101 75 99 95 90 91 83 90 5.71 0.72 8.06 1.06 0.08 -1.11 29.38 52.20 7.41 9.66 -29.07 }
{192 13041 96 97 84 97 95 87 85 95 90 91 91 85 81 98 79 85 101 75 99 95 90 91 83 90 -7.74 5.35 -2.43 1.35 0.32 -0.70 29.33 51.62 6.28 8.90 -28.19 }
{196 13196 92 98 80 93 99 83 89 95 90 91 87 89 81 98 79 85 101 75 99 95 90 91 83 90 -3.84 -4.19 7.88 1.47 0.62 -2.88 29.33 51.66 4.32 8.75 -28.88 }
{200 13352 92 101 82 89 97 79 87 98 87 94 89 87 92 101 83 81 92 76 83 99 84 102 98 86 -0.82 -1.26 -5.60 1.01 0.65 -1.59 29.42 52.46 4.25 8.36 -27.88 }
{204 13508 92 101 83 85 93 76 83 99 84 98 93 86 92 101 83 81 92 76 83 99 84 102 98 86 1.61 -6.13 -14.00 1.48 0.69 -1.65 29.38 52.08 3.40 7.77 -26.75 }
{208 13669 95 98 86 87 89 79 80 102 81 96 91 83 97 88 92 96 83 84 78 102 79 93 75 79 4.03 3.01 -3.71 1.57 0.05 0.02 29.38 51.73 3.30 6.88 -26.69 }
{212 13820 97 94 90 91 85 83 78 102 79 93 87 79 97 88 92 96 83 84 78 102 79 93 75 79 19.26 5.52 -11.08 1.71 -0.16 0.60 29.33 51.50 3.44 6.22 -27.65 }
{216 13979 100 96 94 89 87 81 81 99 76 91 89 82 100 102 95 85 90 81 82 83 75 91 100 102 1.38 -4.13 3.66 1.08 0.47 -1.18 29.38 51.77 3.57 5.10 -28.38 }
{220 14135 100 100 95 85 90 81 82 95 75 91 93 86 100 102 95 85 90 81 82 83 75 91 100 102 0.87 -2.30 21.95 0.61 0.06 -1.40 29.33 51.91 3.47 17.03 -29.62 }
{224 14296 100 102 95 85 90 81 82 91 75 91 97 90 100 102 95 85 90 81 82 83 75 91 100 102 -2.15 -1.43 -3.79 0.87 1.00 -1.76 29.38 51.80 3.23 15.52 -29.75 }
{228 14460 97 99 95 88 93 84 85 87 78 94 95 88 89 98 95 99 103 102 90 84 100 98 87 82 0.60 -2.73 0.20 0.82 0.29 -1.56 29.33 51.70 3.25 13.85 -30.27 }
{232 14616 93 98 95 92 97 88 89 84 82 98 91 84 89 98 95 99 103 102 90 84 100 98 87 82 1.04 -6.53 -4.76 1.21 0.05 -2.70 29.28 52.53 3.67 12.35 -30.79 }
{236 14774 89 98 95 96 101 92 90 84 86 98 87 82 94 102 102 104 90 78 78 78 93 100 83 94 6.94 6.16 5.21 0.93 -0.25 -0.81 29.38 52.35 3.01 12.13 -29.78 }
{240 14934 93 102 99 100 97 88 86 80 90 100 83 86 94 102 102 104 90 78 78 78 93 100 83 94 9.78 2.94 1.70 0.69 -0.52 -1.45 29.42 51.91 2.80 10.99 -30.07 }
{244 15094 94 102 102 104 93 84 82 78 93 100 83 90 95 89 87 78 88 102 85 75 96 85 88 95 -2.56 -1.72 -5.79 1.79 0.11 -1.08 29.33 51.70 2.73 10.00 -28.16 }
{248 15256 95 98 98 100 89 88 85 75 96 96 87 94 95 89 87 78 88 102 85 75 96 85 88 95 -3.83 3.32 9.60 1.60 0.80 -2.05 29.28 51.53 2.43 8.81 -27.71 }
{252 15413 92 94 98 101 85 86 88 78 93 92 91 97 78 83 98 101 85 79 95 94 77 79 94 97 2.89 0.31 6.73 0.06 0.53 -0.84 29.33 51.21 2.65 28.21 -27.10 }
{256 15565 88 90 98 101 85 82 92 82 89 88 94 97 78 83 98 101 85 79 95 94 77 79 94 97 5.29 3.94 9.95 1.20 0.89 -1.90 29.38 50.99 2.78 25.73 -26.86 }
{260 15720 84 86 98 101 85 79 95 86 85 84 94 97 86 75 94 88 85 75 88 95 76 84 83 81 -2.21 2.46 5.27 0.88 1.67 -1.15 29.33 51.64 2.60 24.10 -25.80 }
{264 15876 86 82 94 97 85 75 91 90 81 84 90 93 86 75 94 88 85 75 88 95 76 84 83 81 -0.39 -5.26 -5.31 1.33 0.64 -1.72 29.33 51.64 2.49 21.86 -25.62 }
{268 16031 86 78 94 93 85 75 88 94 77 84 86 89 86 75 94 88 85 75 88 95 76 84 83 81 1.61 3.06 -4.05 0.28 -0.03 -2.27 29.28 50.54 2.08 25.83 -24.47 }
{272 16188 83 76 97 95 88 78 85 96 79 87 83 91 75 76 101 99 99 83 81 96 99 95 83 96 3.70 0.11 -1.08 0.43 0.35 -1.83 29.24 51.62 2.35 36.93 -24.94 }
{276 16342 79 76 101 99 92 82 81 96 83 91 83 95 75 76 101 99 99 83 81 96 99 95 83 96 -2.94 0.01 -8.75 0.81 -0.26 -0.92 29.33 51.17 1.96 33.56 -25.48 }
{280 16499 75 76 101 99 96 83 81 96 87 95 83 96 75 76 101 99 99 83 81 96 99 95 83 96 -3.42 -2.50 -6.72 1.13 -0.03 -0.92 29.38 51.59 2.55 29.58 -25.44 }
{284 16660 78 79 98 96 94 86 84 99 85 95 80 93 98 96 96 80 75 103 89 104 78 95 80 77 9.10 -1.17 -4.96 1.02 0.40 -1.61 29.33 51.53 2.65 26.91 -25.22 }
{288 16816 82 83 96 92 90 90 88 103 81 95 80 89 98 96 96 80 75 103 89 104 78 95 80 77 15.67 2.13 -0.32 0.68 -0.10 -1.00 29.33 50.37 3.41 38.05 -27.38 }
{292 16976 86 87 99 88 92 90 86 101 77 92 83 91 103 92 103 75 99 90 82 76 75 81 95 98 5.62 2.65 0.75 0.06 0.51 -1.31 29.38 51.30 4.85 56.50 -28.08 }
{296 17131 90 91 103 84 96 90 82 97 75 88 87 95 103 92 103 75 99 90 82 76 75 81 95 98 -3.60 -6.12 7.18 0.66 -0.37 -2.79 29.38 50.61 4.42 59.42 -26.61 }
{300 17292 88 95 100 86 94 92 85 95 78 90 91 93 80 95 77 98 77 92 96 95 95 104 102 86 2.45 -2.31 2.05 0.08 -0.24 -0.96 29.33 50.68 4.55 75.23 -26.68 }
{304 17447 84 95 96 90 90 92 89 95 82 94 95 89 80 95 77 98 77 92 96 95 95 104 102 86 6.07 0.39 -7.43 0.54 -0.44 -1.17 29.38 50.28 4.79 69.20 -27.00 }
{308 17606 86 92 92 94 86 89 90 92 80 98 95 85 89 80 86 102 83 77 90 79 80 98 95 76 6.03 5.43 0.57 0.38 0.43 -2.33 29.33 50.03 5.73 64.12 -27.16 }
{312 17761 84 94 94 92 88 91 93 88 83 95 97 81 79 100 94 88 104 91 101 79 95 93 97 75 0.81 1.07 4.89 0.69 0.19 -1.60 29.28 50.25 5.61 59.01 -27.72 }
{316 17914 80 98 94 88 92 91 97 84 87 93 97 77 79 100 94 88 104 91 101 79 95 93 97 75 -9.48 -2.01 1.94 1.22 -0.51 -1.49 29.42 50.27 5.79 54.69 -27.04 }
{320 18075 82 96 91 91 90 94 96 86 86 90 100 79 85 92 87 94 83 96 96 101 86 76 103 96 0.34 2.86 0.35 -0.14 0.69 -2.23 29.38 50.37 6.22 57.56 -28.38 }
{324 18233 86 92 87 91 86 94 94 86 88 86 100 82 90 75 85 83 78 92 85 76 98 79 88 82 6.48 1.04 7.89 1.45 0.19 -0.38 29.33 49.85 6.20 52.83 -27.76 }
{328 18385 90 88 85 87 82 92 90 82 92 82 96 82 90 75 85 83 78 92 85 76 98 79 88 82 1.07 -0.86 -7.65 1.63 -0.55 -0.43 29.28 49.79 6.63 48.73 -26.90 }
{332 18541 90 84 85 83 78 92 86 78 96 79 92 82 80 86 97 101 101 100 99 86 82 76 88 99 5.09 9.38 -6.35 2.60 -0.74 -2.18 29.42 50.27 6.83 45.16 -26.03 }
{336 18700 86 86 89 87 82 96 90 82 92 76 88 86 80 86 97 101 101 100 99 86 82 76 88 99 0.89 -0.57 -0.35 0.72 -0.27 -0.63 29.38 51.30 6.65 41.24 -26.08 }
{340 18860 88 89 87 85 86 94 88 80 88 79 91 84 91 96 80 85 91 80 78 76 75 96 94 80 0.72 1.21 -0.43 0.69 -0.09 -1.84 29.28 51.06 6.40 37.65 -25.26 }
{344 19013 91 93 83 85 90 90 84 76 84 83 94 80 91 96 80 85 91 80 78 76 75 96 94 80 -0.32 -7.99 1.18 1.20 -0.77 -2.77 29.47 50.50 6.14 34.46 -25.35 }
{348 19170 90 95 80 84 92 86 82 77 81 87 95 81 81 83 80 79 92 84 101 91 81 91 102 95 -1.17 -3.84 -8.46 0.91 -0.52 -0.92 29.24 51.50 6.23 31.25 -24.72 }
{352 19329 86 91 80 80 92 84 86 81 81 91 99 85 81 83 80 79 92 84 101 91 81 91 102 95 -3.75 1.23 -6.90 1.15 1.21 -1.43 29.38 51.06 5.09 28.52 -24.87 }
{356 19487 88 87 83 82 89 87 90 79 84 92 97 83 96 75 83 96 89 103 103 79 100 92 84 83 2.95 -0.36 12.87 0.74 0.41 -1.67 29.33 51.37 5.37 26.24 -23.98 }
{360 19643 92 83 83 86 89 91 94 79 88 92 93 83 96 75 83 96 89 103 103 79 100 92 84 83 12.63 2.83 5.74 0.68 -0.12 -0.98 29.33 50.94 6.24 23.70 -24.35 }
{364 19803 92 83 85 90 91 92 94 79 88 94 90 81 90 93 103 104 99 92 75 79 85 101 90 78 3.97 -0.80 0.08 1.02 -0.53 -2.12 29.28 50.99 6.43 21.58 -24.10 }
{368 19961 90 83 87 94 91 90 90 81 84 94 88 81 90 76 87 99 91 82 90 100 75 90 77 95 -0.90 -2.21 -9.89 0.80 -1.08 -0.68 29.38 51.33 6.41 19.30 -24.58 }
{372 20117 90 79 87 98 91 86 90 85 80 90 84 85 90 76 87 99 91 82 90 100 75 90 77 95 -4.12 -0.38 6.61 0.82 -0.06 -1.59 29.33 51.41 5.77 17.12 -24.40 }
{376 20274 90 76 87 99 91 82 90 89 76 90 80 89 90 76 87 99 91 82 90 100 75 90 77 95 -8.59 -3.87 4.78 0.93 0.01 -1.62 29.38 51.28 5.42 15.50 -23.59 }
{380 20432 92 79 90 96 88 85 87 87 78 93 80 93 92 94 102 90 78 94 84 79 94 96 80 104 3.13 0.45 7.70 1.10 0.13 -0.85 29.24 50.95 4.78 13.73 -24.29 }
{384 20586 92 83 94 92 84 89 84 83 82 96 80 97 92 94 102 90 78 94 84 79 94 96 80 104 6.20 3.64 -6.40 1.38 -0.86 -0.05 29.33 51.26 4.97 12.06 -24.29 }
{388 20744 95 81 92 94 82 93 83 85 83 99 77 101 98 75 84 95 82 101 83 98 83 101 76 104 3.48 0.20 2.41 0.61 -0.37 -1.41 29.38 51.24 4.99 10.88 -23.91 }
{392 20900 98 77 88 95 82 97 83 89 83 101 76 104 92 103 94 102 90 90 77 89 84 89 99 102 1.01 -1.40 -4.52 1.34 -0.52 -1.30 29.33 51.88 5.58 9.57 -22.80 }
{396 21061 94 81 92 99 86 93 79 89 84 97 80 102 92 103 94 102 90 90 77 89 84 89 99 102 2.20 1.17 -5.85 0.59 -0.41 -1.06 29.38 51.22 5.57 15.10 -23.05 }
{400 21222 90 80 90 97 90 95 81 86 87 99 84 99 80 80 81 96 100 104 86 78 103 103 104 89 -6.64 -2.02 -1.31 1.14 0.09 -1.89 29.33 51.64 4.87 14.52 -22.04 }
{404 21382 86 80 86 96 94 99 85 82 91 103 88 95 80 80 81 96 100 104 86 78 103 103 104 89 10.69 0.54 3.86 0.29 -0.19 -2.00 29.38 51.19 4.40 12.41 -23.16 }
{408 21542 82 80 82 96 98 103 86 78 95 103 92 91 80 80 81 96 100 104 86 78 103 103 104 89 -1.08 -1.87 1.07 0.37 -0.19 -0.62 29.33 50.63 4.31 10.83 -22.92 }
{412 21707 84 83 84 93 96 101 86 79 93 100 90 87 104 100 86 92 89 100 86 79 81 95 88 77 8.77 1.49 -12.70 1.19 -0.93 -0.63 29.28 50.57 4.51 9.23 -23.98 }
{416 21865 88 87 86 92 92 100 86 79 89 96 88 83 104 100 86 92 89 100 86 79 81 95 88 77 -3.57 1.73 -5.37 0.76 -0.75 -0.67 29.38 50.30 4.73 8.39 -22.57 }
{420 22026 90 89 87 91 88 101 87 80 87 94 89 81 76 79 92 82 85 104 100 82 87 94 102 81 6.13 2.74 0.06 1.00 -0.64 -0.81 29.33 50.07 5.07 7.38 -22.42 }
{424 22183 88 87 89 87 86 103 91 81 88 95 91 82 97 104 84 83 98 92 96 77 91 96 82 101 8.16 7.24 -1.28 0.93 0.01 -0.02 29.33 50.23 5.01 6.53 -22.23 }
{428 22338 92 91 85 83 90 99 95 77 91 96 87 86 97 104 84 83 98 92 96 77 91 96 82 101 1.58 -2.31 -1.69 0.93 -0.02 -2.54 29.38 50.45 5.64 5.77 -21.10 }
{432 22497 90 95 87 80 88 95 93 77 88 93 83 84 85 99 100 76 87 88 92 77 79 76 83 77 -2.44 -4.59 -8.05 0.47 0.48 -1.57 29.28 49.61 6.15 5.37 -21.22 }
{436 22652 86 98 91 80 89 91 90 76 84 89 85 84 85 98 104 89 94 91 80 76 78 87 91 84 -16.82 2.01 -8.11 0.89 -0.01 -0.84 29.28 49.85 5.09 4.46 -22.07 }
{440 22807 85 98 95 84 93 91 86 76 80 87 89 84 85 98 104 89 94 91 80 76 78 87 91 84 5.10 1.20 -1.89 0.96 -0.76 -0.82 29.33 50.03 4.75 3.56 -22.52 }
{444 22962 85 98 99 88 94 91 82 76 78 87 91 84 85 98 104 89 94 91 80 76 78 87 91 84 7.87 -1.55 8.46 0.81 -0.07 -2.29 29.28 50.43 5.28 3.21 -22.12 }
{448 23119 85 95 103 92 91 88 78 79 81 90 88 87 85 78 104 100 78 86 76 97 101 94 76 104 0.23 0.65 1.33 0.77 -0.39 -0.66 29.38 51.55 5.20 2.81 -22.56 }
{452 23276 85 91 104 96 87 86 76 83 85 94 84 91 85 78 104 100 78 86 76 97 101 94 76 104 -5.34 2.45 15.21 1.33 0.71 -1.79 29.38 50.75 4.29 2.03 -19.78 }
{456 23437 88 87 101 94 89 89 75 87 83 97 86 89 91 86 92 78 103 102 75 98 81 104 96 89 4.81 -3.06 0.52 1.05 0.16 -0.50 29.28 51.35 4.42 1.44 -20.39 }
{460 23592 91 86 97 90 93 93 75 91 81 101 90 89 91 86 92 78 103 102 75 98 81 104 96 89 9.26 1.93 1.04 0.49 -0.05 -2.04 29.28 51.06 5.01 0.89 -20.11 }
{464 23749 91 86 93 86 97 97 75 95 81 104 94 89 91 86 92 78 103 102 75 98 81 104 96 89 3.55 -3.41 -4.72 0.74 -0.46 -1.12 29.33 50.66 5.29 0.49 -19.73 }
{468 23910 88 83 89 82 97 95 78 93 78 101 92 86 79 81 76 75 97 79 95 79 78 96 82 84 5.47 -0.64 -8.67 0.76 -0.30 -1.59 29.42 50.45 5.49 14.94 -19.30 }
{472 24066 84 81 85 78 97 91 82 89 78 97 88 84 79 81 76 75 97 79 95 79 78 96 82 84 7.78 0.54 -5.07 0.87 0.18 -2.00 29.33 49.65 7.44 27.62 -19.70 }
{476 24220 86 84 86 76 94 87 86 87 81 94 90 87 92 85 86 76 80 77 97 87 89 94 102 102 2.36 1.84 3.12 -0.45 -0.68 -1.13 29.28 49.72 7.64 53.00 -19.56 }
{480 24378 90 87 84 78 90 87 86 89 81 94 94 87 95 94 75 102 86 101 75 104 77 94 101 85 0.60 -1.57 12.00 0.91 -0.08 -0.90 29.38 49.34 7.63 48.94 -18.45 }
{484 24537 94 91 80 82 86 91 82 93 77 94 98 85 95 94 75 102 86 101 75 104 77 94 101 85 8.68 -3.60 0.78 0.76 -0.25 -1.49 29.33 49.92 7.78 44.86 -17.77 }
{488 24697 93 89 79 86 83 89 80 96 80 91 96 86 93 79 79 93 75 86 80 96 96 86 90 86 -2.27 -1.93 -8.52 0.05 -0.47 -0.92 29.38 50.12 7.50 47.29 -17.55 }
{492 24854 95 89 81 88 82 89 82 94 84 87 92 84 95 93 90 88 82 104 101 78 96 80 83 75 -1.42 -1.34 4.35 1.13 -0.75 -1.20 29.38 49.65 7.53 43.48 -17.17 }
{496 25011 95 93 85 88 82 93 86 90 88 83 88 80 95 93 90 88 82 104 101 78 96 80 83 75 -3.93 3.10 1.36 1.43 -0.04 -1.06 29.33 50.10 6.96 40.38 -17.07 }
{500 25169 97 90 83 88 84 91 84 90 89 85 84 82 97 79 78 88 84 75 80 90 89 89 78 93 3.79 0.46 1.16 1.08 -0.32 -2.10 29.28 50.63 7.17 37.10 -15.72 }
{504 25323 97 90 79 90 85 87 84 92 91 89 84 86 97 91 79 95 85 75 93 96 102 91 92 96 9.33 -6.24 4.46 1.08 -0.31 -1.08 29.28 50.37 7.51 33.31 -16.52 }
{508 25478 97 91 79 94 85 83 88 96 95 91 88 90 97 91 79 95 85 75 93 96 102 91 92 96 -1.84 -3.72 8.95 0.75 0.47 -1.76 29.38 50.68 6.99 30.71 -15.88 }
{512 25633 97 91 79 95 85 79 92 96 99 91 92 94 103 96 83 80 88 96 94 78 84 96 95 99 -2.01 1.79 8.06 0.56 0.87 -2.65 29.33 51.19 6.81 28.35 -14.91 }
{516 25789 101 95 83 91 88 83 94 92 95 95 95 98 103 96 83 80 88 96 94 78 84 96 95 99 -0.65 -7.67 3.80 0.39 0.58 -1.08 29.24 50.68 6.55 25.98 -14.61 }
{520 25946 103 96 83 87 88 87 94 88 91 96 95 99 103 96 83 80 88 96 94 78 84 96 95 99 -3.92 -0.97 -0.56 1.37 0.04 -0.95 29.33 50.84 5.76 23.78 -13.92 }
{524 26105 100 93 85 88 87 91 97 84 93 93 92 96 95 85 85 88 87 93 97 79 93 88 80 75 4.98 3.09 5.08 0.35 -0.24 -0.07 29.33 51.01 5.36 28.45 -14.19 }
{528 26259 96 89 85 88 87 93 97 80 93 89 88 92 95 85 85 88 87 93 97 79 93 88 80 75 2.11 2.30 -2.50 0.07 -0.39 -0.65 29.28 50.81 12.00 38.65 -14.92 }
{532 26417 92 91 82 85 88 90 94 82 96 85 85 93 81 102 75 82 88 78 87 86 99 75 85 93 1.00 -0.10 -1.63 0.76 0.23 -0.73 29.33 51.46 11.36 35.18 -15.62 }
{536 26572 88 95 78 82 88 86 90 86 99 81 85 93 81 102 75 82 88 78 87 86 99 75 85 93 -3.06 4.56 -3.13 0.77 0.23 -0.52 29.28 51.12 10.85 39.14 -17.25 }
{540 26728 84 99 75 82 88 82 87 86 99 77 85 93 81 102 75 82 88 78 87 86 99 75 85 93 -2.44 -3.05 -11.24 0.98 0.41 -1.35 29.33 51.21 10.39 36.02 -17.04 }
{544 26890 80 103 78 85 85 84 85 89 102 79 88 90 78 103 99 100 77 104 85 94 103 95 90 78 -0.68 -0.22 -8.46 1.79 0.38 -0.67 29.38 51.79 9.18 33.02 -17.48 }
{548 27051 78 103 82 89 81 88 85 93 103 83 90 86 78 103 99 100 77 104 85 94 103 95 90 78 10.17 1.72 -11.24 0.84 0.43 -0.95 29.19 51.30 8.51 30.15 -17.79 }
{552 27214 80 100 86 87 77 92 86 91 100 87 93 84 80 79 90 76 76 101 86 84 88 89 102 84 6.08 0.22 -4.35 1.94 0.82 -1.46 29.28 51.50 14.62 28.03 -17.58 }
{556 27371 80 96 90 83 76 96 86 87 96 89 97 84 80 79 90 76 76 101 86 84 88 89 102 84 4.11 1.72 1.79 0.89 0.06 -1.34 29.24 50.59 13.68 25.91 -17.68 }
{560 27529 83 92 93 83 79 94 89 89 92 86 95 87 95 82 100 83 89 87 100 95 92 75 92 101 0.63 0.54 8.18 0.52 0.27 0.00 29.28 51.15 12.48 23.64 -17.70 }
{564 27683 87 88 97 83 83 90 93 93 92 82 92 91 95 82 100 83 89 87 100 95 92 75 92 101 -6.77 -6.01 21.53 1.36 -0.16 -1.67 29.33 51.46 11.33 21.07 -16.76 }
{568 27844 91 84 100 83 87 87 97 95 92 78 92 95 95 82 100 83 89 87 100 95 92 75 92 101 -3.28 -1.40 3.94 1.27 0.34 -0.75 29.33 51.03 11.11 18.38 -15.36 }
{572 28006 95 86 103 80 88 84 95 96 95 75 89 93 97 88 104 75 88 83 78 96 95 75 83 75 2.80 -2.35 -0.30 0.78 0.41 -1.17 29.28 52.02 10.66 23.34 -14.65 }
{576 28163 97 88 104 76 88 83 91 96 95 75 85 89 97 88 104 75 88 83 78 96 95 75 83 75 5.70 -1.43 -7.42 1.24 0.07 -1.58 29.33 51.75 10.09 21.18 -15.45 }
{580 28323 100 85 101 78 85 80 87 93 98 78 87 89 102 81 86 101 76 79 84 81 99 87 103 89 -0.35 -3.87 -1.65 0.73 0.38 -1.80 29.33 52.37 9.33 19.01 -14.70 }
{584 28482 102 81 97 82 81 79 84 89 99 82 91 89 102 81 86 101 76 79 84 81 99 87 103 89 5.96 0.89 2.60 0.44 0.30 -1.63 29.24 51.68 8.41 23.77 -15.02 }
{588 28639 102 81 93 86 77 79 84 85 99 86 95 89 94 103 86 85 98 92 99 98 89 103 86 77 4.48 -4.56 5.83 0.75 0.16 -2.29 29.33 51.17 9.00 21.99 -14.15 }
{592 28796 98 85 89 85 81 83 88 89 95 90 91 85 94 103 86 85 98 92 99 98 89 103 86 77 5.21 -1.06 -2.88 0.41 0.17 -1.42 29.28 51.08 8.81 19.89 -13.82 }
{596 28954 94 89 86 85 85 87 92 93 91 94 87 81 94 103 86 85 98 92 99 98 89 103 86 77 7.32 -1.26 -1.72 0.46 -0.57 -2.27 29.24 51.44 8.87 31.66 -13.36 }
{600 29114 91 87 89 88 89 86 90 97 93 98 83 77 78 84 104 104 101 86 82 98 104 103 79 75 5.67 -1.03 -10.52 0.31 -0.55 -2.13 29.33 51.50 8.49 34.86 -14.00 }
{604 29276 88 83 93 92 93 84 90 96 96 102 83 77 88 79 101 94 102 79 104 79 96 104 91 92 -2.59 -2.10 1.76 1.18 -0.63 -2.79 29.28 52.46 7.09 32.26 -13.71 }
{608 29435 88 79 97 94 97 80 94 92 96 104 87 81 88 79 101 94 102 79 104 79 96 104 91 92 2.58 -4.76 12.66 2.22 0.46 -1.88 29.42 51.82 6.52 29.48 -13.11 }
{612 29597 91 82 95 91 95 82 92 90 93 101 91 85 104 82 88 86 80 91 79 90 76 77 103 103 0.63 -3.02 3.48 0.94 1.05 -1.68 29.24 51.42 5.74 26.89 -13.55 }
{616 29754 95 82 91 87 91 86 88 90 89 97 95 89 104 82 88 86 80 91 79 90 76 77 103 103 6.36 1.15 15.16 0.59 0.88 -0.95 29.28 51.68 4.95 44.55 -13.76 }
{620 29911 99 82 88 86 87 90 84 90 85 93 99 93 104 82 88 86 80 91 79 90 76 77 103 103 3.68 1.46 7.15 0.76 -0.05 -1.13 29.38 52.18 4.99 54.23 -13.73 }
{624 30069 102 85 91 83 89 88 86 93 87 89 97 91 102 102 94 81 95 76 97 98 97 76 96 85 3.27 1.39 5.45 0.49 0.10 -1.76 29.28 52.08 4.81 49.73 -12.91 }
{628 30224 102 89 94 81 93 84 90 97 91 85 96 87 102 102 94 81 95 76 97 98 97 76 96 85 -13.68 -0.38 3.97 0.90 -0.03 -1.34 29.28 53.32 4.51 45.80 -12.17 }
{632 30386 99 93 91 84 91 86 94 99 89 87 99 89 78 93 75 95 84 99 97 99 85 87 104 102 1.38 -1.40 2.67 1.09 0.43 -1.52 29.38 52.73 10.83 48.54 -11.00 }
{636 30540 95 93 87 88 87 90 97 99 85 87 103 93 78 93 75 95 84 99 97 99 85 87 104 102 7.71 6.13 8.61 0.66 0.87 -1.38 29.33 52.87 17.95 51.99 -10.73 }
{640 30699 91 90 88 86 83 88 94 101 88 86 101 91 77 87 88 76 78 77 76 101 93 86 85 81 6.98 3.03 -2.95 1.36 0.82 -1.18 29.28 51.97 16.62 47.57 -11.62 }
{644 30856 87 87 88 82 79 84 90 101 92 86 97 87 77 87 88 76 78 77 76 101 93 86 85 81 7.15 2.23 -2.00 1.10 0.10 -1.43 29.33 51.84 16.08 43.70 -11.95 }
{648 31014 83 90 85 79 80 85 91 98 90 83 93 89 79 104 84 79 80 85 91 84 85 83 93 97 -1.80 0.23 -3.25 1.16 0.79 -1.79 29.33 52.33 15.15 40.26 -11.36 }
{652 31169 79 94 84 79 80 85 91 94 86 83 93 93 79 104 84 79 80 85 91 84 85 83 93 97 -2.24 -1.51 0.06 0.64 0.40 -1.75 29.33 52.33 13.90 36.79 -11.15 }
{656 31329 82 92 87 82 83 88 94 94 88 86 90 91 95 77 95 84 90 88 100 94 93 104 86 87 1.62 -1.19 3.31 1.06 0.28 -0.94 29.33 51.70 13.04 33.64 -11.42 }
{660 31485 86 88 91 85 87 91 98 97 86 84 86 87 99 75 96 85 103 96 99 104 80 84 85 87 6.63 3.65 11.92 1.34 -0.61 -1.84 29.28 52.62 12.68 31.30 -9.81 }
{664 31641 90 84 95 85 91 95 99 101 82 84 85 87 99 75 96 85 103 96 99 104 80 84 85 87 2.55 -1.48 1.04 1.11 -0.82 0.50 29.38 51.51 26.30 28.91 -9.08 }
{668 31797 94 80 96 85 95 96 99 104 80 84 85 87 99 75 96 85 103 96 99 104 80 84 85 87 6.37 -0.64 2.73 0.79 -0.84 -1.03 29.33 51.62 24.50 25.76 -9.92 }
{672 31958 98 82 93 88 98 99 96 101 79 81 82 89 100 84 75 96 98 101 94 85 79 75 77 89 5.13 0.19 2.86 1.33 -0.76 -0.49 29.24 51.79 23.56 23.62 -9.94 }
{676 32112 100 84 89 92 98 101 94 97 79 77 78 89 100 84 75 96 98 101 94 85 79 75 77 89 8.07 -5.66 3.25 0.74 -0.62 -0.69 29.24 51.70 22.18 20.79 -11.13 }
{680 32272 100 84 85 96 98 101 94 93 79 75 77 89 100 84 75 96 98 101 94 85 79 75 77 89 2.49 -1.17 5.62 0.82 -0.72 -1.27 29.33 51.70 20.97 18.74 -11.19 }
{684 32435 97 87 81 93 95 98 97 89 76 78 75 92 96 94 75 77 86 80 99 84 75 97 75 98 0.49 -1.32 0.83 1.07 0.06 -1.15 29.33 51.41 19.78 16.76 -11.11 }
{688 32588 96 91 77 89 91 94 99 85 75 82 75 96 96 94 75 77 86 80 99 84 75 97 75 98 2.16 6.10 2.83 0.78 0.61 -1.90 29.38 51.64 18.87 15.53 -11.40 }
{692 32742 96 94 75 85 87 90 99 84 75 86 75 98 96 94 75 77 86 80 99 84 75 97 75 98 4.58 6.19 3.25 1.09 1.05 -1.56 29.33 50.83 25.34 14.43 -10.85 }
{696 32898 93 96 78 83 88 86 102 82 78 84 78 95 87 96 81 83 88 77 104 82 78 79 83 81 0.78 -0.16 -4.73 1.03 0.32 -1.49 29.24 50.48 23.92 13.62 -10.24 }
{700 33054 89 96 81 83 88 82 104 82 78 80 82 91 87 96 81 83 88 77 104 82 78 79 83 81 -0.19 1.23 -5.79 1.48 0.50 -1.28 29.19 51.79 21.55 12.91 -10.53 }
{704 33211 87 96 81 83 88 78 104 82 78 79 83 87 87 96 81 83 88 77 104 82 78 79 83 81 5.07 -0.68 -10.00 0.42 0.24 -1.62 29.28 51.80 19.55 11.63 -11.37 }
{708 33373 84 99 84 86 85 75 101 85 81 82 81 89 76 100 91 104 83 75 97 97 81 82 81 96 -7.54 -1.92 -0.08 0.39 -0.07 -1.68 29.33 51.60 17.91 10.11 -11.28 }
{712 33532 80 100 88 90 83 75 97 89 81 82 81 93 76 100 91 104 83 75 97 97 81 82 81 96 -9.43 -1.73 -13.50 1.20 0.34 -1.04 29.28 51.15 22.03 9.62 -9.25 }
{716 33691 76 100 91 94 83 75 97 93 81 82 81 96 76 100 91 104 83 75 97 97 81 82 81 96 -5.97 1.67 9.07 1.02 0.54 -1.31 29.38 52.26 19.92 8.60 -8.36 }
{720 33850 79 98 88 92 82 78 94 91 78 85 84 93 86 98 81 80 82 98 91 78 77 90 85 78 5.65 -1.89 -4.30 0.84 0.01 -1.47 29.28 51.82 18.36 7.62 -8.17 }
{724 34001 83 98 84 88 82 82 91 87 77 89 85 89 86 98 81 80 82 98 91 78 77 90 85 78 6.26 1.49 -4.32 1.16 0.40 -1.39 29.28 52.37 17.59 6.87 -8.13 }
{728 34154 86 98 81 84 82 86 91 83 77 90 85 85 86 98 81 80 82 98 91 78 77 90 85 78 -3.89 2.71 -5.25 0.98 0.95 -2.03 29.24 51.93 23.35 6.35 -9.47 }
{732 34311 83 95 84 80 85 84 88 85 80 93 83 87 78 90 84 76 103 79 75 93 104 100 83 97 -0.16 -2.45 -8.61 0.79 0.01 -1.34 29.33 51.93 21.67 12.39 -10.69 }
{736 34470 85 97 87 82 83 86 89 89 84 97 86 91 97 101 101 91 78 89 89 97 84 97 103 104 -1.58 -4.10 6.26 1.10 0.27 -1.70 29.24 51.93 19.68 11.35 -9.17 }
{740 34628 89 101 91 86 79 89 89 93 84 97 90 95 97 101 101 91 78 89 89 97 84 97 103 104 9.39 3.94 -1.22 1.16 0.41 -0.11 29.24 52.33 19.00 10.44 -7.38 }
{744 34787 93 101 95 90 78 89 89 97 84 97 94 99 97 101 101 91 78 89 89 97 84 97 103 104 0.80 0.04 6.60 1.78 -0.04 -0.22 29.33 52.85 17.67 8.85 -4.58 }
{748 34947 91 101 99 94 81 92 86 94 87 94 98 97 90 101 102 97 93 95 85 83 87 90 103 85 2.71 -0.86 -2.38 1.14 -0.52 -1.76 29.28 53.36 16.70 7.93 -3.91 }
{752 35104 90 101 102 97 85 95 85 90 87 90 102 93 90 101 102 97 93 95 85 83 87 90 103 85 -0.15 -2.59 -3.31 1.55 -0.19 -1.55 29.28 53.80 21.49 7.23 -4.85 }
{756 35268 93 98 99 94 83 92 82 92 88 93 100 95 97 98 88 87 76 84 76 101 88 104 76 102 0.98 -5.09 2.64 1.15 -0.37 -1.37 29.33 53.22 26.85 6.39 -5.41 }
{760 35425 97 98 95 90 79 88 78 96 88 97 96 99 97 98 88 87 76 84 76 101 88 104 76 102 2.74 2.20 2.86 1.26 0.24 -1.21 29.42 53.49 25.46 5.24 -3.64 }
{764 35581 95 96 91 89 79 88 78 96 90 97 92 99 91 91 91 89 79 89 100 92 91 92 82 95 2.83 2.46 -2.88 0.90 0.19 -1.91 29.38 52.02 23.54 3.91 -3.34 }
{768 35733 91 92 91 89 79 89 82 92 91 93 88 95 91 91 91 89 79 89 100 92 91 92 82 95 -3.39 -0.90 -6.24 0.88 0.54 -1.21 29.33 51.89 21.77 3.17 -2.83 }
{772 35890 92 90 90 90 80 90 84 91 92 91 86 94 96 76 89 98 82 99 79 78 95 82 104 84 1.76 -5.83 0.60 0.06 0.72 -0.51 29.28 52.51 19.89 17.43 -1.59 }
{776 36046 90 92 92 88 84 89 86 93 90 87 90 90 89 99 96 77 104 89 102 98 85 84 95 78 -5.46 1.39 0.79 0.30 -0.79 -0.00 29.38 52.11 20.03 22.07 -2.65 }
{780 36202 89 96 96 84 88 89 90 97 86 84 94 86 89 99 96 77 104 89 102 98 85 84 95 78 -5.03 1.04 7.66 0.81 0.19 -2.41 29.33 52.98 24.96 21.02 -3.76 }
{784 36357 89 99 96 80 92 89 94 98 85 84 95 82 89 99 96 77 104 89 102 98 85 84 95 78 1.58 -4.50 10.00 0.45 0.16 -2.75 29.33 52.24 23.89 33.12 -3.52 }
{788 36516 86 96 93 82 96 86 92 101 82 81 95 84 76 80 78 104 101 78 76 103 76 78 95 93 -1.68 -6.59 -3.92 1.34 -0.58 -1.58 29.33 52.20 22.38 30.41 -2.56 }
{792 36677 84 94 91 84 98 84 88 102 78 79 94 88 91 97 104 76 89 96 77 80 75 99 87 101 -6.35 -11.20 -4.66 0.34 0.40 -0.11 29.24 52.53 20.65 54.74 -2.13 }
{796 36836 88 97 95 80 94 88 84 98 75 83 90 92 91 97 104 76 89 96 77 80 75 99 87 101 5.85 -1.60 -2.35 1.18 -0.13 -0.52 29.33 52.09 19.72 49.86 -3.57 }
{800 36996 91 94 93 76 90 92 86 100 78 83 92 90 91 88 79 76 84 100 94 103 83 83 102 78 7.04 0.33 2.43 1.14 0.07 -1.31 29.33 51.12 19.92 45.63 -3.42 }
{804 37151 91 90 89 76 86 96 90 103 82 83 96 86 91 88 79 76 84 100 94 103 83 83 102 78 16.81 1.96 -5.94 0.88 -0.38 -0.74 29.24 50.81 19.83 62.61 -4.34 }
{808 37311 90 87 85 77 85 100 92 104 82 83 100 84 83 84 81 83 101 104 90 104 81 83 101 84 9.41 -0.99 -7.51 0.76 -0.34 -1.79 29.28 50.77 19.23 57.65 -3.08 }
{812 37474 86 84 81 81 89 104 90 104 81 83 101 84 83 84 81 83 101 104 90 104 81 83 101 84 -0.76 -3.43 -9.39 0.92 -0.08 -1.60 29.33 51.08 18.37 52.83 -3.63 }
{816 37638 83 84 81 83 93 104 90 104 81 83 101 84 83 84 81 83 101 104 90 104 81 83 101 84 7.99 6.43 -6.17 0.94 -0.53 -0.55 29.33 50.41 17.48 48.56 -4.49 }
{820 37803 86 87 84 86 91 103 93 103 78 86 98 87 92 101 103 96 88 103 95 103 76 86 83 102 7.19 0.56 6.72 0.65 -1.20 -1.00 29.33 50.30 17.02 44.58 -4.43 }
{824 37961 90 91 88 90 88 103 95 103 76 86 94 91 92 101 103 96 88 103 95 103 76 86 83 102 7.82 1.93 23.89 -0.56 -0.96 -0.27 29.24 50.84 15.58 54.79 -3.98 }
{828 38125 92 95 92 94 88 103 95 103 76 86 90 95 92 101 103 96 88 103 95 103 76 86 83 102 -1.84 4.31 5.48 0.91 -0.56 -0.61 29.24 50.45 15.26 50.29 -3.48 }
{832 38289 89 99 96 92 91 101 92 103 79 89 88 99 76 103 103 78 100 101 83 103 94 104 88 102 -7.10 3.56 -0.26 1.05 -0.54 -0.51 29.33 50.84 14.64 45.94 -3.30 }
{836 38453 85 103 100 88 95 101 88 103 83 93 88 102 76 103 103 78 100 101 83 103 94 104 88 102 -4.39 -1.51 -6.96 1.47 -0.72 -0.78 29.24 51.19 13.31 42.75 -3.44 }
{840 38624 87 103 98 90 96 98 89 100 81 94 86 99 98 103 88 100 96 90 89 97 77 94 86 80 -1.03 -4.48 -0.47 0.97 -0.61 -1.66 29.24 51.93 13.48 39.22 -2.17 }
{844 38784 91 103 94 94 96 94 89 97 77 94 86 95 98 103 88 100 96 90 89 97 77 94 86 80 6.65 -2.51 -0.11 1.24 -0.09 -1.80 29.33 51.26 13.18 35.83 -2.32 }
{848 38942 95 103 90 98 96 90 89 97 77 94 86 91 98 103 88 100 96 90 89 97 77 94 86 80 4.26 0.11 5.42 0.86 -0.46 -1.06 29.33 51.89 12.47 32.81 -3.00 }
{852 39101 93 100 92 96 93 90 90 100 80 97 83 88 93 95 99 85 93 90 90 104 90 102 82 88 0.52 -1.32 -2.34 1.39 -0.45 -1.35 29.24 52.02 12.22 29.76 -3.07 }
{856 39260 93 96 96 92 93 90 90 104 84 101 82 88 93 95 99 85 93 90 90 104 90 102 82 88 -9.63 -3.37 -6.09 1.16 0.09 0.29 29.28 52.27 11.59 27.27 -3.55 }
{860 39420 92 94 98 90 94 91 89 103 88 101 83 89 91 79 98 100 99 100 81 84 89 88 101 98 -2.07 0.02 -4.61 1.06 -0.84 -1.83 29.28 52.33 11.99 24.07 -3.61 }
{864 39580 91 90 98 94 98 95 85 99 89 97 87 93 91 79 98 100 99 100 81 84 89 88 101 98 -0.56 -3.08 -6.43 1.28 -0.55 -1.28 29.28 52.40 11.64 22.07 -3.96 }
{868 39742 94 89 95 92 96 93 87 95 92 93 85 97 102 89 95 82 90 85 97 90 99 77 76 100 -0.65 -0.39 5.95 1.71 0.06 -1.63 29.28 52.55 10.98 20.29 -3.16 }
{872 39898 98 89 95 88 92 89 91 91 96 89 81 100 102 89 95 82 90 85 97 90 99 77 76 100 -9.13 -3.80 7.08 1.06 -0.08 -2.17 29.28 52.00 10.33 18.39 -2.51 }
{876 40056 102 89 95 84 90 85 95 90 99 85 77 100 102 89 95 82 90 85 97 90 99 77 76 100 -5.74 -5.17 6.87 1.44 0.40 -0.56 29.28 52.84 9.08 17.46 -1.23 }
{880 40216 101 88 94 83 91 85 96 91 100 82 77 99 101 85 85 87 98 85 80 95 100 82 79 83 -3.08 -0.15 1.82 0.95 0.65 -1.19 29.33 53.09 8.24 15.87 -0.39 }
{884 40375 98 85 90 87 95 88 92 95 97 85 81 95 91 85 90 104 97 93 88 102 81 97 84 83 -1.39 -2.64 -6.95 1.28 0.39 -1.43 29.28 53.16 7.92 14.61 0.25 }
{888 40529 94 85 90 91 97 92 88 99 93 89 84 91 91 85 90 104 97 93 88 102 81 97 84 83 1.24 -1.19 -10.21 1.70 -0.05 -1.64 29.14 53.34 14.86 26.03 -1.88 }
{892 40690 96 82 93 90 94 90 91 97 89 93 81 88 104 77 100 90 94 76 96 89 79 97 81 88 7.38 -0.02 4.57 0.19 -0.27 -1.65 29.33 52.89 13.78 30.42 -2.32 }
{896 40845 100 78 97 90 94 86 95 93 85 97 81 88 104 77 100 90 94 76 96 89 79 97 81 88 5.50 5.65 10.41 1.39 0.46 -1.48 29.28 53.70 13.34 28.29 -1.83 }
{900 41004 100 76 97 92 96 86 94 93 85 95 83 89 94 76 95 99 100 103 77 96 101 95 103 89 2.77 -3.54 6.40 0.49 0.10 -2.41 29.19 54.57 13.02 26.07 -1.85 }
{904 41161 96 76 95 96 100 90 90 96 89 95 87 89 94 76 95 99 100 103 77 96 101 95 103 89 -1.51 -3.77 -3.22 1.34 -0.99 -0.54 29.28 53.67 12.16 30.29 -2.06 }
{908 41325 98 79 92 94 97 91 92 93 88 92 91 89 103 96 92 85 89 91 94 90 88 87 104 89 0.32 -1.00 -3.82 0.86 0.17 -1.69 29.28 54.01 11.39 27.54 -1.89 }
{912 41483 101 83 95 96 98 94 96 89 85 94 89 86 101 91 95 97 98 98 100 83 76 103 86 86 6.25 1.75 7.71 0.37 -0.39 -0.92 29.28 54.18 11.12 24.92 -1.27 }
{916 41640 98 87 92 94 95 92 98 90 87 92 85 89 75 92 87 88 80 83 98 90 101 76 82 104 0.32 3.62 6.15 0.61 0.07 -1.74 29.24 54.23 10.27 22.62 -0.93 }
{920 41795 94 91 88 90 91 88 101 92 91 94 82 93 79 93 88 84 91 79 102 92 98 96 82 99 5.71 2.16 -2.93 0.90 0.81 -1.44 29.33 54.28 9.49 27.05 -2.36 }
{924 41948 90 93 88 86 91 84 102 92 95 96 82 97 79 93 88 84 91 79 102 92 98 96 82 99 2.26 1.04 -6.23 0.85 0.95 -0.86 29.24 53.11 8.18 31.60 -2.48 }
{928 42102 86 93 88 84 91 80 102 92 98 96 82 99 79 93 88 84 91 79 102 92 98 96 82 99 -5.71 -1.64 -10.17 0.42 0.96 -1.68 29.24 51.89 7.48 35.86 -1.49 }
{932 42263 88 94 91 87 88 82 101 90 99 93 79 96 101 94 103 95 88 101 101 90 99 77 78 76 2.14 -0.12 -5.45 1.16 0.50 -0.88 29.28 52.44 6.82 32.71 -1.80 }
{936 42421 92 94 95 91 88 86 101 90 99 89 78 92 101 94 103 95 88 101 101 90 99 77 78 76 -1.74 3.52 3.01 1.24 -0.02 -0.43 29.33 52.60 6.29 30.28 -1.11 }
{940 42582 90 97 93 91 91 84 98 87 96 91 81 94 86 97 80 91 99 83 85 76 95 100 99 97 -0.13 -1.00 -1.54 0.71 -0.38 -1.29 29.19 53.63 5.53 26.75 -1.37 }
{944 42737 86 97 89 91 95 83 94 83 95 95 85 97 86 97 80 91 99 83 85 76 95 100 99 97 0.22 0.40 1.76 1.06 0.25 -1.49 29.33 53.34 4.84 24.70 -0.73 }
{948 42892 83 94 91 94 93 86 96 85 98 99 84 94 82 84 100 94 86 95 103 104 104 102 84 81 4.49 -1.20 -6.44 0.70 0.44 -1.75 29.33 53.47 4.07 22.46 -0.53 }
{952 43049 82 90 95 94 89 90 100 89 102 102 84 90 82 84 100 94 86 95 103 104 104 102 84 81 9.38 1.04 -3.21 0.83 0.31 -1.66 29.28 53.81 11.21 20.28 -1.45 }
{956 43213 79 92 93 91 91 94 98 93 100 99 87 89 75 100 92 77 97 95 96 100 95 80 91 89 4.13 0.36 -1.53 1.54 -0.25 -1.58 29.24 54.63 10.85 18.51 -1.16 }
{960 43369 75 96 92 87 95 95 96 97 96 95 91 89 75 100 92 77 97 95 96 100 95 80 91 89 -10.77 -9.05 -26.79 2.00 -0.09 -2.23 29.28 54.08 9.15 29.90 -3.10 }
{964 43529 75 100 92 83 97 95 96 100 95 91 91 89 75 100 92 77 97 95 96 100 95 80 91 89 1.41 -3.05 -16.34 2.28 0.04 -1.22 29.33 53.56 9.39 34.40 -3.56 }
{968 43691 78 97 89 85 94 98 93 97 98 93 88 92 97 78 75 101 89 102 86 96 103 100 77 95 6.49 0.77 -1.74 1.76 0.14 -0.61 29.24 53.36 8.80 31.91 -3.82 }
{972 43846 82 93 85 89 90 102 89 96 102 97 84 95 97 78 75 101 89 102 86 96 103 100 77 95 7.16 2.63 7.63 0.84 0.21 -2.04 29.28 52.75 9.28 29.16 -2.94 }
{976 44003 86 89 81 93 89 102 86 96 103 100 80 95 76 97 99 90 100 87 78 77 88 96 86 84 6.29 0.52 3.27 1.01 -0.11 -0.78 29.33 52.51 9.45 26.55 -3.16 }
{980 44162 82 93 85 90 93 98 82 92 99 96 84 91 76 97 99 90 100 87 78 77 88 96 86 84 0.92 -1.52 -9.95 1.47 -0.31 -1.22 29.28 52.91 8.95 24.50 -3.20 }
{984 44317 78 97 89 90 97 94 78 88 95 96 86 87 76 97 99 90 100 87 78 77 88 96 86 84 -16.61 -0.36 0.70 1.50 0.39 -3.51 29.28 53.87 8.14 22.70 -3.76 }
{988 44475 80 100 93 93 95 90 78 90 97 99 89 83 95 104 100 97 89 87 78 90 103 99 90 76 -3.05 -4.04 -5.97 0.99 0.10 -0.58 29.28 54.30 14.49 20.93 -3.10 }
{992 44633 84 104 97 97 91 87 78 90 101 99 90 79 95 104 100 97 89 87 78 90 103 99 90 76 2.03 -0.80 0.75 0.88 -0.40 -0.55 29.33 53.47 14.02 18.74 -2.73 }
{996 44792 88 104 100 97 89 87 78 90 103 99 90 76 95 104 100 97 89 87 78 90 103 99 90 76 7.79 -1.78 -2.11 1.50 0.09 -1.15 29.24 54.63 13.08 17.50 -2.27 }
{1000 44956 86 101 97 100 92 89 81 93 100 98 91 79 75 79 86 101 96 89 100 97 88 98 91 103 3.50 0.78 5.70 1.47 0.37 -1.42 29.28 54.79 12.37 15.88 -2.24 }
{1004 45115 82 97 93 101 96 89 85 97 96 98 91 83 75 79 86 101 96 89 100 97 88 98 91 103 -3.05 -2.80 3.33 0.79 0.68 -1.16 29.24 54.97 11.87 14.41 -1.11 }
{1008 45277 84 93 89 98 93 92 89 94 98 95 88 82 93 88 84 87 78 95 94 77 102 87 87 82 0.97 -1.08 0.34 1.28 0.55 -1.22 29.33 54.05 11.35 13.19 -1.02 }
{1012 45431 88 89 85 94 89 95 93 90 102 91 87 82 93 88 84 87 78 95 94 77 102 87 87 82 9.01 6.91 10.84 2.72 0.54 0.19 29.33 54.34 16.80 25.62 0.18 }
{1016 45585 92 88 84 90 85 95 94 86 102 87 87 82 93 88 84 87 78 95 94 77 102 87 87 82 1.45 4.11 -5.10 0.52 -0.01 -1.60 29.28 53.92 15.75 23.28 -0.51 }
{1020 45745 90 85 84 86 86 92 97 88 99 90 87 85 88 85 84 75 86 80 103 97 90 95 87 103 -0.15 0.60 1.89 1.49 0.60 -1.73 29.28 53.47 14.64 21.47 -0.59 }
{1024 45900 88 85 84 82 86 88 101 92 95 94 87 89 88 85 84 75 86 80 103 97 90 95 87 103 -8.00 0.14 -10.78 1.45 1.35 -2.18 29.24 53.80 20.16 19.69 -1.23 }
{1028 46060 88 85 84 78 86 84 103 96 91 95 87 93 88 85 84 75 86 80 103 97 90 95 87 103 -1.48 -1.12 1.95 1.42 1.66 -1.50 29.28 53.14 25.89 18.04 -1.06 }
{1032 46221 86 87 86 78 88 84 101 99 88 94 89 93 84 94 88 85 96 90 97 102 88 94 101 89 0.08 -1.64 -2.34 1.24 0.79 -1.71 29.24 52.53 24.10 16.29 -1.27 }
{1036 46379 84 91 88 82 92 88 97 102 88 94 93 89 84 94 88 85 96 90 97 102 88 94 101 89 -4.07 -2.39 -8.17 1.30 -0.18 -1.23 29.28 53.09 21.97 14.61 -1.46 }
{1040 46539 84 94 88 85 96 90 97 102 88 94 97 89 84 94 88 85 96 90 97 102 88 94 101 89 -1.34 -1.08 5.47 1.61 0.08 -1.01 29.24 52.89 19.73 12.97 -0.98 }
{1044 46701 87 97 91 88 93 93 99 99 85 91 101 90 87 98 100 104 82 97 99 87 79 91 102 90 11.87 5.36 13.60 0.46 -0.23 -0.20 29.28 53.34 18.58 11.57 -0.92 }
{1048 46862 84 95 95 92 91 97 96 95 85 94 101 88 77 91 97 94 91 104 94 83 85 98 101 88 -1.16 1.12 -2.50 1.02 -0.54 -0.73 29.33 53.34 17.57 10.45 -1.16 }
{1052 47023 80 97 93 92 88 95 92 97 82 92 98 87 80 103 82 92 86 91 86 98 79 78 77 87 1.58 -0.04 3.76 1.07 -0.07 -1.13 29.38 54.37 16.35 9.32 -1.70 }
{1056 47176 80 101 89 92 86 91 88 98 79 88 94 87 80 103 82 92 86 91 86 98 79 78 77 87 4.81 0.13 4.89 1.14 0.26 -1.00 29.28 53.54 15.15 8.04 -2.55 }
{1060 47331 80 103 85 92 86 91 86 98 79 84 90 87 80 103 82 92 86 91 86 98 79 78 77 87 2.78 -0.51 -2.76 0.74 0.00 -1.60 29.38 53.52 14.47 21.20 -2.60 }
{1064 47492 83 100 87 89 88 88 89 95 82 82 86 86 86 76 97 88 88 85 95 89 90 82 75 86 -1.03 3.18 6.49 1.50 0.32 -1.28 29.19 53.05 13.08 19.34 -2.57 }
{1068 47645 86 96 91 88 88 85 93 91 86 82 82 86 86 76 97 88 88 85 95 89 90 82 75 86 1.64 3.58 16.93 0.71 -0.18 -1.49 29.24 53.43 12.58 16.85 -3.42 }
{1072 47801 86 92 95 88 88 85 95 89 90 82 78 86 86 76 97 88 88 85 95 89 90 82 75 86 2.78 -1.55 1.04 1.16 0.51 -1.52 29.28 53.58 12.19 14.98 -2.64 }
{1076 47959 89 94 93 91 91 88 93 92 87 81 77 89 101 98 75 94 91 97 93 99 81 81 77 100 3.56 -3.96 0.86 1.32 -0.15 -0.87 29.24 53.47 11.69 13.62 -2.10 }
{1080 48114 93 98 89 94 91 92 93 96 83 81 77 93 101 98 75 94 91 97 93 99 81 81 77 100 0.22 -2.35 5.91 0.85 -0.54 -1.46 29.33 53.94 11.37 12.19 -1.42 }
{1084 48274 93 96 89 96 89 96 92 96 79 83 79 93 82 76 103 99 85 102 92 96 77 87 82 89 2.32 -1.90 -2.38 2.03 -0.58 -1.03 29.19 53.42 11.25 24.10 -2.04 }
{1088 48434 91 92 93 98 85 98 92 95 78 87 81 91 100 82 98 83 84 98 92 76 90 102 80 92 13.15 5.36 -2.95 -0.24 0.07 0.42 29.24 53.52 10.58 29.08 -1.99 }
{1092 48591 89 89 94 94 87 95 89 97 77 85 83 94 79 89 94 84 101 95 76 101 77 78 100 94 -0.42 1.69 -7.04 2.04 -0.32 -0.74 29.28 54.36 10.71 27.24 -1.63 }
{1096 48750 85 89 94 90 91 95 85 101 77 81 87 94 79 89 94 84 101 95 76 101 77 78 100 94 -3.98 -3.70 -12.38 2.02 -0.23 -1.50 29.24 54.08 10.17 25.01 -1.88 }
{1100 48915 87 92 91 92 91 92 81 98 76 83 91 97 104 96 81 98 91 89 75 93 76 104 100 100 1.19 -4.45 -10.24 0.78 -0.36 -1.02 29.19 53.05 10.02 22.35 -0.89 }
{1104 49076 91 96 87 96 91 89 77 94 76 87 95 100 104 96 81 98 91 89 75 93 76 104 100 100 1.24 1.21 1.34 0.94 0.09 -0.94 29.19 52.84 9.85 20.34 -0.22 }
{1108 49235 89 99 89 95 88 86 79 90 79 91 93 97 82 102 93 95 79 79 80 88 84 101 90 78 -3.25 1.15 1.70 0.30 0.63 -1.67 29.24 53.36 9.22 26.32 0.47 }
{1112 49390 85 99 93 93 87 82 82 90 79 91 92 97 77 86 93 79 87 76 85 101 75 88 92 103 -13.78 2.10 -6.79 1.46 0.45 -2.49 29.28 54.45 7.84 24.71 -0.15 }
{1116 49547 81 95 93 89 87 78 85 94 75 88 92 101 77 86 93 79 87 76 85 101 75 88 92 103 4.39 5.09 -7.33 1.41 0.76 -1.50 29.28 54.50 7.14 22.89 -1.07 }
{1120 49703 77 91 93 85 87 76 85 98 75 88 92 103 77 86 93 79 87 76 85 101 75 88 92 103 -1.17 -1.08 -9.50 0.71 0.68 -1.34 29.28 52.94 7.82 33.91 -0.53 }
{1124 49864 80 87 96 87 84 79 85 102 78 91 89 100 102 84 100 88 78 81 85 103 104 102 89 80 2.72 -0.79 0.24 0.69 0.10 -1.24 29.28 52.98 7.41 31.07 -0.34 }
{1128 50024 84 84 100 88 80 81 85 103 82 95 89 96 102 84 100 88 78 81 85 103 104 102 89 80 23.36 -1.78 -2.88 0.65 0.21 0.00 29.33 53.36 8.33 27.06 -1.29 }
{1132 50188 88 87 97 85 82 84 88 100 86 99 86 92 102 90 92 79 90 103 92 84 100 104 81 91 2.19 -5.73 -2.87 0.78 0.04 -1.26 29.19 53.69 8.55 25.14 -0.27 }
{1136 50347 92 90 93 81 86 88 92 96 90 103 82 91 102 90 92 79 90 103 92 84 100 104 81 91 6.51 -1.43 16.08 0.93 0.36 -1.87 29.33 53.60 8.94 43.59 0.26 }
{1140 50504 96 90 92 79 90 92 92 92 94 104 81 91 102 90 92 79 90 103 92 84 100 104 81 91 -5.69 -5.23 -0.20 1.72 -0.30 -0.72 29.28 52.76 11.89 57.19 0.36 }
{1144 50669 98 89 93 80 89 94 91 90 98 103 82 90 90 77 103 88 84 88 88 98 104 96 99 79 5.94 2.74 -0.90 0.88 -0.55 -0.79 29.38 53.52 18.16 58.49 0.62 }
{1148 50827 94 85 97 84 85 90 88 94 102 99 86 86 90 77 103 88 84 88 88 98 104 96 99 79 1.44 -1.84 -9.48 0.70 -0.44 -0.85 29.24 52.98 17.26 53.61 0.37 }
{1152 50985 90 81 101 88 84 88 88 98 104 96 90 82 90 77 103 88 84 88 88 98 104 96 99 79 4.77 2.75 0.87 0.41 -0.23 -0.32 29.28 53.16 15.98 49.11 0.42 }
{1156 51144 93 83 99 85 85 88 85 97 103 98 88 84 97 91 84 80 85 88 75 97 103 98 86 102 3.79 -0.74 -0.59 1.36 0.26 -1.34 29.33 53.43 14.96 45.11 0.62 }
{1160 51303 97 83 101 87 88 85 87 100 100 95 89 88 101 83 101 92 89 85 95 103 82 81 89 101 2.25 -1.49 4.69 0.62 0.23 -0.96 29.28 53.36 14.16 41.00 1.24 }
{1164 51464 101 85 99 91 91 87 91 100 96 91 91 88 102 93 89 91 93 97 98 95 89 89 98 88 6.57 -2.74 9.41 0.81 0.20 -1.31 29.33 53.14 13.65 37.70 2.69 }
{1168 51619 102 89 95 91 93 91 95 96 92 89 95 88 102 93 89 91 93 97 98 95 89 89 98 88 1.93 -3.23 6.28 0.83 -0.19 -1.71 29.24 53.60 12.73 34.34 2.54 }
{1172 51776 102 93 91 91 93 95 98 95 89 89 98 88 102 93 89 91 93 97 98 95 89 89 98 88 2.97 -0.28 3.25 0.34 0.40 -1.20 29.24 53.52 11.99 31.44 2.81 }
{1176 51934 100 92 87 92 91 95 98 94 87 89 96 90 84 92 84 92 86 78 98 94 85 89 92 99 4.65 -2.25 -3.53 0.46 -0.31 -1.12 29.33 53.80 11.55 28.77 3.56 }
{1180 52089 96 92 84 92 87 91 98 94 85 89 92 94 103 85 93 103 76 92 77 88 85 101 95 99 3.58 -3.25 0.06 0.49 0.62 -1.22 29.28 54.92 10.73 25.64 2.77 }
{1184 52247 100 88 88 96 83 92 94 90 85 93 95 98 103 85 93 103 76 92 77 88 85 101 95 99 9.24 1.64 12.24 -0.15 0.48 -1.87 29.24 53.98 10.03 37.74 2.69 }
{1188 52406 103 85 92 100 79 92 90 88 85 97 95 99 103 85 93 103 76 92 77 88 85 101 95 99 5.26 -2.36 5.12 0.68 -0.12 -1.81 29.24 55.12 10.44 34.53 3.66 }
{1192 52569 100 88 94 98 81 89 86 91 88 95 92 96 95 88 94 79 100 86 76 95 92 85 89 80 0.51 0.04 -1.28 1.18 0.05 -1.07 29.09 59.68 9.49 31.56 4.14 }
{1196 52722 96 88 94 94 85 86 82 95 92 91 89 92 95 88 94 79 100 86 76 95 92 85 89 80 4.51 -0.39 -13.54 1.03 -0.19 -0.72 29.28 55.53 9.02 28.58 3.08 }
{1200 52878 95 88 94 90 89 86 78 95 92 87 89 88 95 88 94 79 100 86 76 95 92 85 89 80 0.02 -6.61 -16.24 1.96 -0.65 -1.94 29.24 55.50 22.26 32.82 2.45 }
{1204 53038 92 85 91 86 87 89 80 92 89 83 90 85 89 77 79 85 81 92 86 80 84 76 90 85 -4.74 -2.45 -6.15 1.39 0.11 -1.17 29.33 54.30 21.03 37.17 3.50 }
{1208 53192 89 81 87 85 83 92 84 88 85 79 90 85 89 77 79 85 81 92 86 80 84 76 90 85 17.24 6.77 -1.94 -0.30 -0.83 -0.63 29.24 53.94 20.41 60.95 3.50 }
{1212 53351 90 83 89 88 85 89 88 89 87 81 93 82 90 94 99 98 99 89 99 89 98 100 102 82 4.97 3.52 3.42 0.03 -0.92 -1.02 29.33 54.21 19.06 62.83 3.79 }
{1216 53507 87 87 93 92 84 92 92 92 91 85 91 85 77 89 97 104 84 98 92 95 95 91 81 97 1.73 5.78 11.53 1.41 0.09 -1.62 29.28 53.80 17.94 57.72 3.52 }
{1220 53660 83 89 97 96 84 96 92 95 95 89 87 89 77 89 97 104 84 98 92 95 95 91 81 97 -0.84 2.78 1.66 1.22 -0.23 -0.92 29.19 55.06 16.47 53.49 3.99 }
{1224 53816 79 89 97 100 84 98 92 95 95 91 83 93 77 89 97 104 84 98 92 95 95 91 81 97 -0.15 -1.87 -4.26 0.38 0.02 -1.32 29.24 55.82 14.93 49.06 3.20 }
{1228 53977 81 92 96 99 87 95 89 92 98 90 85 91 83 101 96 99 92 83 75 87 102 90 96 81 3.19 0.07 1.86 1.43 -0.37 -1.40 29.38 56.17 14.11 45.14 2.70 }
{1232 54130 83 96 96 99 91 91 85 88 102 90 89 87 83 101 96 99 92 83 75 87 102 90 96 81 -0.45 -6.12 -3.42 1.57 -1.02 -2.24 29.33 56.53 13.14 41.68 2.97 }
{1236 54290 83 100 96 99 92 87 81 87 102 90 93 83 83 101 96 99 92 83 75 87 102 90 96 81 -4.29 -2.45 -19.69 1.17 0.20 -1.44 29.19 55.73 12.55 38.22 3.17 }
{1240 54453 82 100 95 98 91 85 79 88 101 89 97 81 75 80 93 84 77 98 97 101 83 88 101 81 0.31 -1.92 -6.67 1.32 0.25 -1.57 29.33 55.84 11.78 35.16 2.75 }
{1244 54610 78 96 93 94 87 89 83 92 97 88 101 81 75 80 93 84 77 98 97 101 83 88 101 81 1.18 1.81 1.36 1.44 0.59 -1.18 29.28 54.66 10.90 32.18 2.34 }
{1248 54767 75 92 93 90 83 93 87 96 93 88 101 81 75 80 93 84 77 98 97 101 83 88 101 81 6.28 3.20 -6.40 0.77 0.53 -1.64 29.28 54.37 10.30 29.47 2.44 }
{1252 54926 78 88 90 86 85 97 91 99 95 85 98 84 88 76 81 77 86 104 102 99 97 75 77 90 2.08 -2.19 -1.16 1.36 0.14 -1.41 29.28 54.08 10.22 27.37 3.01 }
{1256 55080 82 84 86 82 86 101 95 99 97 81 94 88 88 76 81 77 86 104 102 99 97 75 77 90 3.47 1.30 -0.49 0.37 -0.31 -1.61 29.33 53.60 9.53 45.54 3.23 }
{1260 55238 86 80 82 78 86 104 99 99 97 77 90 90 88 76 81 77 86 104 102 99 97 75 77 90 -2.24 3.75 1.15 1.57 0.47 -2.77 29.28 53.27 9.26 41.76 3.66 }
{1264 55395 86 80 83 78 88 102 101 100 95 77 90 88 77 96 87 78 92 92 101 100 76 104 94 82 5.18 -2.70 -1.71 1.78 0.69 -1.72 29.24 53.09 9.26 38.58 3.87 }
{1268 55554 82 84 87 78 92 98 101 100 91 81 94 84 77 96 87 78 92 92 101 100 76 104 94 82 -1.81 -5.23 -5.01 0.58 -0.50 -1.75 29.24 52.76 8.81 35.04 3.17 }
{1272 55716 78 88 90 81 95 94 102 97 90 84 91 83 75 101 100 96 102 84 102 88 90 84 77 83 -5.31 0.63 1.80 0.61 0.50 -1.85 29.28 53.61 8.45 32.57 4.34 }
{1276 55873 75 92 94 85 99 90 102 93 90 84 87 83 75 101 100 96 102 84 102 88 90 84 77 83 -8.04 -6.62 -1.34 0.41 -0.22 -1.57 29.28 54.32 8.43 29.96 4.19 }
{1280 56036 78 93 98 83 97 86 99 89 93 87 89 83 94 93 102 79 96 82 81 75 97 96 95 83 -0.76 -1.70 0.83 0.60 -0.17 -0.94 29.24 54.43 14.34 34.37 3.30 }
{1284 56192 82 93 102 79 96 82 95 85 97 91 93 83 94 93 102 79 96 82 81 75 97 96 95 83 2.98 0.98 1.57 1.08 -0.00 -0.91 29.38 54.85 13.35 31.22 2.04 }
{1288 56347 86 93 102 79 96 82 91 81 97 95 95 83 94 93 102 79 96 82 81 75 97 96 95 83 1.26 -7.19 -6.23 0.66 0.16 -1.18 29.19 54.61 12.99 29.02 3.10 }
{1292 56506 90 90 102 82 93 85 93 77 94 93 92 86 94 79 102 97 84 102 95 76 89 89 75 100 2.68 -2.85 5.57 0.97 -0.02 -1.03 29.33 55.70 12.36 26.69 4.09 }
{1296 56666 92 86 99 86 89 89 97 79 96 95 94 90 92 80 80 89 75 103 102 88 102 99 103 92 7.67 4.72 17.15 0.73 0.68 -0.62 29.24 55.51 11.14 24.31 3.80 }
{1300 56822 92 82 95 89 85 93 101 83 100 99 98 92 92 80 80 89 75 103 102 88 102 99 103 92 11.01 -2.07 -2.43 0.93 0.62 -1.64 29.33 56.76 12.48 27.59 4.52 }
{1304 56986 95 84 91 86 87 91 99 87 98 100 96 95 98 97 82 81 97 87 97 103 75 100 85 101 1.10 -1.98 1.47 1.09 0.21 -1.15 29.24 56.87 12.66 25.38 5.93 }
{1308 57144 99 82 93 88 90 87 99 91 94 97 92 93 104 75 97 102 90 77 99 100 75 86 88 86 0.74 -3.80 -4.70 1.02 -0.59 -1.34 29.28 54.75 12.64 36.56 5.84 }
{1312 57302 103 78 97 92 90 83 99 95 90 93 88 89 104 75 97 102 90 77 99 100 75 86 88 86 5.45 1.82 4.98 0.86 0.11 -0.88 29.28 55.32 12.13 33.28 6.10 }
{1316 57458 104 75 97 96 90 79 99 99 86 89 88 86 76 95 104 102 79 103 98 83 76 77 104 81 6.10 -2.70 4.23 0.96 0.30 -1.85 29.33 55.70 11.29 36.97 6.64 }
{1320 57618 100 79 101 100 86 83 98 95 82 85 92 82 76 95 104 102 79 103 98 83 76 77 104 81 2.54 -2.10 -0.66 -0.15 -0.48 -0.44 29.28 56.80 10.50 33.52 6.48 }
{1324 57784 97 78 99 98 82 87 95 91 78 81 96 84 97 78 84 84 79 91 82 87 75 81 96 90 3.71 -2.21 -3.01 0.94 0.66 -0.98 29.24 58.75 9.78 30.41 6.28 }
{1328 57936 97 78 95 94 79 91 91 87 75 81 96 88 97 78 84 84 79 91 82 87 75 81 96 90 12.84 -4.96 4.70 0.09 0.33 -0.11 29.19 57.13 9.10 40.38 5.12 }
{1332 58089 97 78 91 90 79 91 87 87 75 81 96 90 97 78 84 84 79 91 82 87 75 81 96 90 0.08 -2.71 -12.40 0.69 -0.29 -1.82 29.24 58.09 8.57 50.28 4.56 }
{1336 58247 94 81 87 90 80 91 83 84 78 84 93 93 91 89 82 90 80 91 79 76 86 95 81 104 0.77 -2.80 -10.06 -0.01 -0.28 -1.67 29.33 55.82 8.49 66.30 4.99 }
{1340 58403 91 85 83 90 80 91 79 80 82 88 89 97 91 89 82 90 80 91 79 76 86 95 81 104 1.50 -4.93 -5.53 0.19 -0.35 -1.17 29.28 55.75 8.12 60.78 5.13 }
{1344 58559 91 89 82 90 80 91 79 76 86 92 85 101 91 89 82 90 80 91 79 76 86 95 81 104 -5.11 4.81 0.90 0.76 0.36 -1.88 29.28 55.75 7.71 55.96 5.13 }
{1348 58717 88 92 79 87 83 94 82 79 89 96 87 99 82 94 78 87 100 94 94 85 97 103 88 81 4.26 -0.36 0.12 0.46 0.05 -1.68 29.24 55.19 7.70 58.18 5.01 }
{1352 58871 84 93 78 88 87 93 86 81 91 98 89 97 78 82 78 98 93 79 101 78 75 86 101 100 -1.58 1.84 -8.44 0.74 0.17 -2.09 29.24 56.24 7.85 53.92 6.43 }
{1356 59027 80 89 78 92 91 89 90 78 87 94 93 100 80 93 100 104 96 89 75 81 87 78 98 80 1.00 -3.58 -0.11 0.76 -0.13 -1.60 29.19 55.64 8.06 49.46 6.60 }
{1360 59185 80 93 82 96 95 89 86 81 87 90 97 96 80 93 100 104 96 89 75 81 87 78 98 80 -5.00 -7.38 -7.04 1.03 -0.32 -1.46 29.28 55.33 7.26 52.43 6.17 }
{1364 59344 82 95 86 96 94 87 82 79 89 90 96 95 90 97 93 90 87 85 76 75 98 92 84 95 6.48 -2.24 4.32 0.99 -0.52 -0.64 29.28 55.70 13.49 47.73 5.79 }
{1368 59498 86 97 90 92 90 85 78 75 93 92 92 95 90 97 93 90 87 85 76 75 98 92 84 95 1.96 -0.16 -6.01 1.18 -0.39 -1.14 29.19 54.79 13.02 43.79 6.04 }
{1372 59656 90 95 94 92 90 83 78 75 96 90 88 93 94 87 94 101 104 76 81 75 96 75 77 76 4.10 3.24 1.56 0.80 0.49 -1.04 29.33 56.78 11.93 40.33 6.28 }
{1376 59810 90 91 96 92 94 83 78 77 94 90 88 89 85 89 102 88 100 93 76 91 88 93 91 75 5.53 3.20 4.95 1.34 0.18 -1.86 29.24 56.67 10.83 36.71 6.97 }
{1380 59964 86 89 100 88 98 87 76 81 90 93 91 85 85 89 102 88 100 93 76 91 88 93 91 75 1.10 -2.39 -15.14 1.03 -1.16 -1.35 29.24 56.62 10.04 33.06 6.21 }
{1384 60124 85 89 102 88 100 91 76 85 88 93 91 81 85 89 102 88 100 93 76 91 88 93 91 75 -1.40 -2.77 -4.40 1.37 -0.87 -1.66 29.33 56.91 9.48 37.10 5.89 }
{1388 60285 88 92 99 85 97 89 79 89 91 90 94 81 101 104 75 77 76 77 96 102 94 83 102 81 1.30 -1.93 0.28 1.27 -0.07 -1.47 29.19 56.53 9.03 33.84 6.38 }
{1392 60443 92 96 95 81 93 85 83 93 94 86 98 81 101 104 75 77 76 77 96 102 94 83 102 81 1.61 3.38 1.33 1.16 -0.18 -1.31 29.28 55.23 9.53 30.51 7.39 }
{1396 60601 96 98 91 79 95 87 81 91 97 88 102 80 103 98 83 79 104 101 78 87 98 91 104 80 4.90 6.95 10.53 1.30 -0.79 -1.47 29.24 55.44 8.64 41.86 9.19 }
{1400 60760 98 97 89 80 97 91 79 87 99 91 103 81 77 86 102 86 94 99 92 81 101 91 92 98 -0.21 -3.31 -11.80 1.36 -1.27 -1.77 29.19 55.06 8.84 38.64 10.05 }
{1404 60919 94 93 93 84 94 95 83 83 101 91 99 85 77 86 102 86 94 99 92 81 101 91 92 98 3.24 -0.25 1.80 1.51 -0.68 -0.98 29.24 55.06 8.99 35.29 10.51 }
{1408 61079 92 95 97 82 91 93 87 80 98 88 95 89 92 95 102 75 81 88 98 80 85 77 81 101 -1.00 2.07 5.45 0.76 0.30 -1.39 29.24 55.46 7.41 32.58 9.85 }
{1412 61233 92 95 101 78 87 89 91 80 94 84 91 93 92 95 102 75 81 88 98 80 85 77 81 101 4.25 5.09 17.34 1.03 1.86 -0.96 29.19 55.75 13.83 30.01 9.26 }
{1416 61389 92 95 102 75 83 88 95 80 90 80 87 97 92 95 102 75 81 88 98 80 85 77 81 101 -1.49 2.02 1.80 1.07 1.17 -1.26 29.14 55.26 13.37 27.47 10.08 }
{1420 61549 95 92 99 78 80 89 93 83 86 82 83 95 102 78 82 101 80 89 81 103 78 96 82 86 5.07 -1.12 4.89 1.11 -0.03 -1.43 29.24 54.59 12.46 24.85 10.18 }
{1424 61707 99 88 95 82 80 89 89 87 82 86 82 91 102 78 82 101 80 89 81 103 78 96 82 86 6.07 -1.23 -1.51 0.88 -0.72 -1.58 29.24 55.70 12.83 21.97 9.17 }
{1428 61868 97 90 97 86 83 92 89 85 84 88 79 87 79 99 104 90 84 93 89 85 102 88 77 80 -0.16 0.46 -9.05 0.66 -0.74 -1.53 29.33 55.32 13.33 20.49 11.08 }
{1432 62025 93 94 101 90 84 93 89 85 88 88 77 83 79 99 104 90 84 93 89 85 102 88 77 80 0.32 -3.48 -2.38 1.42 -1.08 -0.55 29.28 54.95 11.94 18.74 11.91 }
{1436 62187 89 92 99 87 85 90 86 83 89 91 80 79 86 75 77 84 85 88 80 83 89 93 89 76 5.04 -1.20 -7.56 1.48 -1.01 -1.84 29.24 56.78 11.35 17.06 12.30 }
{1440 62345 91 94 100 89 82 86 82 86 86 95 84 79 95 103 100 103 79 82 77 93 85 97 100 79 2.03 -0.33 -6.84 0.99 0.12 -2.09 29.28 56.35 11.15 15.46 12.23 }
{1444 62505 95 92 97 93 84 88 84 90 88 93 88 82 101 88 95 95 100 97 97 95 93 77 100 90 4.57 2.48 7.83 1.98 -0.11 -1.64 29.28 56.91 10.58 14.34 12.91 }
{1448 62662 99 88 95 95 88 92 88 94 92 89 92 86 101 88 95 95 100 97 97 95 93 77 100 90 4.19 -1.12 8.00 1.99 -0.54 -1.04 29.33 56.26 9.97 12.95 13.92 }
{1452 62820 101 88 95 95 92 96 92 95 93 85 96 90 101 88 95 95 100 97 97 95 93 77 100 90 2.72 -4.25 -5.71 1.05 -0.82 -0.69 29.19 56.85 9.56 24.47 14.31 }
{1456 62982 99 90 93 95 92 95 92 93 91 85 100 92 89 102 79 95 85 81 81 76 78 97 100 103 1.35 -0.02 -2.40 0.90 -0.20 -1.00 29.28 57.80 8.55 21.89 13.76 }
{1460 63140 95 94 89 95 88 91 88 89 87 89 100 96 89 102 79 95 85 81 81 76 78 97 100 103 -6.90 2.14 -1.02 0.68 0.63 -1.73 29.24 58.07 7.65 19.79 13.30 }
{1464 63300 91 98 85 95 85 87 84 85 83 93 100 100 89 102 79 95 85 81 81 76 78 97 100 103 8.32 -0.25 3.33 0.49 1.10 -1.87 29.28 58.07 6.55 18.35 12.43 }
{1468 63460 87 98 81 93 87 87 80 81 83 97 98 100 85 90 81 82 100 102 80 78 100 101 88 97 -10.22 2.40 -12.50 1.03 -0.25 -1.71 29.24 60.22 5.37 17.00 12.02 }
{1472 63624 85 94 81 89 91 91 80 78 87 101 94 97 85 90 81 82 100 102 80 78 100 101 88 97 0.37 1.00 -5.14 1.30 0.33 -1.72 29.24 68.31 4.97 15.95 11.91 }
{1476 63782 86 90 80 87 93 93 79 79 91 100 90 96 96 84 80 96 82 81 75 100 101 96 86 90 0.25 1.52 -4.11 1.30 0.17 -1.77 29.19 60.55 3.36 27.81 11.41 }
{1480 63939 90 86 80 91 89 89 75 83 95 96 86 92 96 84 80 96 82 81 75 100 101 96 86 90 4.80 -1.89 -5.94 1.54 -0.28 -1.10 29.14 60.22 3.85 25.49 11.43 }
{1484 64098 94 85 81 93 87 87 76 85 98 95 87 91 104 95 99 82 87 98 78 85 98 78 89 97 9.35 0.01 0.50 1.17 0.54 -1.27 29.24 59.15 3.52 23.00 10.97 }
{1488 64250 98 89 85 89 87 91 78 85 98 91 89 95 104 95 99 82 87 98 78 85 98 78 89 97 1.64 -0.25 8.72 0.81 0.23 -0.65 29.24 59.41 3.39 20.72 11.61 }
{1492 64405 102 93 89 85 87 95 78 85 98 87 89 97 104 95 99 82 87 98 78 85 98 78 89 97 5.74 9.26 2.79 0.91 -0.31 -3.04 29.28 59.39 3.84 26.10 12.43 }
{1496 64563 100 96 92 87 90 93 81 88 95 85 92 94 98 96 92 94 92 91 86 89 77 85 95 89 -2.64 0.28 0.58 1.22 0.21 -0.67 29.24 58.83 3.27 23.96 12.84 }
{1500 64715 98 96 92 91 92 91 85 89 91 85 95 90 98 96 92 94 92 91 86 89 77 85 95 89 1.01 1.29 3.71 0.98 -0.15 -1.30 29.19 59.19 3.17 21.81 12.47 }
{1504 64869 98 96 92 94 92 91 86 89 87 85 95 89 98 96 92 94 92 91 86 89 77 85 95 89 0.48 0.04 6.49 0.30 -0.08 -1.76 29.28 58.48 3.57 19.67 13.74 }
{1508 65026 101 93 89 94 95 88 89 92 89 88 92 86 104 92 88 94 98 87 104 99 93 98 84 80 3.04 -0.07 1.62 0.90 -0.66 -1.03 29.19 58.21 3.58 17.46 13.56 }
{1512 65182 104 92 88 94 98 87 93 96 93 92 88 82 104 92 88 94 98 87 104 99 93 98 84 80 11.42 0.19 3.13 0.88 -0.06 -2.02 29.24 59.06 4.11 22.63 15.08 }
{1516 65342 102 95 91 97 95 84 91 94 90 90 84 84 102 95 92 102 94 83 88 75 84 82 76 103 -0.68 -1.95 1.99 0.62 -0.28 -2.15 29.19 59.10 4.37 20.98 15.47 }
{1520 65503 99 98 89 95 91 84 87 96 92 92 86 83 85 99 77 81 75 84 84 103 104 97 97 83 0.86 1.79 -2.23 0.93 -0.10 -1.01 29.24 60.73 4.24 19.05 16.15 }
{1524 65657 95 99 85 91 87 84 84 100 96 96 90 83 85 99 77 81 75 84 84 103 104 97 97 83 9.71 2.40 -7.79 0.90 0.89 -1.57 29.28 59.42 4.31 17.39 17.02 }
{1528 65816 91 97 87 87 89 87 81 98 94 94 94 86 76 97 101 84 100 93 80 93 78 92 100 99 3.01 1.62 -9.66 0.80 0.27 -1.15 29.24 58.16 4.40 15.55 16.88 }
{1532 65973 90 94 91 89 87 91 83 94 90 93 98 90 90 75 98 104 83 104 84 90 78 93 99 102 -0.24 0.54 2.90 0.73 0.52 -1.03 29.28 58.39 3.73 14.21 16.92 }
{1536 66128 90 90 95 93 83 95 84 90 86 93 99 94 90 75 98 104 83 104 84 90 78 93 99 102 6.60 1.69 14.05 0.19 -0.13 -1.36 29.28 60.15 3.79 26.37 16.95 }
{1540 66288 90 86 98 97 83 99 84 90 82 93 99 98 90 75 98 104 83 104 84 90 78 93 99 102 6.36 -1.51 13.53 1.32 -0.34 -0.81 29.28 68.95 4.19 24.61 16.43 }
{1544 66449 87 87 95 101 86 97 87 90 84 90 96 96 76 87 83 102 99 87 101 90 88 75 87 95 4.17 3.27 7.68 0.94 -0.31 -0.70 29.24 68.58 3.43 22.12 15.94 }
{1548 66605 83 87 91 102 90 93 91 90 88 86 92 95 76 87 83 102 99 87 101 90 88 75 87 95 2.25 -14.79 8.53 1.67 0.28 -2.53 29.38 69.09 3.48 26.83 16.61 }
{1552 66762 79 87 87 102 94 89 95 90 88 82 88 95 76 87 83 102 99 87 101 90 88 75 87 95 -2.79 -2.31 -0.81 2.15 0.51 -1.24 29.19 69.54 3.31 38.08 17.50 }
{1556 66922 81 84 89 99 98 85 93 87 85 84 84 98 98 78 93 93 98 77 76 75 80 90 76 99 -0.87 -0.80 -0.82 0.65 -0.09 -2.42 29.28 60.15 2.90 41.28 17.00 }
{1560 67080 85 80 93 95 98 81 89 83 81 88 80 99 98 78 93 93 98 77 76 75 80 90 76 99 2.58 0.39 -8.53 0.18 0.86 -1.70 29.24 69.56 3.02 45.05 16.82 }
{1564 67233 83 82 93 91 95 83 91 85 83 92 82 96 82 103 93 90 93 93 99 98 96 97 99 90 2.92 1.15 -5.50 0.58 -0.08 -1.19 29.24 73.00 3.42 48.17 17.36 }
{1568 67388 82 86 93 90 93 87 95 89 87 96 86 92 82 103 93 90 93 93 99 98 96 97 99 90 15.56 3.41 -4.46 0.08 0.40 -0.81 29.19 74.48 3.58 51.23 16.28 }
{1572 67545 82 90 93 90 93 91 99 93 91 97 90 90 82 103 93 90 93 93 99 98 96 97 99 90 3.90 -1.87 -0.01 1.06 0.36 -1.65 29.24 66.14 4.02 47.62 16.89 }
{1576 67701 83 92 94 91 94 94 98 95 93 96 92 89 101 79 103 102 100 102 78 81 78 81 82 81 3.12 -1.81 -8.23 1.32 0.01 -0.98 29.24 69.20 3.82 43.64 17.16 }
{1580 67861 87 88 98 95 98 98 94 91 89 92 88 85 101 79 103 102 100 102 78 81 78 81 82 81 8.17 -1.98 -7.04 0.99 -1.07 -0.59 29.28 69.34 4.05 39.93 17.13 }
