N T EM1 EM2 EM3 EM4 EM5 EM6 EM7 EM8 EM9 EM10 EM11 EM12 CM1 CM2 CM3 CM4 CM5 CM6 CM7 CM8 CM9 CM10 CM11 CM12 GyX GyY GyZ AcX AcY AcZ Tmp HCSR X Y Z
{0 5537 93 93 93 93 93 93 93 93 93 93 93 93 82 94 98 83 85 77 99 83 98 94 75 80 1.62 -0.96 -0.47 1.05 0.43 -1.33 29.00 64.80 7.03 -24.49 -27.46 }
{4 5685 89 97 97 89 94 89 97 89 94 91 92 89 77 102 98 82 94 85 97 78 94 84 92 85 -2.56 -0.28 -2.43 0.68 0.58 -1.53 29.09 64.58 6.58 -50.95 -27.57 }
{8 5838 85 101 98 85 94 85 97 85 94 87 92 85 77 102 98 82 94 85 97 78 94 84 92 85 0.75 0.01 3.04 0.63 0.87 -0.99 29.14 65.09 12.44 -74.49 -27.07 }
{12 5994 84 99 101 87 91 88 94 82 95 83 94 88 84 93 101 100 82 101 77 82 95 78 94 94 0.40 6.30 -3.98 1.29 0.89 -2.06 29.09 65.22 18.77 -96.69 -26.99 }
{16 6150 84 95 101 91 87 92 90 82 95 79 94 92 84 93 101 100 82 101 77 82 95 78 94 94 10.32 1.75 7.37 1.01 1.07 -0.72 29.14 64.15 23.75 -117.22 -26.92 }
{20 6308 84 93 101 95 83 96 86 82 95 78 94 94 84 93 101 100 82 101 77 82 95 78 94 94 11.70 0.19 4.76 1.14 0.98 -0.55 29.09 64.11 22.23 -136.65 -27.76 }
{24 6469 86 91 99 95 81 96 82 83 93 80 92 92 96 82 77 88 81 80 80 83 76 99 82 86 5.67 -1.49 -0.12 1.20 0.50 -1.40 29.00 62.74 20.82 -154.00 -27.83 }
{28 6625 90 87 95 91 81 92 80 83 89 84 88 88 96 82 77 88 81 80 80 83 76 99 82 86 7.45 0.77 1.50 1.09 0.12 -1.83 29.19 62.27 19.52 -170.57 -28.23 }
{32 6778 94 83 91 88 81 88 80 83 85 88 84 86 103 79 103 95 99 101 75 88 97 91 84 89 -1.97 -0.70 -7.04 0.88 0.39 -2.28 29.05 64.57 18.30 -178.57 -27.86 }
{36 6940 92 85 93 92 85 92 76 87 88 90 81 90 80 104 90 79 84 76 92 80 90 89 96 93 -0.06 -1.80 -12.27 0.79 0.13 -0.79 29.19 63.70 17.78 174.04 -26.64 }
{40 7097 88 89 90 88 84 88 80 83 90 89 85 93 80 104 90 79 84 76 92 80 90 89 96 93 -3.95 -0.54 3.47 0.76 1.28 -1.80 29.00 64.29 16.31 160.02 -26.27 }
{44 7255 90 87 93 87 87 90 84 83 93 92 89 90 98 80 97 87 101 91 102 83 99 96 102 86 0.57 -0.15 1.95 0.38 0.14 -1.53 29.05 66.00 14.89 147.07 -26.77 }
{48 7410 94 83 97 87 91 91 88 83 97 96 93 86 98 80 97 87 101 91 102 83 99 96 102 86 -1.89 -0.25 -4.98 0.83 -0.07 -2.26 29.09 64.85 14.60 142.51 -26.93 }
{52 7572 92 83 94 90 95 94 92 86 95 93 91 83 92 83 82 102 99 99 104 86 80 90 90 83 5.00 0.66 -2.79 0.59 0.21 -1.07 29.09 64.75 13.72 131.03 -25.81 }
{56 7729 95 84 92 90 93 96 94 89 94 93 89 86 97 100 97 97 82 96 90 97 96 86 95 96 4.16 0.05 12.03 0.83 0.22 -0.71 29.14 63.42 12.51 127.92 -22.42 }
{60 7882 99 88 95 94 94 93 91 87 98 90 87 90 102 91 95 95 94 80 91 77 103 90 84 99 -5.29 -1.09 -2.70 0.70 0.59 -0.76 29.09 62.63 12.30 117.82 -21.48 }
{64 8038 102 91 95 95 94 89 91 83 102 90 84 94 102 91 95 95 94 80 91 77 103 90 84 99 0.40 0.98 9.60 0.77 0.70 -1.97 29.14 64.42 10.53 107.71 -22.19 }
{68 8198 99 94 98 92 91 91 94 85 100 87 81 92 94 95 100 81 78 101 98 95 93 79 75 89 -2.47 3.67 6.03 0.94 0.58 -0.74 29.19 63.73 9.51 98.86 -22.59 }
{72 8352 95 98 99 88 93 89 92 89 96 88 83 94 79 101 99 88 93 79 85 95 84 88 102 100 0.23 -3.63 1.01 1.24 0.38 -1.39 29.09 64.69 8.63 91.39 -21.60 }
{76 8506 91 101 99 88 93 85 88 93 92 88 87 98 79 101 99 88 93 79 85 95 84 88 102 100 -6.39 0.16 -4.53 0.73 1.01 -1.32 29.09 63.61 7.75 84.61 -20.72 }
{80 8665 87 99 97 90 91 85 88 93 89 86 91 98 77 84 92 90 91 100 88 85 89 83 100 90 -3.00 1.65 4.31 1.06 0.77 -1.77 29.05 63.50 14.22 77.91 -20.69 }
{84 8817 83 95 93 90 91 89 88 89 89 83 95 94 77 84 92 90 91 100 88 85 89 83 100 90 3.78 -0.31 0.35 1.45 0.72 -1.53 29.05 64.44 13.08 71.45 -20.93 }
{88 8972 79 91 92 90 91 93 88 85 89 83 99 90 77 84 92 90 91 100 88 85 89 83 100 90 1.12 3.23 -7.02 0.59 0.37 -1.48 29.09 64.42 12.40 65.50 -21.09 }
{92 9129 81 93 89 87 88 97 91 83 92 86 97 87 89 97 86 84 87 99 100 83 101 87 90 76 15.42 2.01 -0.78 1.08 0.33 -1.53 29.14 63.86 11.68 60.20 -22.28 }
{96 9283 85 97 86 84 87 99 95 83 96 87 93 83 89 97 86 84 87 99 100 83 101 87 90 76 3.29 1.32 -2.14 0.71 -0.52 -2.43 29.09 62.97 10.30 56.50 -20.48 }
{100 9441 89 94 83 82 84 96 93 86 94 84 89 85 104 82 78 82 80 95 77 96 93 82 76 90 7.33 3.10 -0.17 1.07 0.47 -0.68 29.14 62.94 16.87 53.81 -17.84 }
{104 9594 93 90 79 82 80 95 89 90 93 82 85 89 104 82 78 82 80 95 77 96 93 82 76 90 -0.81 -4.97 -1.56 1.55 0.18 -1.57 29.19 62.81 16.34 49.51 -16.99 }
{108 9753 91 86 81 85 83 92 91 88 90 85 87 89 83 80 81 102 94 79 96 81 76 97 95 89 -3.02 -1.54 -0.20 1.53 0.95 -1.69 29.05 63.84 15.16 45.59 -16.19 }
{112 9909 87 82 81 89 87 88 95 84 86 89 91 89 83 80 81 102 94 79 96 81 76 97 95 89 2.14 -0.38 2.98 0.35 0.66 -1.05 29.09 62.61 13.48 49.01 -15.65 }
{116 10063 83 80 81 93 91 84 96 81 82 93 95 89 83 80 81 102 94 79 96 81 76 97 95 89 -8.09 -6.16 -1.57 -0.04 0.44 -1.47 29.14 64.40 13.12 50.77 -15.11 }
{120 10226 80 83 82 91 89 86 95 84 84 91 92 92 80 84 82 90 88 104 95 100 90 81 78 97 7.01 -2.90 0.28 2.12 0.29 -1.34 29.05 159.39 12.47 45.74 -14.21 }
{124 10384 82 84 84 92 86 90 93 88 84 87 88 96 103 84 96 99 83 93 92 96 84 78 86 96 7.55 1.73 -1.34 0.66 0.27 0.09 29.00 70.47 11.68 41.74 -14.86 }
{128 10539 86 87 88 93 88 92 89 90 83 85 90 93 101 89 102 93 99 95 75 91 77 79 102 89 -4.62 -3.99 -6.26 0.44 0.26 -2.49 29.14 64.69 11.57 37.12 -15.08 }
{132 10696 90 89 92 93 92 95 85 91 79 81 94 89 101 89 102 93 99 95 75 91 77 79 102 89 -0.30 -6.16 -8.18 1.29 -0.69 -1.14 29.09 64.69 11.24 40.92 -14.47 }
{136 10857 94 89 96 93 96 95 81 91 77 79 98 89 101 89 102 93 99 95 75 91 77 79 102 89 3.65 -4.88 -6.84 0.96 -0.89 -0.36 29.14 63.44 11.57 37.11 -13.96 }
{140 11019 98 90 94 96 94 94 78 88 80 82 98 86 103 90 83 104 84 94 78 88 92 102 98 77 5.74 -0.35 -4.87 0.50 -0.31 -1.09 29.09 63.01 11.51 33.63 -13.37 }
{144 11179 98 92 90 96 94 92 80 90 84 86 96 86 81 98 79 85 101 75 99 95 90 91 83 90 -353.00 7.88 -1.17 0.20 1.48 -6.18 37.06 64.51 11.48 30.33 -13.73 }
{148 11338 94 96 86 92 92 88 83 94 84 90 98 86 92 101 83 81 92 76 83 99 84 102 98 86 -5.78 3.35 -2.69 0.74 0.70 -0.99 29.14 65.40 11.16 28.13 -12.64 }
{152 11494 92 100 83 88 92 84 83 98 84 94 98 86 92 101 83 81 92 76 83 99 84 102 98 86 -0.24 7.26 -3.69 0.93 -0.02 -0.17 29.05 62.99 10.05 32.71 -13.59 }
{156 11656 94 99 85 88 90 84 81 101 82 94 96 84 97 88 92 96 83 84 78 102 79 93 75 79 3.87 -3.02 -3.28 1.26 0.44 -2.33 29.14 63.61 8.87 30.13 -13.42 }
{160 11811 97 95 89 92 86 84 78 102 79 93 92 80 97 88 92 96 83 84 78 102 79 93 75 79 0.13 -3.57 -5.25 0.89 0.17 -1.34 29.05 64.04 8.54 27.40 -13.35 }
{164 11968 97 91 92 96 83 84 78 102 79 93 88 79 97 88 92 96 83 84 78 102 79 93 75 79 -3.17 -4.48 7.74 0.06 0.31 -0.99 29.09 61.27 7.41 31.59 -12.83 }
{168 12128 100 93 95 93 86 81 81 99 76 91 90 82 100 102 95 85 90 81 82 83 75 91 100 102 0.17 -2.86 1.65 0.23 0.40 -1.03 29.09 63.21 6.85 28.86 -12.02 }
{172 12286 97 97 95 95 90 84 85 95 78 94 88 82 89 98 95 99 103 102 90 84 100 98 87 82 -1.00 -1.17 0.46 0.57 0.36 -1.37 29.09 62.07 6.35 26.05 -11.75 }
{176 12443 93 98 95 99 94 88 89 91 82 98 87 82 89 98 95 99 103 102 90 84 100 98 87 82 10.40 4.23 6.57 0.60 0.89 -0.65 29.05 63.66 19.50 39.31 -12.85 }
{180 12601 89 98 95 99 98 92 90 87 86 98 87 82 89 98 95 99 103 102 90 84 100 98 87 82 3.23 2.69 -4.37 0.61 0.08 -1.03 29.05 63.28 18.15 36.12 -12.34 }
{184 12761 92 101 98 102 96 90 87 83 90 100 84 85 94 102 102 104 90 78 78 78 93 100 83 94 1.38 1.04 5.51 -0.07 -0.26 -1.77 29.09 61.49 17.00 39.92 -13.11 }
{188 12921 94 102 102 104 92 86 83 79 93 100 83 89 94 102 102 104 90 78 78 78 93 100 83 94 1.84 1.46 5.31 1.11 -0.06 -1.23 29.14 62.72 21.59 36.33 -13.53 }
{192 13087 95 99 99 101 88 88 85 75 96 97 86 93 95 89 87 78 88 102 85 75 96 85 88 95 1.82 1.87 10.18 1.01 0.60 -1.22 29.14 60.22 19.58 33.43 -12.66 }
{196 13242 95 95 95 97 88 92 85 75 96 93 88 95 95 89 87 78 88 102 85 75 96 85 88 95 5.27 3.06 3.82 1.34 0.34 -1.17 29.19 62.07 18.48 30.76 -11.58 }
{200 13400 92 91 97 99 85 90 88 78 93 89 91 97 78 83 98 101 85 79 95 94 77 79 94 97 0.87 2.25 0.73 1.42 1.02 -0.29 29.09 62.90 17.22 41.84 -11.76 }
{204 13554 88 87 95 97 85 86 88 82 89 85 89 94 86 75 94 88 85 75 88 95 76 84 83 81 -2.74 -1.00 -0.34 1.51 1.05 -1.52 29.09 61.80 23.43 38.55 -11.15 }
{208 13710 86 83 94 93 85 82 88 86 85 84 85 90 86 75 94 88 85 75 88 95 76 84 83 81 -5.35 -2.86 -15.25 1.15 0.80 -2.03 29.09 62.66 21.50 35.33 -12.14 }
{212 13868 86 79 94 89 85 78 88 90 81 84 83 86 86 75 94 88 85 75 88 95 76 84 83 81 -2.48 -2.88 -11.66 1.22 0.53 -1.35 29.14 62.07 20.38 32.53 -11.73 }
{216 14027 83 76 97 91 88 80 85 94 83 87 83 88 75 76 101 99 99 83 81 96 99 95 83 96 1.90 -1.15 -7.88 1.40 0.55 -1.44 29.09 62.47 18.77 29.69 -11.37 }
{220 14185 85 79 96 89 86 84 87 98 81 91 80 86 103 92 103 75 99 90 82 76 75 81 95 98 0.98 -1.64 -3.36 0.87 0.95 -0.86 29.14 62.86 16.66 27.03 -11.88 }
{224 14342 89 83 100 85 90 88 83 94 77 87 84 90 103 92 103 75 99 90 82 76 75 81 95 98 3.21 -3.87 -2.96 0.76 -0.16 -1.65 29.14 61.25 15.36 24.81 -11.76 }
{228 14502 87 87 98 87 88 92 85 95 79 89 88 88 80 95 77 98 77 92 96 95 95 104 102 86 10.13 2.20 0.69 0.81 0.54 -0.21 29.05 61.81 13.95 21.88 -12.18 }
{232 14658 83 91 94 91 84 92 89 95 83 93 92 86 80 95 77 98 77 92 96 95 95 104 102 86 11.71 -0.53 -4.93 0.86 0.73 -0.90 29.19 62.34 13.86 26.44 -12.62 }
{236 14819 85 89 90 95 83 89 90 92 81 97 95 83 89 80 86 102 83 77 90 79 80 98 95 76 15.87 -2.62 -4.88 1.19 -0.68 -1.04 29.05 62.01 14.25 24.31 -12.74 }
{240 14977 89 85 86 99 83 85 90 88 80 98 95 79 89 80 86 102 83 77 90 79 80 98 95 76 4.94 -4.79 4.47 0.14 0.31 -1.87 29.09 63.73 14.93 29.88 -9.69 }
{244 15134 86 87 89 97 86 87 93 84 83 95 97 75 79 100 94 88 104 91 101 79 95 93 97 75 -0.91 -2.86 -7.92 0.05 0.61 -1.96 29.14 72.87 14.99 34.74 -8.30 }
{248 15291 82 91 93 93 90 91 97 80 87 93 97 75 79 100 94 88 104 91 101 79 95 93 97 75 -4.29 -0.82 4.95 0.73 0.76 -1.62 29.05 63.68 12.95 31.86 -9.27 }
{252 15449 79 95 94 89 94 91 101 79 91 93 97 75 79 100 94 88 104 91 101 79 95 93 97 75 1.29 14.39 -12.32 -0.87 0.95 -0.27 29.19 61.83 25.24 36.16 -10.26 }
{256 15612 82 93 91 91 92 94 98 82 89 90 100 78 85 92 87 94 83 96 96 101 86 76 103 96 -1.05 -1.06 -1.33 1.38 0.44 -1.18 29.05 62.77 23.74 33.16 -10.38 }
{260 15771 85 92 87 94 88 96 96 86 86 86 103 82 85 92 87 94 83 96 96 101 86 76 103 96 6.26 4.52 9.27 0.54 -0.12 -1.16 29.09 63.70 22.69 50.50 -11.03 }
{264 15929 85 92 87 94 84 96 96 90 86 82 103 86 85 92 87 94 83 96 96 101 86 76 103 96 2.71 1.17 6.84 1.61 0.94 -0.86 29.09 63.95 21.26 53.26 -10.84 }
{268 16088 88 89 85 91 80 93 93 88 89 79 100 84 90 75 85 83 78 92 85 76 98 79 88 82 5.18 -3.81 -1.98 1.71 0.58 -0.68 29.00 64.00 20.15 49.17 -10.56 }
{272 16245 86 86 88 93 82 95 95 86 87 76 96 86 80 86 97 101 101 100 99 86 82 76 88 99 -2.76 0.98 3.25 1.20 0.47 -1.29 29.05 63.59 19.03 45.14 -10.89 }
{276 16401 82 86 92 97 86 99 99 86 83 76 92 90 80 86 97 101 101 100 99 86 82 76 88 99 1.85 -1.08 8.69 0.98 -0.17 -1.29 29.14 63.17 17.37 41.41 -9.77 }
{280 16562 84 89 90 95 90 97 96 83 79 79 94 88 91 96 80 85 91 80 78 76 75 96 94 80 1.38 -0.35 1.77 1.07 -0.51 -1.14 29.05 63.33 15.56 37.73 -10.68 }
{284 16715 88 93 86 91 91 93 92 79 75 83 94 84 91 96 80 85 91 80 78 76 75 96 94 80 7.38 -3.14 -0.11 1.83 0.03 -2.59 29.05 63.97 14.48 34.54 -10.87 }
{288 16871 91 96 82 87 91 89 88 76 75 87 94 80 91 96 80 85 91 80 78 76 75 96 94 80 8.94 -0.33 -8.84 0.82 0.24 -2.25 29.09 63.62 14.81 31.94 -10.13 }
{292 17029 89 94 80 83 92 85 88 78 77 91 96 82 81 83 80 79 92 84 101 91 81 91 102 95 0.87 -2.24 -7.40 0.62 0.21 -1.90 29.05 63.52 14.23 29.39 -9.57 }
{296 17186 91 90 83 85 89 87 92 79 81 92 94 83 96 75 83 96 89 103 103 79 100 92 84 83 2.39 1.21 5.18 0.37 0.75 -1.74 29.05 64.06 12.25 34.37 -9.76 }
{300 17340 95 86 83 89 89 91 96 79 85 92 90 83 90 93 103 104 99 92 75 79 85 101 90 78 4.37 -1.90 -3.14 1.04 -0.11 -1.17 29.05 64.49 18.79 31.61 -8.63 }
{304 17502 91 84 87 93 91 89 92 82 82 90 87 85 90 76 87 99 91 82 90 100 75 90 77 95 -5.23 0.05 -7.21 0.69 -0.59 -0.30 29.14 64.40 17.02 28.62 -9.18 }
{308 17658 92 86 90 91 88 91 88 80 84 93 83 89 92 94 102 90 78 94 84 79 94 96 80 104 3.30 0.86 -2.17 0.36 0.08 -0.46 29.14 63.26 15.35 25.84 -9.08 }
{312 17812 92 90 94 90 84 94 84 79 88 96 80 93 92 94 102 90 78 94 84 79 94 96 80 104 8.74 5.32 -8.64 1.26 -0.38 -0.79 29.05 62.19 14.70 23.46 -8.10 }
{316 17971 95 88 92 93 82 97 83 82 86 99 77 97 98 75 84 95 82 101 83 98 83 101 76 104 -1.42 -4.54 0.26 0.99 0.30 -1.40 29.09 62.50 13.94 21.54 -7.39 }
{320 18127 98 84 88 95 82 101 83 86 83 101 76 101 98 75 84 95 82 101 83 98 83 101 76 104 5.59 -3.17 2.49 0.05 -0.08 -1.36 29.09 61.98 13.59 19.95 -5.88 }
{324 18290 95 86 90 98 85 98 80 89 84 98 79 102 92 103 94 102 90 90 77 89 84 89 99 102 1.96 -2.96 -8.46 0.91 -0.44 -0.98 29.14 63.62 16.89 35.82 -5.02 }
{328 18451 91 84 88 96 89 100 82 86 87 100 83 99 80 80 81 96 100 104 86 78 103 103 104 89 0.36 -0.33 -1.77 0.06 0.28 -1.33 29.09 63.46 14.34 39.49 -4.35 }
{332 18612 87 80 84 96 93 104 86 82 91 103 87 95 80 80 81 96 100 104 86 78 103 103 104 89 2.94 -2.13 -9.80 0.40 0.57 -1.50 29.14 64.91 13.99 36.30 -4.67 }
{336 18776 89 83 86 93 91 101 86 79 89 100 88 91 104 100 86 92 89 100 86 79 81 95 88 77 0.63 -1.38 -14.50 0.89 -0.54 -1.26 29.14 65.90 13.57 33.13 -5.61 }
{340 18937 87 81 89 89 87 103 89 82 87 96 91 87 76 79 92 82 85 104 100 82 87 94 102 81 3.94 4.31 -7.01 0.54 0.01 -0.48 29.05 64.82 12.89 30.37 -5.70 }
{344 19094 83 79 92 85 85 104 93 82 87 94 95 83 76 79 92 82 85 104 100 82 87 94 102 81 8.63 1.32 -10.81 1.05 -0.15 -0.73 29.14 66.12 11.85 27.61 -6.58 }
{348 19253 79 79 92 82 85 104 97 82 87 94 99 81 76 79 92 82 85 104 100 82 87 94 102 81 -2.76 0.04 0.66 1.04 -0.53 -1.70 29.14 66.52 14.49 29.12 -5.65 }
{352 19415 81 82 89 83 88 101 96 79 90 96 97 84 97 104 84 83 98 92 96 77 91 96 82 101 0.49 -1.90 -2.63 0.64 -0.34 -1.06 29.09 66.32 13.90 26.33 -5.18 }
{356 19572 85 86 85 83 92 97 96 77 91 96 93 88 97 104 84 83 98 92 96 77 91 96 82 101 -5.45 -6.48 10.24 1.17 -0.50 -3.15 29.05 63.44 13.28 23.62 -4.26 }
{360 19731 89 90 84 83 96 93 96 77 91 96 89 92 97 104 84 83 98 92 96 77 91 96 82 101 2.32 -1.63 5.41 1.21 0.55 -1.41 29.09 64.42 12.80 21.39 -4.10 }
{364 19890 87 94 87 80 94 89 93 77 88 93 85 90 85 99 100 76 87 88 92 77 79 76 83 77 -2.58 -2.45 1.27 0.73 0.38 -1.04 29.09 64.11 11.78 19.37 -3.91 }
{368 20043 85 98 91 76 90 88 92 77 84 89 83 86 85 99 100 76 87 88 92 77 79 76 83 77 -7.64 0.40 -17.94 0.95 0.59 -0.73 29.09 64.15 10.94 17.75 -4.39 }
{372 20202 85 98 95 79 92 91 89 76 80 87 86 84 85 98 104 89 94 91 80 76 78 87 91 84 7.94 2.04 -7.43 0.88 -0.09 -0.01 29.14 63.95 9.95 15.71 -4.84 }
{376 20355 85 98 99 83 94 91 85 76 78 87 90 84 85 98 104 89 94 91 80 76 78 87 91 84 2.71 -1.90 -4.87 0.91 -0.40 -1.13 29.09 63.52 9.75 14.17 -4.87 }
{380 20512 85 96 103 87 92 89 81 78 80 89 89 86 85 78 104 100 78 86 76 97 101 94 76 104 10.55 -8.68 -6.70 0.96 0.21 -1.87 29.09 63.39 9.60 13.08 -4.81 }
{384 20673 88 92 101 85 94 91 77 82 81 93 91 89 91 86 92 78 103 102 75 98 81 104 96 89 4.57 -2.50 0.24 1.30 0.14 -1.29 29.05 63.06 9.27 11.73 -4.25 }
{388 20829 91 88 97 81 98 95 75 86 81 97 95 89 91 86 92 78 103 102 75 98 81 104 96 89 10.68 0.31 1.54 0.75 -0.72 -1.53 29.05 64.66 9.96 10.75 -3.79 }
{392 20987 88 84 93 77 97 93 78 84 78 96 93 86 79 81 76 75 97 79 95 79 78 96 82 84 0.32 -1.08 -7.21 0.13 0.28 -1.51 29.05 62.74 10.79 21.86 -3.02 }
{397 21140 83 81 88 75 97 88 83 79 78 96 88 84 79 81 76 75 97 79 95 79 78 96 82 84 1719.73 33.98 -1.17 0.20 2.07 -77.89 37.06 60.93 20.22 44.87 -2.94 }
{401 21302 85 84 86 76 94 84 87 82 81 94 90 87 92 85 86 76 80 77 97 87 89 94 102 102 1.96 -1.80 6.14 0.45 0.10 -0.38 29.09 60.75 18.13 47.69 -2.67 }
{405 21457 89 87 84 78 90 84 87 86 81 94 94 87 95 94 75 102 86 101 75 104 77 94 101 85 8.11 2.14 7.39 1.57 0.49 -0.45 29.14 65.45 17.18 43.44 -2.24 }
{409 21613 93 91 80 82 86 88 83 90 77 94 98 85 95 94 75 102 86 101 75 104 77 94 101 85 3.97 -1.87 -4.40 0.93 -0.39 -2.10 29.00 65.36 16.45 46.65 -2.24 }
{413 21773 95 94 76 86 86 92 79 94 77 94 101 85 95 94 75 102 86 101 75 104 77 94 101 85 -5.34 5.98 -8.53 0.94 0.08 0.76 29.09 61.33 15.13 49.26 -2.08 }
{417 21934 93 91 78 90 83 90 80 96 80 91 98 86 93 79 79 93 75 86 80 96 96 86 90 86 -1.97 0.91 0.49 1.15 -0.91 -1.27 28.95 61.96 13.80 45.07 -1.30 }
{421 22086 93 87 79 93 79 86 80 96 84 87 94 86 93 79 79 93 75 86 80 96 96 86 90 86 -2.91 4.86 1.41 1.29 -0.15 -1.26 29.14 61.29 12.84 41.63 -0.85 }
{425 22243 94 85 80 92 77 87 81 95 88 85 90 85 95 93 90 88 82 104 101 78 96 80 83 75 -0.67 5.62 3.05 1.27 0.47 -2.15 29.05 61.56 11.28 38.31 0.00 }
{429 22397 95 89 84 88 81 91 85 91 92 81 86 81 95 93 90 88 82 104 101 78 96 80 83 75 2.23 3.20 4.37 1.31 0.14 -1.04 29.05 62.30 10.52 34.79 -0.14 }
{433 22552 95 93 88 88 82 95 89 87 96 80 83 77 95 93 90 88 82 104 101 78 96 80 83 75 7.85 1.64 0.41 0.87 0.07 -0.72 29.05 62.57 10.41 32.24 -0.04 }
{437 22709 97 90 86 88 84 93 87 89 93 83 80 79 97 79 78 88 84 75 80 90 89 89 78 93 3.58 -1.95 1.25 0.71 -0.39 -1.11 29.05 65.98 9.75 29.43 0.10 }
{441 22860 97 86 82 88 84 89 83 90 89 87 78 83 97 79 78 88 84 75 80 90 89 89 78 93 1.70 -2.88 1.08 1.15 0.61 -1.81 29.05 67.32 8.89 26.74 0.67 }
{445 23012 97 82 78 88 84 85 80 90 89 89 78 87 97 79 78 88 84 75 80 90 89 89 78 93 0.46 -1.75 1.28 0.71 0.98 -1.66 29.05 65.98 8.38 24.52 1.09 }
{449 23164 97 80 79 89 85 81 81 91 90 90 79 91 97 91 79 95 85 75 93 96 102 91 92 96 -5.43 0.14 6.12 0.54 0.37 -1.43 29.14 65.98 7.93 21.17 1.22 }
{453 23317 97 84 79 93 85 77 85 95 94 91 83 95 97 91 79 95 85 75 93 96 102 91 92 96 -6.30 -3.29 7.94 0.00 1.31 -2.15 29.05 66.00 14.53 26.43 2.06 }
{457 23472 97 88 79 95 85 75 89 96 98 91 87 96 97 91 79 95 85 75 93 96 102 91 92 96 -7.20 1.15 0.87 0.78 0.79 -1.62 29.05 65.56 12.94 24.16 2.76 }
{461 23627 100 92 82 92 88 78 93 93 96 94 91 99 103 96 83 80 88 96 94 78 84 96 95 99 0.69 -0.64 4.31 0.24 0.76 -1.60 29.00 65.85 11.97 22.03 3.07 }
{465 23781 103 96 83 88 88 82 94 89 92 96 95 99 103 96 83 80 88 96 94 78 84 96 95 99 0.48 -6.04 -3.17 0.66 0.66 -2.00 29.05 67.90 18.01 21.44 4.23 }
{469 23938 100 93 85 88 87 86 97 85 93 93 92 96 95 85 85 88 87 93 97 79 93 88 80 75 8.49 14.88 0.40 -0.53 0.70 0.35 29.00 65.63 37.19 26.12 4.26 }
{473 24090 96 89 85 88 87 90 97 81 93 89 88 92 95 85 85 88 87 93 97 79 93 88 80 75 -4.70 -5.86 -8.64 -0.14 0.89 -0.51 29.05 65.72 48.62 44.48 2.80 }
{477 24248 93 89 83 86 88 90 95 81 95 86 85 92 81 102 75 82 88 78 87 86 99 75 85 93 3.76 -3.52 3.68 0.67 0.55 -0.94 29.09 67.30 45.35 40.96 2.00 }
{481 24400 89 93 79 82 88 86 91 85 99 82 85 93 81 102 75 82 88 78 87 86 99 75 85 93 -1.66 1.12 -18.98 2.13 1.11 -1.93 29.09 68.82 49.11 37.55 1.37 }
{485 24556 85 97 75 82 88 82 87 86 99 78 85 93 81 102 75 82 88 78 87 86 99 75 85 93 -2.85 -2.27 -10.53 2.37 1.31 -1.76 29.14 61.58 52.85 41.34 2.29 }
{489 24715 81 101 78 85 85 84 85 89 102 80 88 90 78 103 99 100 77 104 85 94 103 95 90 78 -1.00 2.17 -9.71 1.52 0.74 -1.86 29.24 61.52 47.80 38.73 2.14 }
{493 24872 78 103 82 89 81 88 85 93 103 84 90 86 78 103 99 100 77 104 85 94 103 95 90 78 13.97 5.62 -18.82 0.72 0.57 -0.67 29.05 61.63 43.80 35.79 1.23 }
{497 25036 79 102 86 91 77 92 86 93 102 88 91 84 80 79 90 76 76 101 86 84 88 89 102 84 8.39 3.59 -3.86 1.01 0.61 -0.87 29.05 61.96 40.24 33.04 0.92 }
{501 25193 82 98 90 87 78 92 88 93 98 87 92 86 95 82 100 83 89 87 100 95 92 75 92 101 4.78 0.75 0.87 0.90 0.60 -1.13 29.05 62.41 37.25 30.33 0.74 }
{505 25349 86 94 94 83 82 88 86 96 95 83 89 84 97 88 104 75 88 83 78 96 95 75 83 75 1.45 2.42 -0.72 1.38 0.29 0.08 29.05 65.61 34.85 28.19 2.11 }
{509 25499 90 90 98 79 86 84 82 96 95 79 85 80 97 88 104 75 88 83 78 96 95 75 83 75 -3.61 -6.91 -2.26 0.74 1.02 -1.53 29.00 61.04 45.67 32.72 2.42 }
{513 25656 94 87 100 77 87 82 80 95 96 77 84 78 102 81 86 101 76 79 84 81 99 87 103 89 3.42 -5.61 -15.80 1.29 0.45 -1.71 29.19 62.41 42.86 30.32 3.56 }
{517 25816 94 89 96 81 89 84 84 97 94 81 86 77 94 103 86 85 98 92 99 98 89 103 86 77 -0.33 -0.61 1.36 1.23 0.84 -1.62 29.09 70.00 46.13 27.58 3.92 }
{521 25970 94 93 92 85 93 88 88 98 90 85 86 77 94 103 86 85 98 92 99 98 89 103 86 77 2.28 -9.29 0.31 0.71 0.64 -0.66 29.05 61.96 50.84 29.57 3.71 }
{525 26127 91 91 94 88 97 86 86 98 92 89 83 75 78 84 104 104 101 86 82 98 104 103 79 75 -6.55 -5.69 -7.71 0.49 -0.42 -1.92 29.05 69.22 47.16 26.85 4.31 }
{529 26288 87 87 98 92 101 86 82 98 96 93 79 75 78 84 104 104 101 86 82 98 104 103 79 75 0.34 -3.95 -8.44 1.45 0.33 -1.84 29.14 67.86 49.61 24.52 5.10 }
{533 26448 88 83 101 94 102 83 85 95 96 97 82 78 88 79 101 94 102 79 104 79 96 104 91 92 -4.81 -3.20 1.18 0.27 -0.14 -1.85 29.09 66.28 46.30 22.18 5.28 }
{537 26609 90 82 99 92 100 83 85 91 94 97 86 82 104 82 88 86 80 91 79 90 76 77 103 103 -8.94 1.39 -5.54 0.67 1.01 -0.78 29.09 65.54 42.55 20.29 6.73 }
{541 26767 94 82 95 88 96 87 81 90 90 93 90 86 104 82 88 86 80 91 79 90 76 77 103 103 6.60 -4.36 3.83 1.43 0.15 -0.91 29.09 65.29 39.45 18.14 6.04 }
{545 26923 98 82 91 86 92 91 79 90 86 89 94 90 104 82 88 86 80 91 79 90 76 77 103 103 7.58 -0.74 0.67 1.28 0.42 -1.10 29.00 67.06 36.74 23.05 5.60 }
{549 27080 102 85 93 83 94 88 82 93 88 85 96 88 102 102 94 81 95 76 97 98 97 76 96 85 2.39 -0.91 -1.28 0.62 0.13 -0.87 29.05 68.13 34.11 20.93 5.96 }
{553 27238 99 89 91 85 92 90 86 97 86 87 99 90 78 93 75 95 84 99 97 99 85 87 104 102 -1.17 -1.60 4.12 1.35 0.87 -1.44 29.09 63.42 31.83 19.35 6.15 }
{557 27390 95 93 87 89 88 94 90 99 85 87 103 94 78 93 75 95 84 99 97 99 85 87 104 102 0.22 -2.48 -2.69 0.88 0.37 -1.66 29.14 69.72 29.15 37.83 7.11 }
{561 27549 91 92 85 91 84 96 92 100 86 86 103 96 77 87 88 76 78 77 76 101 93 86 85 81 9.06 5.06 4.95 1.13 0.22 -1.00 29.00 63.90 26.65 34.82 6.63 }
{565 27703 87 88 88 87 80 92 88 101 90 86 99 92 77 87 88 76 78 77 76 101 93 86 85 81 -0.77 1.38 -5.82 1.01 0.51 -1.20 29.19 62.56 24.87 31.97 6.58 }
{569 27858 83 87 88 83 78 88 84 101 93 86 95 88 77 87 88 76 78 77 76 101 93 86 85 81 5.00 -2.45 -2.99 1.16 0.35 -1.72 29.19 62.94 22.56 29.38 6.60 }
{573 28016 79 90 85 79 80 85 86 98 90 83 93 90 79 104 84 79 80 85 91 84 85 83 93 97 -5.63 -1.14 -6.35 1.30 1.11 -2.00 29.14 62.83 20.91 26.92 7.06 }
{577 28173 82 88 87 82 83 88 90 94 92 86 90 88 95 77 95 84 90 88 100 94 93 104 86 87 2.49 -1.70 -3.53 -0.16 0.10 -1.62 29.09 62.25 19.75 38.64 7.50 }
{581 28328 86 84 91 84 87 88 94 94 93 90 86 87 95 77 95 84 90 88 100 94 93 104 86 87 4.03 -1.93 19.53 1.06 0.79 -1.96 29.09 63.26 19.51 34.85 7.97 }
{585 28484 90 80 95 84 90 88 98 94 93 94 86 87 95 77 95 84 90 88 100 94 93 104 86 87 -2.62 -0.42 -0.88 0.77 -0.22 -1.79 29.05 66.19 31.76 32.09 9.11 }
{589 28644 94 76 96 85 93 91 99 97 90 92 85 87 99 75 96 85 103 96 99 104 80 84 85 87 -3.83 -3.87 -0.72 0.35 -0.45 -1.70 29.00 66.56 29.66 29.35 9.82 }
{593 28801 98 75 96 85 97 95 99 101 86 88 85 87 99 75 96 85 103 96 99 104 80 84 85 87 7.10 0.22 -6.20 1.37 -0.01 0.01 29.09 67.04 27.72 27.05 10.73 }
{597 28958 100 78 93 88 98 99 96 99 82 84 82 89 100 84 75 96 98 101 94 85 79 75 77 89 -3.26 -0.71 2.08 0.86 -0.61 -0.77 29.14 67.26 26.40 23.79 11.62 }
{601 29118 97 82 89 86 95 97 98 95 78 86 78 92 96 94 75 77 86 80 99 84 75 97 75 98 2.87 -4.12 2.34 0.62 -0.13 -1.16 29.05 62.59 24.78 21.32 11.90 }
{605 29273 96 86 85 82 91 93 99 91 75 90 75 96 96 94 75 77 86 80 99 84 75 97 75 98 -0.61 -2.35 9.71 -0.39 -0.15 -2.79 29.14 65.78 23.38 32.91 9.60 }
{609 29427 96 90 81 78 87 89 99 87 75 94 75 98 96 94 75 77 86 80 99 84 75 97 75 98 0.77 5.14 9.25 0.29 1.28 -2.05 29.00 64.84 21.84 37.29 9.43 }
{613 29581 93 94 81 80 88 85 102 83 78 92 78 95 87 96 81 83 88 77 104 82 78 79 83 81 -3.87 0.62 -1.40 0.14 0.86 -2.61 29.05 65.04 20.85 41.51 9.79 }
{617 29734 89 96 81 83 88 81 104 82 78 88 82 91 87 96 81 83 88 77 104 82 78 79 83 81 -3.37 1.41 -5.72 1.05 0.98 -1.69 29.00 64.71 18.67 39.25 9.80 }
{621 29890 87 96 81 83 88 77 104 82 78 84 83 87 87 96 81 83 88 77 104 82 78 79 83 81 1.53 -0.36 -1.83 0.78 0.41 -1.26 29.09 64.51 17.63 35.79 9.92 }
{625 30049 84 99 84 86 85 75 101 85 81 82 81 89 76 100 91 104 83 75 97 97 81 82 81 96 -11.28 -5.06 -9.59 0.67 -0.03 -1.43 29.05 64.24 16.02 32.41 9.69 }
{629 30208 80 100 88 90 83 75 97 89 81 82 81 93 76 100 91 104 83 75 97 97 81 82 81 96 -0.33 -4.71 -0.41 0.42 0.36 -0.85 29.14 65.58 20.19 29.57 9.80 }
{633 30367 82 98 86 88 82 78 94 87 78 85 84 91 86 98 81 80 82 98 91 78 77 90 85 78 2.68 0.31 -1.92 0.90 0.13 -0.79 29.05 64.26 17.76 26.78 9.33 }
{637 30519 86 98 82 84 82 82 91 83 77 89 85 87 86 98 81 80 82 98 91 78 77 90 85 78 2.34 -1.61 -7.01 0.72 0.20 -1.23 29.05 63.68 17.10 24.12 9.41 }
{641 30674 83 95 84 80 85 80 88 85 80 93 83 89 78 90 84 76 103 79 75 93 104 100 83 97 -14.35 3.41 -22.81 1.15 0.39 -1.14 29.14 63.55 22.97 21.95 10.20 }
{645 30832 79 91 84 76 89 79 84 89 84 97 83 93 78 90 84 76 103 79 75 93 104 100 83 97 -3.49 -4.24 -3.21 1.33 0.59 -0.91 29.05 62.10 20.06 19.43 11.66 }
{649 30993 79 91 85 77 91 80 82 93 86 99 84 97 97 101 101 91 78 89 89 97 84 97 103 104 -5.00 -0.65 -4.79 0.72 0.78 -1.68 29.05 63.08 39.02 17.46 12.18 }
{653 31152 83 95 89 81 87 84 86 97 84 97 88 101 97 101 101 91 78 89 89 97 84 97 103 104 3.74 -0.88 2.75 0.77 1.17 -0.88 29.09 62.66 35.72 15.52 12.10 }
{657 31312 87 99 93 85 89 88 85 94 87 94 92 99 90 101 102 97 93 95 85 83 87 90 103 85 5.91 -0.25 1.73 0.98 0.19 -1.64 29.05 61.98 33.04 13.84 11.87 }
{661 31469 91 98 91 87 87 86 82 96 88 96 90 101 97 98 88 87 76 84 76 101 88 104 76 102 -0.97 -2.76 -5.13 1.54 0.81 -1.87 29.19 62.30 51.29 12.58 12.31 }
{665 31628 95 98 88 87 83 84 78 100 88 100 86 102 97 98 88 87 76 84 76 101 88 104 76 102 8.60 -6.41 -4.64 1.67 0.48 -1.57 29.09 62.32 47.32 11.54 12.61 }
{669 31791 93 95 91 89 79 87 80 98 91 98 82 99 91 91 91 89 79 89 100 92 91 92 82 95 -0.03 -0.57 0.18 1.15 1.57 -1.26 29.19 63.33 57.43 10.45 12.96 }
{673 31944 91 91 91 89 79 89 84 94 91 94 82 95 91 91 91 89 79 89 100 92 91 92 82 95 0.52 -1.57 -4.17 1.12 0.99 -1.66 29.05 64.51 59.94 15.94 12.61 }
{677 32103 94 88 89 92 82 92 82 90 94 90 85 92 96 76 89 98 82 99 79 78 95 82 104 84 4.34 5.30 0.31 1.20 0.27 -2.08 29.09 62.88 55.65 14.74 12.98 }
{681 32257 95 86 90 94 83 94 80 88 94 86 89 88 89 99 96 77 104 89 102 98 85 84 95 78 9.35 2.31 5.18 0.96 0.38 -0.85 29.09 62.10 51.37 13.04 12.94 }
{685 32410 91 90 94 90 87 90 84 92 90 84 93 84 89 99 96 77 104 89 102 98 85 84 95 78 -2.16 -2.67 0.20 0.38 0.31 -2.29 29.00 62.94 47.46 11.81 13.21 }
{689 32567 89 94 96 86 91 89 88 96 86 84 95 80 89 99 96 77 104 89 102 98 85 84 95 78 0.45 0.30 0.28 0.72 1.29 -1.83 29.19 64.22 57.07 10.61 11.55 }
{693 32724 86 92 93 88 95 86 86 100 82 81 95 82 76 80 78 104 101 78 76 103 76 78 95 93 -8.10 -8.16 -0.70 1.93 0.33 -2.30 29.05 66.27 59.25 16.96 12.64 }
{697 32883 82 88 89 92 99 82 82 103 78 78 95 86 76 80 78 104 101 78 76 103 76 78 95 93 2.05 1.79 3.56 2.22 0.82 -1.49 29.09 67.01 53.93 21.77 12.73 }
{701 33040 78 84 85 96 101 78 78 103 76 78 95 90 76 80 78 104 101 78 76 103 76 78 95 93 2.80 1.24 -4.40 1.42 1.14 -0.89 29.14 66.14 56.98 25.65 11.31 }
{705 33201 80 86 87 94 98 81 77 100 75 81 92 94 91 97 104 76 89 96 77 80 75 99 87 101 1.27 -1.28 4.31 0.96 0.86 -1.12 29.09 65.38 52.54 23.38 8.83 }
{709 33355 84 90 91 90 94 85 77 96 75 85 88 98 91 97 104 76 89 96 77 80 75 99 87 101 3.42 0.36 5.86 1.26 0.76 -1.27 29.14 64.37 54.99 20.91 10.28 }
{713 33509 88 94 95 86 90 89 77 92 75 89 87 101 91 97 104 76 89 96 77 80 75 99 87 101 7.97 4.42 5.30 0.80 0.97 0.19 29.00 62.97 50.81 18.53 9.80 }
{717 33665 91 92 93 82 86 93 80 94 78 87 90 98 91 88 79 76 84 100 94 103 83 83 102 78 6.92 2.71 -2.14 1.47 1.30 -1.71 29.09 63.15 54.96 16.77 8.99 }
{721 33819 91 88 89 78 84 97 84 98 82 83 94 94 91 88 79 76 84 100 94 103 83 83 102 78 5.53 2.37 0.14 1.31 0.73 -0.51 29.14 63.10 51.02 28.61 8.02 }
{725 33974 91 88 85 76 84 100 88 102 83 83 98 90 91 88 79 76 84 100 94 103 83 83 102 78 6.02 -3.87 6.43 1.51 0.94 -0.71 29.05 66.23 46.65 40.47 6.41 }
{729 34134 88 85 81 79 87 103 90 104 81 83 101 86 83 84 81 83 101 104 90 104 81 83 101 84 -1.02 -1.51 -14.88 2.05 0.31 -2.11 29.00 65.33 44.28 43.36 7.78 }
{733 34295 84 84 81 83 91 104 90 104 81 83 101 84 83 84 81 83 101 104 90 104 81 83 101 84 -1.05 -2.33 -7.24 1.34 0.28 -1.98 29.05 63.23 40.90 39.62 7.81 }
{737 34459 85 86 83 85 91 103 92 103 79 85 99 86 92 101 103 96 88 103 95 103 76 86 83 102 2.08 0.54 -3.95 1.61 -0.05 -0.63 29.09 63.62 38.21 36.69 8.45 }
{741 34620 89 90 87 89 88 103 95 103 76 86 95 90 76 103 103 78 100 101 83 103 94 104 88 102 8.97 1.85 23.18 0.63 -0.32 -0.95 29.05 71.71 35.38 33.21 8.68 }
{745 34784 85 94 91 85 92 101 91 103 80 90 91 94 76 103 103 78 100 101 83 103 94 104 88 102 -5.32 -3.80 1.66 0.90 0.37 -1.19 29.09 70.34 32.66 30.43 8.63 }
{749 34949 87 98 89 87 96 98 89 100 78 94 87 92 98 103 88 100 96 90 89 97 77 94 86 80 -0.94 -6.93 5.65 2.37 0.16 -2.05 29.14 68.98 29.47 28.03 6.87 }
{753 35103 91 102 88 91 96 94 89 97 77 94 86 88 98 103 88 100 96 90 89 97 77 94 86 80 12.75 -4.35 10.53 0.42 -0.01 -1.16 29.09 70.16 27.99 25.47 6.55 }
{757 35264 93 100 91 89 93 90 90 100 80 97 83 88 93 95 99 85 93 90 90 104 90 102 82 88 -2.06 -2.79 -1.59 1.14 0.27 -1.80 29.19 72.26 26.23 23.04 7.34 }
{761 35424 91 96 95 91 96 93 87 98 84 95 85 91 91 79 98 100 99 100 81 84 89 88 101 98 1.32 -1.29 1.24 0.50 0.01 -1.05 29.14 68.33 23.92 20.49 7.55 }
{765 35577 91 92 98 95 99 97 83 94 88 91 89 95 91 79 98 100 99 100 81 84 89 88 101 98 5.70 3.56 9.08 0.95 -0.08 0.01 29.09 66.99 22.11 18.60 7.31 }
{769 35735 94 89 95 93 96 95 85 90 92 87 87 99 102 89 95 82 90 85 97 90 99 77 76 100 -6.00 2.56 7.51 0.95 0.41 -1.06 29.05 68.62 27.13 17.20 8.26 }
{773 35887 98 89 95 89 92 91 89 90 96 83 83 100 102 89 95 82 90 85 97 90 99 77 76 100 2.42 0.77 -0.56 1.85 0.66 -2.26 29.05 64.69 25.47 22.37 9.27 }
{777 36042 102 89 95 85 90 87 93 90 99 79 79 100 102 89 95 82 90 85 97 90 99 77 76 100 -7.98 -4.21 2.20 2.21 0.84 -1.79 29.14 66.70 23.36 20.48 10.35 }
{781 36203 101 86 92 87 93 85 91 93 100 81 79 97 101 85 85 87 98 85 80 95 100 82 79 83 0.40 -3.14 2.29 1.26 0.66 -1.86 29.09 65.65 21.48 18.39 10.76 }
{785 36360 101 85 88 87 97 85 87 95 100 82 79 93 101 85 85 87 98 85 80 95 100 82 79 83 5.94 -5.43 -9.50 1.21 0.70 -1.26 29.05 65.94 21.12 15.22 9.55 }
{789 36517 101 85 85 87 98 85 83 95 100 82 79 89 101 85 85 87 98 85 80 95 100 82 79 83 1.33 -1.46 -6.15 1.51 0.46 -1.70 29.05 66.56 26.54 13.80 9.37 }
{793 36678 98 85 88 90 97 88 85 98 97 85 82 85 91 85 90 104 97 93 88 102 81 97 84 83 1.30 -2.01 -3.69 0.60 0.44 -1.31 29.05 66.94 24.67 12.21 9.28 }
{797 36835 100 82 92 90 94 86 89 96 93 89 81 87 104 77 100 90 94 76 96 89 79 97 81 88 -1.81 -4.27 -6.34 0.37 0.46 -1.44 29.14 65.94 23.08 11.29 10.22 }
{801 36994 98 78 95 93 97 88 87 96 95 93 84 89 94 76 95 99 100 103 77 96 101 95 103 89 -3.52 3.61 -0.92 1.12 0.82 -1.19 29.09 64.76 20.93 10.13 10.67 }
{805 37152 100 80 92 91 95 91 89 93 93 91 88 89 103 96 92 85 89 91 94 90 88 87 104 89 7.07 -1.31 5.59 0.99 0.29 -1.58 29.09 65.92 32.89 9.27 10.48 }
{809 37308 101 84 95 93 97 94 93 89 89 93 86 86 101 91 95 97 98 98 100 83 76 103 86 86 3.59 -0.77 1.42 0.14 0.12 -1.21 29.05 66.56 31.04 15.23 11.29 }
{813 37465 101 88 95 97 98 98 97 85 85 97 86 86 101 91 95 97 98 98 100 83 76 103 86 86 2.74 -0.91 10.08 -0.10 0.69 -1.56 29.09 65.40 29.00 20.57 11.82 }
{817 37624 101 91 95 97 98 98 100 83 81 101 86 86 101 91 95 97 98 98 100 83 76 103 86 86 0.16 2.94 8.31 0.65 0.52 -1.91 29.14 64.53 27.17 18.11 11.45 }
{821 37785 98 92 92 94 95 95 98 86 83 99 83 89 79 93 88 84 91 79 102 92 98 96 82 99 -0.70 0.77 4.09 0.59 0.19 -1.64 29.05 65.54 25.35 16.20 11.41 }
{825 37939 94 93 88 90 91 91 102 90 87 96 82 93 79 93 88 84 91 79 102 92 98 96 82 99 -3.54 4.40 -6.21 0.73 1.27 -0.77 29.05 65.13 30.13 28.06 9.74 }
{829 38094 90 93 88 86 91 87 102 92 91 96 82 97 79 93 88 84 91 79 102 92 98 96 82 99 -11.74 2.68 -14.29 1.94 1.58 -3.19 29.09 63.79 35.14 31.86 9.65 }
{833 38254 88 94 89 85 90 85 101 91 95 95 81 98 101 94 103 95 88 101 101 90 99 77 78 76 -7.86 0.04 -1.86 0.98 1.78 -2.70 29.09 63.24 46.31 29.36 9.53 }
{837 38412 92 94 93 89 88 89 101 90 99 91 78 94 101 94 103 95 88 101 101 90 99 77 78 76 8.25 3.14 -2.40 0.53 0.54 -1.11 29.00 63.71 42.53 26.82 9.72 }
{841 38569 96 94 97 93 88 93 101 90 99 87 78 90 101 94 103 95 88 101 101 90 99 77 78 76 53.76 2.15 -16.91 0.88 0.66 -0.79 29.09 63.10 39.43 24.42 10.35 }
{845 38733 94 97 95 91 91 91 98 87 96 89 81 92 86 97 80 91 99 83 85 76 95 100 99 97 -3.00 -4.91 -9.25 1.15 0.52 -0.71 29.14 63.86 36.84 21.97 10.15 }
{849 38888 90 97 91 91 95 87 94 83 95 93 85 96 86 97 80 91 99 83 85 76 95 100 99 97 -3.19 -1.63 6.37 1.05 1.15 -2.09 29.05 63.93 40.79 20.33 10.98 }
{853 39045 86 97 87 91 99 83 90 79 95 97 89 97 86 97 80 91 99 83 85 76 95 100 99 97 -7.13 -5.95 -6.05 0.50 0.53 -2.19 29.05 64.62 50.89 18.36 11.76 }
{857 39203 83 94 89 94 96 86 92 81 98 101 87 94 82 84 100 94 86 95 103 104 104 102 84 81 2.58 -2.56 -6.61 0.71 1.24 -1.20 29.14 63.37 53.01 17.19 10.90 }
{861 39362 82 90 93 94 92 90 96 85 102 102 84 90 82 84 100 94 86 95 103 104 104 102 84 81 12.40 2.86 1.08 -0.46 1.65 0.60 29.09 64.13 54.52 22.41 10.43 }
{865 39524 82 86 97 94 88 94 100 89 104 102 84 86 82 84 100 94 86 95 103 104 104 102 84 81 6.39 4.16 -1.98 1.13 1.37 -0.93 29.05 63.79 57.36 20.51 10.16 }
{869 39689 81 86 95 93 89 96 98 93 103 100 85 88 97 78 75 101 89 102 86 96 103 100 77 95 2.31 1.39 -0.47 1.50 1.05 -1.32 29.14 63.35 52.93 18.59 10.07 }
{873 39846 85 82 91 97 89 100 94 96 103 100 81 92 97 78 75 101 89 102 86 96 103 100 77 95 7.74 -0.50 6.18 1.67 0.91 -1.69 29.19 63.62 55.47 16.85 10.38 }
{877 40009 83 84 93 95 92 98 90 93 100 97 83 90 76 97 99 90 100 87 78 77 88 96 86 84 2.69 -3.99 -8.50 1.93 0.80 -0.99 29.00 65.11 51.13 15.32 9.55 }
{881 40165 85 88 97 97 90 94 86 90 102 99 87 86 75 79 86 101 96 89 100 97 88 98 91 103 -0.90 -6.85 -6.09 0.25 1.39 -1.62 29.14 64.93 67.22 13.63 8.97 }
{885 40323 81 84 93 101 94 90 90 94 98 98 91 90 75 79 86 101 96 89 100 97 88 98 91 103 2.95 -3.26 1.91 0.99 0.79 -0.83 29.09 64.20 61.76 12.24 8.89 }
{889 40479 77 80 89 101 96 89 94 97 94 98 91 94 75 79 86 101 96 89 100 97 88 98 91 103 -1.19 -0.39 0.76 1.92 1.45 -1.80 29.19 64.18 63.47 11.04 8.59 }
{893 40639 79 82 85 98 93 92 94 94 96 95 88 92 93 88 84 87 78 95 94 77 102 87 87 82 2.03 0.33 0.75 1.84 0.12 -1.49 29.09 63.71 58.85 10.22 7.22 }
{897 40791 83 86 84 94 89 95 94 90 100 91 87 88 93 88 84 87 78 95 94 77 102 87 87 82 19.96 9.67 -5.66 1.83 1.11 -0.27 29.19 63.77 62.17 8.98 6.91 }
{901 40946 87 85 84 90 86 92 97 92 98 93 87 90 88 85 84 75 86 80 103 97 90 95 87 103 2.63 0.34 3.60 0.91 1.45 -1.97 29.00 64.55 71.03 8.16 6.50 }
{905 41098 88 85 84 86 86 88 101 96 94 95 87 94 88 85 84 75 86 80 103 97 90 95 87 103 -8.30 -2.30 2.53 1.14 1.65 -1.78 29.05 64.17 79.81 7.69 7.50 }
{909 41253 88 85 84 82 86 84 103 97 90 95 87 98 88 85 84 75 86 80 103 97 90 95 87 103 0.20 1.09 7.45 1.14 2.07 -1.29 29.14 62.48 87.41 6.89 7.46 }
{913 41410 85 88 87 84 89 86 100 100 88 94 90 96 84 94 88 85 96 90 97 102 88 94 101 89 1.97 -3.06 -4.03 1.34 1.20 -1.51 29.05 63.19 102.10 6.13 7.82 }
{917 41566 84 92 88 85 93 90 97 102 88 94 94 92 84 94 88 85 96 90 97 102 88 94 101 89 -1.71 -3.44 -2.37 1.70 0.65 -1.00 29.19 64.47 114.71 5.35 7.34 }
{921 41726 87 96 91 88 91 93 99 99 85 91 98 90 87 98 100 104 82 97 99 87 79 91 102 90 13.87 2.25 -3.68 0.83 0.74 -0.14 29.14 64.20 105.59 4.62 7.10 }
{925 41881 87 98 95 92 87 97 99 95 81 91 102 90 87 98 100 104 82 97 99 87 79 91 102 90 6.77 2.75 5.15 0.76 1.17 -0.67 29.05 64.24 103.96 3.47 6.42 }
{929 42037 87 98 99 96 83 97 99 91 79 91 102 90 87 98 100 104 82 97 99 87 79 91 102 90 3.81 -1.51 9.94 0.03 0.55 -1.36 29.09 62.79 95.36 9.81 5.21 }
{933 42194 84 95 97 94 85 100 96 87 82 94 101 88 77 91 97 94 91 104 94 83 85 98 101 88 6.05 -0.25 -2.85 0.54 -0.18 -1.19 29.09 63.10 87.93 8.31 5.00 }
{937 42353 80 97 94 92 86 98 92 89 80 92 98 87 80 103 82 92 86 91 86 98 79 78 77 87 1.42 -3.23 -5.02 0.72 0.33 -0.83 29.05 63.57 80.68 7.31 4.56 }
{941 42505 80 101 90 92 86 94 88 93 79 88 94 87 80 103 82 92 86 91 86 98 79 78 77 87 4.37 0.94 -0.61 0.28 0.62 -1.41 29.09 62.72 74.39 19.74 2.72 }
{945 42660 80 103 86 92 86 91 86 97 79 84 90 87 80 103 82 92 86 91 86 98 79 78 77 87 3.16 -1.72 -4.05 0.72 0.14 -1.23 29.05 64.37 68.89 24.60 2.41 }
{949 42817 81 102 84 91 87 90 87 97 80 82 86 86 86 76 97 88 88 85 95 89 90 82 75 86 3.33 3.49 8.41 1.85 0.88 -1.20 29.19 63.52 63.08 22.53 1.91 }
{953 42971 85 98 82 93 91 92 91 99 81 81 82 89 101 98 75 94 91 97 93 99 81 81 77 100 -1.75 -5.52 0.17 1.21 0.71 -1.55 29.05 64.98 79.33 21.13 2.97 }
{957 43127 83 95 84 97 88 96 92 96 78 84 82 89 82 76 103 99 85 102 92 96 77 87 82 89 4.00 2.30 -3.60 0.78 0.46 -0.56 29.05 68.55 74.31 19.27 4.56 }
{961 43280 82 91 88 99 85 100 92 96 77 87 82 89 82 76 103 99 85 102 92 96 77 87 82 89 4.87 -0.06 -1.79 0.96 0.26 -0.86 29.09 62.74 69.01 17.36 4.89 }
{965 43439 85 87 92 96 84 98 92 93 80 90 80 92 100 82 98 83 84 98 92 76 90 102 80 92 9.04 2.42 -6.47 0.19 0.56 -0.48 29.00 64.17 63.51 22.73 4.72 }
{969 43592 89 83 96 92 84 98 92 89 84 94 80 92 100 82 98 83 84 98 92 76 90 102 80 92 3.82 3.72 6.24 0.42 -0.17 -1.07 29.09 63.90 58.23 27.84 4.75 }
{973 43749 87 85 94 88 87 95 89 91 82 92 83 94 79 89 94 84 101 95 76 101 77 78 100 94 -0.39 -2.19 0.58 0.90 0.86 -1.72 29.05 63.55 53.75 25.28 4.77 }
{977 43906 89 89 91 90 91 92 85 93 78 94 87 97 82 102 93 95 79 79 80 88 84 101 90 78 2.63 -3.40 3.21 2.23 -0.22 -3.06 29.09 63.57 48.98 29.09 3.64 }
{981 44060 85 93 93 94 87 88 81 89 82 98 90 93 82 102 93 95 79 79 80 88 84 101 90 78 -0.81 -6.65 -13.08 0.07 0.35 -0.86 29.09 63.93 52.19 26.40 3.95 }
{985 44220 81 91 93 92 87 84 83 91 80 96 92 95 77 86 93 79 87 76 85 101 75 88 92 103 -4.93 -1.17 -3.72 0.83 0.97 -1.53 29.09 62.47 55.65 23.97 4.31 }
{989 44376 77 87 93 88 87 80 85 95 76 92 92 99 77 86 93 79 87 76 85 101 75 88 92 103 -5.00 -1.41 0.60 1.92 1.23 -1.07 29.05 62.77 58.41 28.87 4.68 }
{993 44532 80 84 96 88 84 81 85 99 78 94 89 97 102 84 100 88 78 81 85 103 104 102 89 80 5.47 0.07 -1.86 1.02 0.69 -1.05 29.05 62.54 53.97 26.24 4.74 }
{997 44689 84 84 100 88 80 81 85 103 82 98 89 93 102 84 100 88 78 81 85 103 104 102 89 80 4.23 -2.91 -5.05 0.92 0.92 -0.94 29.05 62.48 50.45 23.78 4.88 }
{1001 44850 88 87 97 85 82 84 88 100 86 102 86 91 102 90 92 79 90 103 92 84 100 104 81 91 9.73 1.46 3.16 1.96 0.77 -1.65 29.14 62.63 47.90 24.73 5.31 }
{1005 45009 92 90 93 81 86 88 92 96 90 104 82 91 102 90 92 79 90 103 92 84 100 104 81 91 1.55 -0.53 -7.94 0.72 0.24 -2.69 29.00 62.54 44.75 35.52 6.79 }
{1009 45166 96 90 92 79 90 92 92 92 94 104 81 91 102 90 92 79 90 103 92 84 100 104 81 91 -1261.73 33.98 -1.17 0.20 1.42 -0.05 37.06 63.86 45.93 45.32 9.02 }
{1013 45336 94 87 95 82 87 90 89 94 98 101 84 88 90 77 103 88 84 88 88 98 104 96 99 79 4.72 1.36 -6.05 0.45 0.23 -1.04 29.09 63.64 42.77 41.38 9.03 }
{1017 45493 96 89 93 80 85 88 85 97 102 98 86 90 97 91 84 80 85 88 75 97 103 98 86 102 5.38 3.18 6.00 0.75 0.62 -1.74 29.14 62.92 38.38 37.65 8.39 }
{1023 45648 97 91 87 80 85 88 79 97 103 98 86 96 97 91 84 80 85 88 75 97 103 98 86 102 268.03 33.98 -1.17 0.20 3.25 93.72 37.06 63.93 44.20 63.20 8.39 }
{1027 45806 97 91 84 80 85 88 75 97 103 98 86 100 97 91 84 80 85 88 75 97 103 98 86 102 1.06 -4.97 3.53 0.22 0.68 -0.43 29.05 63.80 39.90 65.74 8.64 }
{1031 45967 100 88 87 83 88 85 78 100 100 95 89 101 102 93 89 91 93 97 98 95 89 89 98 88 3.70 -0.82 2.75 0.81 0.81 -0.96 29.09 64.46 43.29 60.02 8.12 }
{1035 46125 102 92 89 87 92 89 82 96 96 91 93 97 102 93 89 91 93 97 98 95 89 89 98 88 -5.39 -5.38 16.43 1.25 0.34 -1.23 29.05 63.75 39.74 69.19 9.52 }
{1039 46284 99 92 86 91 90 87 86 94 92 89 92 99 84 92 84 92 86 78 98 94 85 89 92 99 1.21 0.16 10.83 0.92 0.87 -1.51 29.14 64.75 57.19 63.37 10.16 }
{1043 46439 101 89 88 95 86 89 84 91 88 92 95 99 103 85 93 103 76 92 77 88 85 101 95 99 3.67 -0.80 -3.48 0.22 0.92 -1.78 29.00 64.18 52.57 65.22 10.99 }
{1047 46600 101 88 92 95 86 89 80 91 88 92 93 97 95 88 94 79 100 86 76 95 92 85 89 80 4.77 0.97 5.44 -0.17 1.00 -1.37 29.05 64.33 62.63 66.75 11.53 }
{1051 46756 97 85 90 91 84 91 82 89 86 88 90 93 89 77 79 85 81 92 86 80 84 76 90 85 1.38 -0.13 -0.58 0.68 0.74 -1.56 29.14 64.13 57.84 61.11 11.40 }
{1055 46911 93 81 86 87 81 92 86 85 84 84 90 89 89 77 79 85 81 92 86 80 84 76 90 85 6.95 5.21 -8.87 1.17 1.84 -0.89 29.09 65.22 60.73 56.20 11.67 }
{1059 47068 90 83 88 89 84 89 89 87 87 86 93 85 90 94 99 98 99 89 99 89 98 100 102 82 5.47 -2.35 -3.07 -1.13 0.81 -1.95 29.09 65.18 58.44 72.05 10.85 }
{1063 47226 88 87 92 93 84 91 92 91 91 90 93 85 77 89 97 104 84 98 92 95 95 91 81 97 6.51 4.39 7.62 0.11 0.96 -2.53 29.09 64.89 54.46 74.06 11.50 }
{1067 47380 84 89 96 97 84 95 92 95 95 91 89 89 77 89 97 104 84 98 92 95 95 91 81 97 4.28 1.18 -1.57 1.00 0.43 -1.21 29.00 63.73 50.57 68.09 11.46 }
{1071 47537 83 91 96 99 86 95 90 93 97 90 89 89 83 101 96 99 92 83 75 87 102 90 96 81 6.39 1.27 -0.61 1.05 0.02 -1.12 29.05 63.53 47.09 62.49 10.59 }
{1075 47694 80 89 93 96 84 97 92 95 95 88 93 85 75 80 93 84 77 98 97 101 83 88 101 81 3.65 1.14 -2.01 1.03 0.90 -1.48 29.05 64.28 43.46 57.24 9.52 }
{1079 47849 76 85 93 92 80 98 96 99 91 88 97 81 75 80 93 84 77 98 97 101 83 88 101 81 3.07 0.78 -7.05 1.65 1.12 -1.64 29.14 63.53 40.04 59.15 8.81 }
{1083 48007 78 81 90 88 82 101 100 99 93 85 95 84 88 76 81 77 86 104 102 99 97 75 77 90 5.96 4.10 7.21 1.65 1.27 -2.03 29.05 64.08 37.33 54.74 8.65 }
{1087 48162 82 77 86 84 86 104 102 99 97 81 91 88 88 76 81 77 86 104 102 99 97 75 77 90 7.59 -0.06 -1.77 2.51 1.12 -1.72 29.05 63.95 34.85 57.14 8.68 }
{1091 48321 86 76 82 80 86 104 102 99 97 77 87 90 88 76 81 77 86 104 102 99 97 75 77 90 1.79 -1.35 -1.62 1.55 0.95 -1.66 29.09 62.99 32.77 52.34 7.84 }
{1095 48482 84 79 84 78 89 101 101 100 94 79 89 87 77 96 87 78 92 92 101 100 76 104 94 82 -4.00 -2.51 -10.11 1.45 0.33 -1.24 29.00 63.21 30.57 48.00 8.06 }
{1099 48644 80 83 87 78 92 97 101 100 90 83 93 83 77 96 87 78 92 92 101 100 76 104 94 82 -1.66 -1.89 -2.61 1.62 0.10 -1.29 29.09 64.67 34.62 43.97 7.39 }
{1103 48804 77 87 87 78 92 93 101 100 86 87 94 82 77 96 87 78 92 92 101 100 76 104 94 82 3.24 -1.78 -2.08 0.84 0.87 -1.47 29.14 63.52 31.58 40.41 6.39 }
{1107 48966 75 91 90 81 95 89 102 97 88 85 91 83 75 101 100 96 102 84 102 88 90 84 77 83 -7.00 -4.22 -0.12 0.96 -0.02 -2.10 29.05 63.62 29.00 36.92 6.20 }
{1111 49128 76 93 94 83 97 85 101 93 91 85 89 83 94 93 102 79 96 82 81 75 97 96 95 83 4.63 0.89 7.41 0.62 -0.57 -1.19 29.09 64.04 26.93 47.53 6.46 }
{1115 49284 80 93 98 79 96 82 97 89 95 89 93 83 94 93 102 79 96 82 81 75 97 96 95 83 1.44 0.07 7.68 0.11 1.05 -1.34 29.09 62.54 38.37 50.88 6.49 }
{1119 49436 84 93 102 79 96 82 93 85 97 93 95 83 94 93 102 79 96 82 81 75 97 96 95 83 4.23 -2.56 2.72 -0.09 0.48 -0.65 29.09 63.59 41.31 53.63 6.70 }
{1123 49595 88 91 102 81 94 84 93 81 95 93 93 85 94 79 102 97 84 102 95 76 89 89 75 100 2.49 -3.29 9.08 0.09 0.93 -1.27 29.00 63.32 51.79 56.30 7.39 }
{1127 49753 92 87 102 85 90 88 95 77 91 89 89 89 94 79 102 97 84 102 95 76 89 89 75 100 1.09 5.36 8.37 0.83 0.65 -0.44 29.09 64.09 47.84 51.64 8.18 }
{1131 49911 92 83 99 89 86 92 98 79 93 92 91 92 92 80 80 89 75 103 102 88 102 99 103 92 6.26 0.75 -4.90 1.59 1.38 -0.54 28.95 64.29 50.90 46.97 8.56 }
{1135 50067 92 80 95 89 82 96 102 83 97 96 95 92 92 80 80 89 75 103 102 88 102 99 103 92 10.29 6.42 2.76 1.46 0.91 -2.08 29.09 63.90 52.65 48.97 9.06 }
{1139 50228 95 83 91 86 84 94 99 87 95 100 93 95 104 75 97 102 90 77 99 100 75 86 88 86 4.36 -1.44 -2.09 1.50 -0.02 -1.53 29.14 64.17 48.77 52.11 12.50 }
{1143 50387 99 79 95 90 88 90 99 91 91 96 89 91 104 75 97 102 90 77 99 100 75 86 88 86 -4.67 -5.77 5.45 1.63 0.79 -0.99 29.09 63.97 44.82 47.28 11.86 }
{1147 50547 103 75 97 94 90 86 99 95 87 92 88 87 104 75 97 102 90 77 99 100 75 86 88 86 -4.56 -6.45 -3.05 1.04 0.32 -1.85 29.14 64.51 55.46 42.78 12.34 }
{1151 50708 104 75 97 98 90 82 99 99 83 88 88 86 104 75 97 102 90 77 99 100 75 86 88 86 2.13 -0.10 7.56 1.04 0.70 -1.01 29.05 65.34 50.90 39.00 12.37 }
{1155 50869 101 78 100 102 87 84 98 97 79 84 91 83 76 95 104 102 79 103 98 83 76 77 104 81 2.02 0.04 2.96 0.50 -0.00 -1.61 29.09 64.91 47.07 35.34 12.82 }
{1159 51031 97 78 98 99 83 88 95 93 75 81 95 85 97 78 84 84 79 91 82 87 75 81 96 90 14.68 3.61 -2.55 1.14 0.84 -0.24 29.05 65.51 43.47 32.23 12.81 }
{1163 51185 97 78 94 95 79 91 91 89 75 81 96 89 97 78 84 84 79 91 82 87 75 81 96 90 7.23 1.38 6.17 0.70 -0.12 -0.76 29.19 64.38 39.87 28.93 12.12 }
{1167 51340 97 78 90 91 79 91 87 87 75 81 96 90 97 78 84 84 79 91 82 87 75 81 96 90 4.34 2.65 -3.77 0.76 0.32 -1.91 29.09 64.95 37.40 32.26 10.80 }
{1171 51494 97 78 86 87 79 91 83 87 75 81 96 90 91 89 82 90 80 91 79 76 86 95 81 104 1.67 -1.23 -11.07 1.17 0.29 -1.71 29.00 64.84 34.78 29.37 10.95 }
{1175 51653 93 82 82 90 80 91 79 83 79 85 92 94 91 89 82 90 80 91 79 76 86 95 81 104 2.80 -5.19 -0.78 0.99 0.16 -1.01 29.14 65.18 31.86 40.01 10.83 }
{1179 51810 91 86 82 90 80 91 79 79 83 89 88 98 91 89 82 90 80 91 79 76 86 95 81 104 -1.23 0.31 3.51 -0.12 0.32 -1.91 29.05 65.36 29.91 43.82 11.08 }
{1183 51970 88 90 79 87 83 94 82 81 87 93 88 96 78 82 78 98 93 79 101 78 75 86 101 100 1.33 -3.54 -2.69 0.49 0.91 -1.81 29.00 64.58 27.92 46.84 11.05 }
{1187 52127 84 86 78 91 87 90 86 78 83 89 92 100 78 82 78 98 93 79 101 78 75 86 101 100 1.68 -0.76 -0.17 0.49 0.16 -0.79 29.00 63.82 25.71 42.76 10.28 }
{1191 52287 80 82 78 95 91 86 90 78 79 86 96 100 78 82 78 98 93 79 101 78 75 86 101 100 -4.93 -2.64 6.26 0.28 0.63 -2.03 29.09 63.17 24.09 46.19 11.12 }
{1195 52448 80 85 81 99 95 88 88 81 81 83 98 97 80 93 100 104 96 89 75 81 87 78 98 80 -1.92 -1.73 6.96 0.24 -0.12 -1.12 29.14 63.86 22.38 42.35 11.32 }
{1199 52605 80 89 85 103 96 89 84 81 85 79 98 93 80 93 100 104 96 89 75 81 87 78 98 80 4.97 -2.27 -2.98 0.74 -0.37 -0.58 29.05 63.35 28.17 39.04 10.86 }
{1203 52768 83 93 89 101 93 86 80 78 89 81 95 95 90 97 93 90 87 85 76 75 98 92 84 95 2.23 2.30 -11.60 0.29 0.17 -0.51 29.05 64.31 26.35 42.77 10.87 }
{1207 52925 87 91 93 101 95 82 81 75 93 79 91 92 94 87 94 101 104 76 81 75 96 75 77 76 -0.58 -1.14 -1.51 0.48 0.22 -1.67 29.05 63.57 24.65 39.21 11.53 }
{1211 53084 91 87 94 101 99 78 81 75 96 75 87 88 94 87 94 101 104 76 81 75 96 75 77 76 1.94 2.52 3.88 1.41 0.17 -1.53 29.05 63.84 22.63 36.19 12.22 }
{1215 53239 94 87 94 101 103 76 81 75 96 75 83 84 85 89 102 88 100 93 76 91 88 93 91 75 7.12 -5.17 -5.72 0.31 0.78 -1.58 29.05 64.82 27.20 32.86 13.45 }
{1219 53402 92 90 96 97 99 78 79 79 94 79 87 81 103 98 83 79 104 101 78 87 98 91 104 80 3.07 -0.42 -6.85 0.73 0.14 -1.40 29.09 64.98 25.42 29.81 13.20 }
{1223 53561 96 94 92 93 103 82 78 83 98 83 91 80 103 98 83 79 104 101 78 87 98 91 104 80 2.55 -0.88 -5.25 1.12 0.76 -1.40 29.00 64.53 23.50 27.33 13.70 }
{1227 53724 94 92 94 89 101 86 81 81 101 87 92 83 77 86 102 86 94 99 92 81 101 91 92 98 -8.16 11.47 -1.79 1.03 1.09 -1.14 29.09 64.93 21.94 45.60 15.20 }
{1231 53883 90 88 98 86 97 90 85 81 101 91 92 87 77 86 102 86 94 99 92 81 101 91 92 98 -4.50 0.85 -1.83 -0.79 1.15 -1.17 29.09 64.18 18.81 41.99 16.24 }
{1235 54043 86 86 102 86 94 94 89 81 101 91 92 91 77 86 102 86 94 99 92 81 101 91 92 98 9.33 6.33 10.26 0.66 1.62 -0.21 29.24 64.18 23.89 38.46 15.70 }
{1239 54204 88 89 102 83 91 92 93 80 98 88 89 95 92 95 102 75 81 88 98 80 85 77 81 101 -0.88 1.94 4.21 1.26 1.90 -1.23 29.00 63.52 29.28 35.08 15.99 }
{1243 54362 92 89 100 83 87 89 93 82 94 88 85 95 102 78 82 101 80 89 81 103 78 96 82 86 6.54 -0.18 3.63 0.59 0.88 -0.99 29.05 63.42 27.49 31.38 16.19 }
{1247 54520 96 85 96 87 83 89 89 86 90 92 82 91 102 78 82 101 80 89 81 103 78 96 82 86 5.85 -2.33 -4.58 0.54 0.54 -1.53 29.14 63.93 25.56 28.11 16.75 }
{1251 54680 94 87 98 90 84 92 89 85 92 90 79 87 79 99 104 90 84 93 89 85 102 88 77 80 2.71 -0.25 1.13 0.62 0.42 -1.53 29.00 64.11 23.50 39.67 17.28 }
{1255 54836 90 91 102 90 84 93 89 85 96 88 77 83 79 99 104 90 84 93 89 85 102 88 77 80 -8.47 0.08 0.28 0.51 0.82 -1.38 29.05 64.47 35.04 37.03 18.92 }
{1259 54995 86 89 100 87 85 90 86 83 94 91 80 79 86 75 77 84 85 88 80 83 89 93 89 76 4.31 -0.94 -9.82 0.93 0.24 -1.01 29.05 64.42 32.58 33.56 18.77 }
{1263 55150 86 85 96 84 85 88 82 83 90 93 84 76 86 75 77 84 85 88 80 83 89 93 89 76 1.68 -3.73 -7.68 1.55 0.91 -2.24 29.05 65.42 29.55 30.38 17.37 }
{1267 55308 87 83 94 85 84 87 79 84 88 94 88 77 95 103 100 103 79 82 77 93 85 97 100 79 7.73 -2.93 -5.25 0.53 0.31 -1.78 29.05 63.91 27.47 26.98 16.83 }
{1271 55468 91 87 98 89 80 83 77 88 85 97 92 79 95 103 100 103 79 82 77 93 85 97 100 79 0.98 -4.33 -4.87 0.06 0.34 -1.61 29.14 64.84 25.50 31.46 16.92 }
{1275 55629 95 88 96 93 82 85 80 92 88 94 96 82 101 88 95 95 100 97 97 95 93 77 100 90 6.45 -0.57 12.05 1.39 0.73 -1.73 29.05 64.71 23.07 28.57 18.11 }
{1279 55786 99 88 95 95 86 89 84 95 92 90 100 86 101 88 95 95 100 97 97 95 93 77 100 90 4.86 -2.19 -1.85 0.51 0.13 -1.13 29.05 65.54 21.32 46.03 17.90 }
{1283 55946 101 88 95 95 90 93 88 95 93 86 100 90 101 88 95 95 100 97 97 95 93 77 100 90 5.36 0.19 7.41 1.25 0.80 -1.16 29.14 65.11 33.34 48.56 18.23 }
{1287 56108 98 91 92 95 88 91 86 92 90 88 100 93 89 102 79 95 85 81 81 76 78 97 100 103 -1.25 0.74 6.29 1.17 1.05 -1.25 29.14 65.34 30.71 50.82 17.42 }
{1291 56265 94 95 88 95 85 87 82 88 86 92 100 97 89 102 79 95 85 81 81 76 78 97 100 103 -2.55 -2.25 -14.35 0.69 1.44 -2.51 29.09 64.58 35.66 53.55 17.13 }
{1295 56427 90 99 84 95 85 83 81 84 82 96 100 101 89 102 79 95 85 81 81 76 78 97 100 103 -11.43 -5.32 -3.31 0.88 1.08 -2.53 29.14 64.08 47.23 49.35 17.82 }
{1299 56592 86 97 81 92 88 85 80 80 84 100 97 99 85 90 81 82 100 102 80 78 100 101 88 97 0.89 1.70 0.50 0.58 0.77 -1.22 29.19 65.34 49.23 45.29 16.33 }
{1303 56750 85 93 81 88 92 89 80 78 88 101 93 97 85 90 81 82 100 102 80 78 100 101 88 97 3.50 0.02 -14.85 0.88 0.80 -1.00 29.14 64.73 59.50 41.42 15.95 }
{1307 56910 85 90 81 84 96 93 80 78 92 101 89 97 85 90 81 82 100 102 80 78 100 101 88 97 0.80 0.17 -5.60 1.25 1.07 -1.57 29.00 64.71 55.04 38.07 16.08 }
{1311 57072 88 87 80 86 94 91 77 81 96 98 86 94 96 84 80 96 82 81 75 100 101 96 86 90 0.97 0.34 -0.47 1.01 0.94 -1.65 29.09 65.02 50.35 34.40 15.91 }
{1315 57228 92 84 80 90 90 87 75 85 100 96 86 90 104 95 99 82 87 98 78 85 98 78 89 97 -3.95 -4.50 5.73 1.56 0.92 -2.26 29.09 64.84 60.69 31.67 16.08 }
{1319 57385 96 88 84 86 87 91 78 85 98 92 89 94 104 95 99 82 87 98 78 85 98 78 89 97 3.76 -0.50 3.48 1.32 1.07 -1.17 29.09 64.60 62.88 29.08 16.66 }
{1323 57543 98 92 88 88 90 91 81 88 95 88 92 92 98 96 92 94 92 91 86 89 77 85 95 89 4.37 5.01 7.31 1.52 0.75 -1.39 29.14 64.84 57.52 26.54 17.56 }
{1327 57696 98 96 92 92 92 91 85 89 91 85 95 89 98 96 92 94 92 91 86 89 77 85 95 89 10.80 0.20 3.83 0.80 0.65 -2.40 29.05 64.49 53.98 23.99 17.67 }
{1331 57849 98 96 92 94 92 91 86 89 87 85 95 89 98 96 92 94 92 91 86 89 77 85 95 89 5.15 -1.96 1.92 0.89 0.60 -1.64 29.09 65.54 63.86 22.17 18.27 }
{1335 58007 100 94 90 94 94 89 88 91 87 87 93 87 104 92 88 94 98 87 104 99 93 98 84 80 3.93 1.14 0.11 1.07 -0.08 -0.91 29.00 65.31 58.90 19.90 18.07 }
{1339 58164 104 92 88 94 98 87 92 95 91 91 89 83 104 92 88 94 98 87 104 99 93 98 84 80 5.81 -1.90 6.09 0.37 0.62 -2.23 29.09 66.27 61.22 18.47 19.09 }
{1343 58321 104 92 88 94 98 87 96 99 93 95 85 80 104 92 88 94 98 87 104 99 93 98 84 80 -0.13 -2.91 -0.72 0.96 0.19 -2.60 29.09 65.76 63.63 17.27 19.92 }
{1347 58484 102 95 91 97 95 84 94 96 90 93 81 83 85 99 77 81 75 84 84 103 104 97 97 83 -2.44 0.54 0.28 0.87 0.96 -1.29 29.09 65.02 58.72 15.47 20.21 }
{1351 58642 98 97 93 93 97 87 90 94 88 92 85 86 76 97 101 84 100 93 80 93 78 92 100 99 -11.69 -3.08 -0.84 0.36 0.93 -1.00 29.05 65.22 60.61 14.02 20.13 }
{1355 58802 94 97 97 89 100 91 86 93 84 92 89 90 76 97 101 84 100 93 80 93 78 92 100 99 -3.17 -1.23 0.99 0.64 0.21 -0.97 28.95 65.72 62.42 12.17 19.84 }
{1359 58963 90 94 98 91 97 95 84 90 80 93 93 94 90 75 98 104 83 104 84 90 78 93 99 102 -6.96 -0.21 -7.59 0.42 0.28 -1.20 29.09 65.96 58.06 10.79 19.61 }
{1363 59123 89 90 97 95 95 97 85 90 79 92 95 96 76 87 83 102 99 87 101 90 88 75 87 95 -2.00 -0.99 6.53 0.82 0.71 -1.11 29.09 65.14 54.35 9.33 19.23 }
{1367 59279 85 87 93 99 99 93 89 90 83 88 91 95 76 87 83 102 99 87 101 90 88 75 87 95 4.11 3.50 3.24 1.23 0.35 -1.13 28.95 65.52 49.94 8.15 19.02 }
{1371 59436 87 84 93 97 98 89 87 87 81 90 87 98 98 78 93 93 98 77 76 75 80 90 76 99 0.97 -1.40 -0.23 0.65 -0.35 -1.95 29.09 65.16 47.07 14.41 18.70 }
{1375 59592 89 82 93 93 97 87 85 85 81 91 85 98 82 103 93 90 93 93 99 98 96 97 99 90 3.56 -1.72 -1.33 1.05 0.27 -1.08 29.05 65.60 43.71 12.95 18.88 }
{1379 59748 85 86 93 90 93 91 89 89 85 95 89 94 82 103 93 90 93 93 99 98 96 97 99 90 5.42 1.21 -9.17 -0.13 1.36 -0.75 29.09 64.85 47.89 18.40 19.00 }
{1383 59905 82 90 93 90 93 93 93 93 89 97 93 90 82 103 93 90 93 93 99 98 96 97 99 90 4.51 1.14 -4.11 0.70 0.26 -1.95 29.05 64.91 44.48 23.90 19.66 }
{1387 60062 85 88 96 93 96 96 91 91 87 94 91 87 101 79 103 102 100 102 78 81 78 81 82 81 6.17 -2.54 -9.36 1.01 0.50 -1.77 29.05 64.46 41.61 21.83 19.47 }
{1391 60223 89 84 100 97 100 100 87 87 83 90 87 83 101 79 103 102 100 102 78 81 78 81 82 81 8.45 -1.11 8.92 1.53 0.21 -1.63 29.09 65.45 45.14 26.41 19.40 }
{1395 60387 92 82 102 99 99 101 83 85 81 88 85 82 92 87 81 88 96 96 79 93 99 90 92 98 7.42 1.53 3.88 0.34 -1.05 -0.76 29.09 65.67 41.57 23.74 19.05 }
{1399 60542 92 86 98 95 96 97 79 89 85 90 89 86 92 87 81 88 96 96 79 93 99 90 92 98 -2.10 1.94 -1.79 1.07 -0.26 -1.26 29.09 66.30 39.05 21.47 19.79 }
{1403 60699 92 87 94 91 96 96 79 93 89 90 92 90 92 87 81 88 96 96 79 93 99 90 92 98 1.41 1.12 -1.91 2.02 0.86 -1.43 29.05 65.20 36.08 32.92 19.29 }
{1407 60856 89 84 96 93 96 93 76 95 87 91 94 92 80 78 101 93 96 92 75 95 77 91 94 92 6.34 -4.39 -9.02 1.77 1.12 -1.21 29.09 65.34 33.90 43.70 18.79 }
{1411 61010 85 80 100 93 96 92 75 95 83 91 94 92 80 78 101 93 96 92 75 95 77 91 94 92 -1.77 0.33 -2.27 0.43 0.79 -1.12 29.00 65.78 31.08 39.83 19.15 }
{1415 61168 81 78 101 93 96 92 75 95 79 91 94 92 80 78 101 93 96 92 75 95 77 91 94 92 1.13 -1.61 -0.96 0.91 0.17 -0.95 29.05 64.46 28.47 36.05 19.08 }
{1419 61329 82 80 98 90 93 92 78 92 81 88 96 95 82 80 83 81 90 92 90 92 84 76 96 104 1.01 -1.32 -2.11 0.77 0.36 -1.37 29.05 66.47 26.75 32.84 19.14 }
{1423 61485 82 80 94 86 90 92 82 92 84 84 96 99 82 80 83 81 90 92 90 92 84 76 96 104 9.59 10.43 2.05 0.52 1.16 -1.94 29.05 64.26 32.10 29.77 18.94 }
{1427 61640 82 80 90 82 90 92 86 92 84 80 96 103 82 80 83 81 90 92 90 92 84 76 96 104 6.43 -0.01 3.54 2.44 1.24 -0.59 29.09 63.95 30.07 41.05 18.81 }
{1431 61799 80 83 86 84 89 89 84 89 87 82 98 101 80 100 79 98 89 78 84 86 87 85 98 94 3.62 -5.37 -6.99 1.31 1.03 -0.68 29.09 64.49 34.96 52.39 18.03 }
{1435 61956 80 87 82 88 89 85 84 86 87 85 98 97 80 100 79 98 89 78 84 86 87 85 98 94 9.29 6.33 9.92 0.46 1.29 -1.92 29.05 64.24 39.48 48.01 17.01 }
{1439 62110 80 91 79 92 89 81 84 86 87 85 98 94 80 100 79 98 89 78 84 86 87 85 98 94 -2.10 -1.83 -1.60 -0.19 0.37 -1.70 29.05 63.53 43.43 50.64 18.01 }
{1443 62271 83 95 79 90 92 83 87 89 84 88 101 97 95 104 79 75 101 94 99 93 83 101 101 97 2.55 -1.96 0.37 0.71 0.41 -1.49 29.09 64.53 40.18 46.28 18.05 }
{1447 62430 87 99 79 86 96 87 91 93 83 92 101 97 95 104 79 75 101 94 99 93 83 101 101 97 1.09 2.52 1.74 0.79 1.02 -1.48 29.00 64.17 37.15 42.64 19.00 }
{1451 62588 91 103 79 82 100 91 95 93 83 96 101 97 95 104 79 75 101 94 99 93 83 101 101 97 -12.29 -7.11 3.37 0.99 0.56 -1.40 29.09 64.75 40.92 45.57 19.60 }
{1455 62755 89 101 82 80 98 95 94 90 86 100 98 94 83 96 92 80 82 96 94 83 100 100 86 76 -0.82 -0.25 -1.79 -0.19 0.16 -1.91 29.05 64.69 36.58 56.75 21.20 }
{1459 62915 85 97 86 80 94 96 94 86 90 100 94 90 83 96 92 80 82 96 94 83 100 100 86 76 0.84 0.16 -3.59 0.28 0.33 -0.85 29.14 65.49 33.28 51.90 20.57 }
{1463 63073 83 96 90 80 90 96 94 83 94 100 90 86 83 96 92 80 82 96 94 83 100 100 86 76 8.11 2.17 0.96 0.75 0.87 -1.09 29.05 65.29 29.97 47.72 19.65 }
{1467 63232 86 93 89 83 92 96 97 86 98 97 88 86 97 84 89 88 99 96 101 99 98 89 88 86 0.51 2.45 0.69 1.87 0.92 -1.62 29.00 64.67 27.52 43.93 19.58 }
{1471 63387 90 89 86 87 90 93 100 90 98 93 91 89 93 84 80 87 87 77 100 104 98 88 95 94 -0.93 -0.44 8.26 2.03 1.32 -1.77 29.14 64.55 25.95 40.58 20.51 }
{1475 63545 93 85 82 87 87 89 100 94 98 89 95 93 93 84 80 87 87 77 100 104 98 88 95 94 -3.86 1.64 12.15 2.23 1.05 -2.14 29.09 63.90 24.22 36.70 20.29 }
{1479 63706 96 87 84 84 88 91 97 92 95 85 92 91 99 104 96 84 88 103 90 92 85 85 84 88 -0.93 -2.10 6.18 1.53 1.09 -0.95 29.19 64.67 29.39 33.53 21.14 }
{1483 63862 99 91 88 84 88 95 93 92 91 85 88 88 99 104 96 84 88 103 90 92 85 85 84 88 8.74 -3.31 -1.54 0.86 0.67 -0.45 29.00 65.20 26.56 30.44 21.45 }
{1487 64020 99 95 92 84 88 99 90 92 87 85 84 88 99 104 96 84 88 103 90 92 85 85 84 88 6.39 -2.18 -1.86 1.31 0.05 -0.76 29.00 65.85 24.68 27.44 21.27 }
{1491 64180 101 93 90 87 87 97 93 89 89 82 87 88 101 80 75 90 87 89 96 88 98 78 93 88 3.03 -1.09 2.89 1.31 0.93 -0.99 29.05 66.38 22.64 25.23 21.35 }
{1495 64337 98 89 86 85 90 93 94 85 93 84 85 85 96 82 84 82 104 77 94 85 96 90 76 78 2.46 -2.36 -3.68 1.40 1.46 -2.40 29.09 67.70 28.70 23.53 22.30 }
{1499 64492 96 85 84 82 94 89 94 85 96 88 81 81 96 82 84 82 104 77 94 85 96 90 76 78 -1.20 -3.78 -18.01 1.64 1.15 -1.57 29.05 65.07 33.62 21.40 21.58 }
{1503 64653 93 87 87 85 97 91 91 88 93 86 83 83 85 89 88 103 97 95 91 100 82 77 97 85 -6.56 -3.77 -3.56 1.27 0.73 -1.96 29.14 66.41 37.94 19.77 21.53 }
{1507 64811 89 89 88 89 97 95 91 92 89 82 87 85 85 89 88 103 97 95 91 100 82 77 97 85 1.27 -2.01 1.22 0.84 0.68 -1.02 29.00 66.45 41.19 18.28 21.76 }
{1511 64967 85 89 88 93 97 95 91 96 85 78 91 85 85 89 88 103 97 95 91 100 82 77 97 85 11.13 7.47 0.00 1.75 0.14 -1.45 29.05 65.87 38.11 17.14 21.47 }
{1515 65126 85 86 91 91 94 98 88 96 83 77 89 87 85 76 93 80 84 98 78 96 83 77 82 87 3.93 -0.56 -2.17 1.30 0.07 -1.41 29.05 65.80 35.95 15.44 21.54 }
{1519 65284 88 88 91 89 93 95 84 97 86 80 89 86 99 95 78 75 93 90 75 102 90 92 94 84 -0.21 -2.10 -7.19 1.04 0.29 -0.96 29.14 66.43 33.91 14.20 21.93 }
{1523 65439 92 92 87 85 93 91 80 101 90 84 93 84 99 95 78 75 93 90 75 102 90 92 94 84 5.42 -5.96 -15.40 1.78 0.22 -1.98 29.09 66.34 31.66 12.74 21.31 }
{1527 65600 90 92 89 87 96 93 82 99 87 82 91 87 78 92 104 104 102 94 104 93 83 80 90 102 -1.87 -0.99 -0.85 1.46 1.25 -2.06 29.00 65.83 36.40 11.99 21.64 }
{1531 65762 92 95 87 91 97 91 80 95 84 84 87 85 94 99 80 101 97 81 75 83 84 86 79 80 3.07 -4.09 1.48 0.41 0.22 -0.94 29.05 65.98 33.86 10.90 22.93 }
{1535 65916 94 99 83 95 97 87 76 91 84 86 83 81 94 99 80 101 97 81 75 83 84 86 79 80 6.63 0.80 0.43 0.77 -0.07 -1.80 29.14 65.36 31.43 9.76 22.58 }
{1539 66073 97 96 85 93 100 89 78 90 87 89 79 77 102 83 89 80 103 96 93 90 87 90 76 75 3.88 -1.83 -1.63 1.46 0.95 -0.79 29.09 67.15 49.29 9.07 22.71 }
{1543 66229 101 92 89 89 103 93 82 90 87 90 76 75 102 83 89 80 103 96 93 90 87 90 76 75 -2.85 -4.48 -6.18 0.20 -0.24 -0.97 29.05 66.34 52.74 15.49 23.99 }
{1547 66394 99 94 87 85 100 95 86 87 84 87 79 78 87 95 87 75 86 95 100 75 79 81 100 103 0.86 -0.83 0.38 1.56 0.82 -0.83 29.09 66.97 48.07 13.94 24.08 }
{1551 66552 95 98 88 87 101 98 84 83 80 89 83 82 89 104 88 89 101 99 76 76 80 103 88 102 12.02 -0.48 -7.48 1.57 0.44 -0.75 29.09 65.34 44.00 12.59 23.57 }
{1555 66713 91 102 88 89 101 99 80 79 80 93 87 86 89 104 88 89 101 99 76 76 80 103 88 102 6.05 0.62 4.26 0.88 0.50 -2.48 29.05 67.23 40.56 11.07 22.48 }
{1559 66873 89 104 88 89 101 99 76 76 80 97 88 90 89 104 88 89 101 99 76 76 80 103 88 102 7.78 -2.85 -8.12 0.94 0.35 -1.07 29.05 66.05 37.90 17.28 22.33 }
{1563 67037 86 101 85 86 98 102 79 79 83 96 91 88 78 80 76 78 93 102 85 101 94 96 94 85 0.02 1.20 -3.60 1.45 0.58 -1.83 29.05 66.41 35.24 15.49 22.43 }
{1567 67196 88 103 86 88 96 99 83 83 87 93 89 88 100 103 86 102 96 88 85 83 90 91 89 88 2.13 0.10 0.47 0.38 -0.23 -1.39 29.14 66.83 32.99 13.51 21.50 }
{1571 67353 92 103 86 92 96 95 85 83 90 91 89 88 100 103 86 102 96 88 85 83 90 91 89 88 15.18 4.49 19.18 1.63 0.24 -0.87 29.14 66.48 31.16 12.13 20.99 }
{1575 67516 96 100 89 90 93 91 86 86 87 88 86 91 102 100 104 88 91 90 86 93 84 85 84 92 -6.13 -2.85 3.60 1.48 0.76 -1.85 29.14 66.85 28.61 11.10 21.75 }
{1579 67674 100 100 93 88 91 90 86 90 84 85 84 92 102 100 104 88 91 90 86 93 84 85 84 92 1.84 2.40 5.05 1.38 0.58 -1.72 29.09 65.83 26.30 9.67 22.31 }
{1583 67833 99 97 91 85 88 93 83 93 87 88 81 95 99 89 85 78 76 93 79 93 93 102 77 103 -6.42 -0.19 5.04 0.83 0.73 -2.73 29.00 66.34 24.35 8.82 23.10 }
{1587 67989 99 93 87 81 84 93 79 93 91 92 77 99 90 102 77 92 94 75 75 96 82 86 84 85 -3.05 -5.17 7.31 1.79 0.97 -2.63 29.14 66.63 22.22 7.99 22.83 }
{1591 68146 95 97 83 85 88 89 75 96 87 88 81 95 90 102 77 92 94 75 75 96 82 86 84 85 -5.31 -1.78 -9.42 1.65 0.70 -1.54 29.05 64.84 27.63 7.36 22.72 }
{1595 68303 92 95 85 86 89 90 78 94 89 84 85 97 92 81 100 86 89 90 100 94 94 84 104 97 -0.74 4.94 7.01 1.17 1.12 -1.14 29.05 65.65 25.38 6.65 22.20 }
{1599 68460 95 91 83 89 92 87 79 92 93 87 83 94 95 81 77 97 96 85 79 92 98 102 76 80 4.49 -0.47 -1.97 1.16 0.11 -1.68 29.09 66.59 23.64 5.72 22.94 }
{1603 68617 94 87 81 91 94 84 78 93 95 89 81 90 89 77 83 80 93 77 75 104 95 82 97 81 3.97 -2.39 -1.57 1.56 0.95 -2.07 29.05 67.01 35.83 5.54 24.18 }
{1607 68771 90 83 83 87 93 80 75 97 95 85 85 86 89 77 83 80 93 77 75 104 95 82 97 81 2.08 -4.70 -18.06 0.94 0.54 -1.22 29.05 66.79 39.89 4.94 23.84 }
{1611 68930 92 85 86 89 96 82 78 95 92 86 89 83 103 95 98 94 102 97 89 78 75 86 100 83 1.21 -0.07 -1.94 0.83 1.13 -1.03 29.05 66.63 42.98 4.08 22.57 }
{1615 69087 96 89 90 93 100 86 82 91 88 86 93 83 103 95 98 94 102 97 89 78 75 86 100 83 7.18 4.11 18.26 0.37 1.34 -1.55 28.95 65.63 53.39 3.85 22.11 }
{1619 69246 96 93 94 96 100 90 86 87 84 88 97 85 78 99 99 102 87 99 94 84 79 102 100 103 1.24 -1.02 6.40 0.73 -0.40 -0.67 29.05 68.64 55.99 2.99 22.73 }
{1623 69406 92 92 92 94 96 88 90 83 86 86 95 89 78 92 75 88 95 88 101 83 91 75 77 92 -2.06 -2.73 8.76 0.71 0.95 -2.36 29.05 66.81 58.65 2.60 23.36 }
{1627 69562 88 95 94 96 93 85 88 86 84 88 95 87 76 101 102 96 93 80 83 96 78 102 95 77 6.69 0.77 -4.35 1.69 1.43 -1.58 29.00 65.81 61.07 2.35 22.22 }
{1631 69720 88 95 94 98 91 85 84 90 84 92 93 83 97 94 78 103 78 93 82 95 103 101 88 80 4.51 -5.41 -12.56 1.13 0.53 -1.33 29.09 65.90 62.94 2.02 21.26 }
{1635 69876 92 94 90 102 87 89 82 94 88 96 89 80 97 94 78 103 78 93 82 95 103 101 88 80 9.47 -1.00 -1.65 0.73 0.48 -1.70 29.14 66.72 58.12 1.69 21.30 }
{1639 70037 96 91 88 100 89 93 82 97 86 96 88 83 96 91 88 83 89 102 82 97 81 96 88 95 3.91 2.52 3.70 1.55 0.81 0.10 29.09 67.04 53.11 9.08 22.03 }
{1643 70190 96 91 88 96 89 97 82 97 82 96 88 87 96 91 88 83 89 102 82 97 81 96 88 95 -3.29 -1.58 2.38 1.65 0.60 -0.98 29.00 66.76 49.07 7.72 22.05 }
{1647 70345 96 91 88 92 89 101 82 97 81 96 88 91 96 91 88 83 89 102 82 97 81 96 88 95 -2.61 -0.30 -0.69 1.59 0.50 -0.91 29.05 66.47 45.30 6.74 22.27 }
{1651 70505 93 88 91 94 86 99 85 94 84 97 88 95 89 86 100 104 77 81 103 75 100 97 88 100 -1.37 1.23 2.57 0.95 0.76 -1.38 29.09 67.93 41.71 5.84 22.07 }
{1655 70663 89 86 95 98 82 95 89 90 88 97 88 99 89 86 100 104 77 81 103 75 100 97 88 100 -2.91 -0.59 -1.25 0.81 1.20 -0.91 29.00 65.69 45.59 5.62 22.45 }
{1659 70825 92 87 93 96 84 97 87 88 86 94 85 97 100 87 83 91 93 102 87 88 81 91 76 84 4.49 0.36 5.74 0.90 1.39 -1.73 29.09 66.43 49.02 4.82 21.95 }
{1663 70980 92 85 93 93 88 97 89 87 86 94 85 93 77 75 102 93 96 88 89 87 100 103 87 82 5.62 -0.39 0.92 0.63 0.83 -1.64 29.05 66.36 52.22 4.01 22.95 }
{1667 71136 88 81 97 93 92 93 89 87 90 98 87 89 77 75 102 93 96 88 89 87 100 103 87 82 -10.79 -6.27 0.81 1.24 -0.43 -1.51 29.14 66.74 61.20 3.38 22.91 }
{1671 71300 84 81 95 92 90 89 90 90 92 96 88 89 79 76 93 104 88 83 82 97 88 83 86 96 -8.85 -4.45 -2.27 1.59 1.18 -2.54 29.05 66.23 77.14 2.79 21.98 }
{1675 71453 80 77 93 96 88 85 86 94 88 92 86 93 79 76 93 104 88 83 82 97 88 83 86 96 4.08 -1.78 -2.81 1.60 0.68 -1.63 29.09 65.07 71.01 8.84 21.25 }
{1679 71609 79 76 93 100 88 83 82 97 88 88 86 96 79 76 93 104 88 83 82 97 88 83 86 96 0.52 -0.51 -1.45 2.04 0.94 -1.18 29.09 65.63 72.17 7.91 19.54 }
{1683 71767 80 77 92 102 87 84 83 96 89 86 85 95 94 85 86 91 78 92 89 83 104 90 85 92 1.58 0.31 -1.72 0.59 1.34 -1.11 29.00 65.58 66.64 7.27 19.56 }
{1687 71922 84 81 88 98 83 88 87 92 93 90 85 92 94 85 86 91 78 92 89 83 104 90 85 92 9.01 6.63 4.72 0.90 1.83 -0.87 28.95 66.57 68.50 6.49 19.66 }
{1691 72078 88 85 90 94 85 92 91 94 97 87 88 89 90 93 101 79 92 101 103 102 97 76 94 82 8.14 -2.22 -11.13 1.33 0.88 -1.16 29.05 65.31 63.54 6.19 20.42 }
{1695 72238 92 89 93 90 83 96 90 98 94 89 92 88 85 101 97 99 85 76 92 95 103 100 100 82 -1.90 1.79 -5.79 0.86 0.79 -1.49 29.05 66.59 65.55 5.15 21.07 }
{1699 72395 88 93 97 94 85 92 92 95 98 93 96 84 85 101 97 99 85 76 92 95 103 100 100 82 -1.60 -2.70 -9.89 0.75 0.59 -1.23 29.05 67.04 60.48 4.64 21.31 }
{1703 72555 85 97 97 98 85 88 92 95 102 97 100 82 85 101 97 99 85 76 92 95 103 100 100 82 2.78 0.42 -2.30 0.96 1.31 -1.99 29.05 65.56 69.50 4.33 20.85 }
{1707 72717 87 100 95 97 87 84 90 97 101 97 102 80 96 100 94 94 102 75 78 97 87 88 104 79 -14.09 -5.89 1.76 0.00 2.17 -0.64 29.19 65.96 77.49 3.58 21.39 }
{1711 72878 91 100 94 94 91 80 86 97 97 93 104 79 96 100 94 94 102 75 78 97 87 88 104 79 -10.35 -5.52 3.42 1.57 1.52 -1.45 28.95 65.58 91.39 3.21 22.04 }
{1715 73041 89 97 97 91 89 82 82 94 93 95 101 82 89 87 102 79 89 91 79 92 83 103 99 82 0.40 -1.28 -9.59 1.42 1.11 -1.25 29.00 65.76 104.52 2.37 21.61 }
{1719 73198 89 93 101 87 89 86 79 92 89 99 99 82 89 87 102 79 89 91 79 92 83 103 99 82 -0.19 0.07 -17.37 0.71 1.08 -1.60 29.00 66.38 102.91 8.83 21.28 }
{1723 73360 92 95 99 89 92 84 82 89 85 97 96 85 97 101 82 90 99 79 83 88 78 85 89 95 -3.05 0.97 6.95 0.67 0.79 -0.91 29.05 66.56 94.23 7.47 20.60 }
{1727 73513 96 99 95 90 96 80 83 88 81 93 92 89 97 101 82 90 99 79 83 88 78 85 89 95 -2.76 -4.09 16.14 1.62 1.33 -2.77 29.05 66.34 114.96 6.76 20.68 }
{1731 73671 97 101 91 90 99 79 83 88 78 89 89 93 97 101 82 90 99 79 83 88 78 85 89 95 -1.23 -5.98 8.86 1.93 1.17 -2.12 28.95 65.60 113.38 19.43 21.22 }
{1735 73834 94 98 91 91 96 82 86 89 81 85 90 91 92 77 85 89 88 85 89 83 92 76 85 87 5.16 0.22 5.94 1.43 1.47 -1.45 29.09 67.04 118.47 31.61 21.93 }
{1739 73988 94 98 91 90 92 86 90 89 81 85 90 91 100 104 98 90 83 103 102 104 79 86 102 102 7.47 -0.86 1.70 0.99 1.17 -1.42 29.05 65.78 124.02 36.04 21.57 }
{1743 74149 98 102 95 90 88 90 94 93 79 86 94 95 100 104 98 90 83 103 102 104 79 86 102 102 11.10 7.21 2.58 1.14 1.59 -0.64 29.00 68.71 128.81 33.16 21.16 }
{1747 74313 100 104 98 90 84 94 98 97 79 86 98 99 100 104 98 90 83 103 102 104 79 86 102 102 3.00 0.20 7.99 1.17 1.39 -0.49 29.09 67.19 119.23 29.71 21.55 }
{1751 74479 103 101 95 93 86 92 97 95 82 89 102 97 104 87 77 98 97 76 97 82 102 93 102 78 0.84 1.30 3.39 1.01 1.05 -1.27 29.14 65.87 109.91 26.81 21.61 }
{1755 74639 104 97 91 97 90 88 97 91 86 93 102 93 104 87 77 98 97 76 97 82 102 93 102 78 3.38 -4.70 5.88 1.26 0.44 -2.01 29.09 66.54 101.23 24.25 22.94 }
{1759 74802 101 98 87 95 94 84 94 87 88 90 99 95 86 98 87 82 95 80 85 84 88 80 89 102 -1.71 -2.31 -15.40 1.07 0.99 -1.80 29.00 65.63 93.20 22.15 22.82 }
{1763 74960 97 98 87 91 95 80 90 84 88 86 95 99 86 98 87 82 95 80 85 84 88 80 89 102 -14.18 0.33 7.27 1.61 1.67 -2.30 29.09 66.03 112.89 21.46 23.33 }
{1767 75120 98 95 89 87 98 83 90 87 85 84 97 97 98 75 89 76 102 104 90 88 77 84 104 93 1.32 -0.33 -9.65 1.44 0.97 -1.31 29.09 66.23 118.08 19.63 23.49 }
{1771 75280 101 91 86 89 96 87 93 87 87 87 95 93 103 84 82 95 83 103 101 87 97 92 88 76 10.65 0.56 -1.53 1.05 1.01 -0.75 29.19 66.21 115.82 17.86 23.36 }
{1775 75442 99 93 88 93 92 91 92 90 85 85 97 89 96 102 93 98 76 97 92 93 83 81 99 78 13.96 1.38 -4.20 1.47 0.25 -0.42 29.05 66.41 115.75 29.80 23.33 }
{1779 75598 96 97 92 97 88 95 92 93 83 81 99 85 96 102 93 98 76 97 92 93 83 81 99 78 3.01 4.69 1.15 0.89 0.99 0.04 29.05 68.26 105.49 26.86 22.75 }
{1783 75752 96 101 93 98 84 97 92 93 83 81 99 81 96 102 93 98 76 97 92 93 83 81 99 78 7.97 5.15 -3.77 0.71 0.60 -0.91 29.09 68.44 98.15 24.36 22.05 }
{1787 75912 95 99 90 101 86 100 89 96 80 83 100 83 95 89 88 102 97 104 82 97 79 83 100 85 1.55 -2.13 -10.98 1.47 0.34 -1.00 29.09 67.57 91.07 22.43 22.12 }
{1791 76072 95 95 88 102 90 104 85 97 79 83 100 85 95 89 88 102 97 104 82 97 79 83 100 85 3.82 1.06 2.00 1.40 -0.05 -1.47 29.14 67.15 83.92 20.13 22.18 }
{1795 76236 98 91 85 99 94 103 81 100 76 86 97 82 99 81 75 79 100 103 76 104 76 104 86 81 9.91 -2.51 -11.53 2.42 -0.58 -0.97 29.09 69.60 77.85 18.45 22.47 }
{1799 76399 99 87 81 95 98 103 77 104 76 90 93 81 99 81 75 79 100 103 76 104 76 104 86 81 -3.66 -5.86 -7.97 1.80 -0.61 -2.02 29.05 68.93 72.78 17.06 22.55 }
{1803 76563 99 83 77 91 100 103 76 104 76 94 89 81 99 81 75 79 100 103 76 104 76 104 86 81 5.26 2.30 -6.99 1.92 0.16 -2.15 29.19 70.56 68.10 22.04 22.95 }
{1807 76727 96 85 79 87 97 100 79 104 79 92 85 84 88 97 86 83 75 97 94 104 104 86 79 99 -5.13 -2.80 -7.04 1.21 0.46 -1.74 29.05 69.96 63.38 19.82 22.94 }
{1811 76888 92 89 83 83 93 97 83 104 83 88 81 88 88 97 86 83 75 97 94 104 104 86 79 99 -19.00 -1.84 -5.76 1.92 1.17 -1.80 29.00 69.34 65.70 18.43 24.28 }
{1815 77048 90 91 87 82 89 96 85 103 85 86 80 92 96 89 96 82 86 84 82 80 81 86 96 93 4.68 8.66 6.64 1.17 1.16 -0.55 29.05 67.42 67.69 16.36 24.58 }
{1819 77204 94 93 88 79 85 98 81 99 85 84 84 90 98 103 88 78 75 103 78 82 85 84 98 84 6.95 0.36 4.18 0.74 0.21 -1.58 29.05 71.05 62.69 14.51 24.98 }
{1823 77359 98 97 88 78 81 102 78 95 85 84 88 86 98 103 88 78 75 103 78 82 85 84 98 84 3.30 -2.10 1.05 0.67 0.58 -1.36 29.00 67.82 58.42 13.33 25.02 }
{1827 77518 101 95 85 80 77 100 81 97 83 87 92 82 103 91 80 80 76 81 95 100 83 103 92 77 6.97 -5.69 5.71 1.05 0.94 -1.72 28.95 71.66 53.74 12.17 26.35 }
{1831 77677 103 91 81 80 76 96 85 100 83 91 92 78 103 91 80 80 76 81 95 100 83 103 92 77 0.68 -2.61 5.56 1.33 0.37 -1.81 29.05 70.92 50.37 10.96 27.64 }
{1835 77837 103 91 80 80 76 92 89 100 83 95 92 77 103 91 80 80 76 81 95 100 83 103 92 77 3.09 0.16 -2.18 0.63 0.99 -2.37 29.00 74.01 46.12 10.15 28.14 }
{1839 77999 100 94 79 83 75 94 91 97 80 93 89 75 82 102 79 100 75 102 91 80 78 81 80 75 0.71 2.42 -1.01 1.00 0.95 -0.96 29.00 72.69 48.93 8.99 28.19 }
{1843 78155 96 98 79 87 75 98 91 93 78 89 85 75 100 78 80 77 84 75 88 102 81 98 98 91 -1.97 -7.20 -0.82 1.24 1.15 -1.63 29.05 71.86 51.61 15.69 27.36 }
{1847 78317 94 94 83 83 79 94 93 97 82 93 89 79 91 87 93 76 101 89 104 97 101 104 91 89 0.66 0.01 -4.52 0.86 0.52 -1.79 29.05 70.10 47.83 14.07 27.58 }
{1851 78475 91 90 87 79 83 90 97 97 86 97 91 83 91 87 93 76 101 89 104 97 101 104 91 89 -15.75 -3.99 -7.04 0.73 1.16 -2.36 29.05 71.24 50.86 19.97 28.87 }
{1855 78638 90 92 85 81 87 92 95 95 90 101 88 81 90 103 78 98 99 101 80 95 100 102 88 77 1.76 -1.43 -6.99 1.46 0.75 -1.07 29.05 68.64 60.90 18.48 28.71 }
{1859 78796 90 96 81 85 91 96 91 95 94 102 88 77 90 103 78 98 99 101 80 95 100 102 88 77 5.97 2.34 2.26 2.24 0.41 -0.67 29.09 70.92 63.49 16.61 27.89 }
{1863 78956 90 100 78 89 95 100 87 95 98 102 88 77 90 103 78 98 99 101 80 95 100 102 88 77 3.78 -1.89 0.92 1.55 0.45 -1.44 29.09 68.06 64.85 15.06 27.80 }
{1867 79120 87 98 81 93 93 98 83 92 102 99 91 80 79 82 81 102 86 85 78 85 104 95 97 86 7.68 -2.24 3.33 0.81 0.87 -0.69 28.91 71.23 66.23 14.08 27.46 }
{1871 79277 83 94 81 97 89 94 79 88 104 95 95 84 79 82 81 102 86 85 78 85 104 95 97 86 5.39 2.28 2.78 1.15 1.40 -0.89 29.05 66.52 88.64 13.00 26.67 }
{1875 79433 79 90 81 101 86 90 78 85 104 95 97 86 79 82 81 102 86 85 78 85 104 95 97 86 1.24 -1.09 -4.90 1.07 1.89 -1.56 29.09 67.12 102.98 11.93 27.05 }
{1879 79596 82 86 84 99 89 92 81 88 101 98 100 83 87 85 94 99 93 101 92 104 95 104 103 78 -0.24 -0.93 -1.95 1.10 0.66 -1.33 29.09 69.11 108.04 10.38 26.37 }
{1883 79760 86 86 82 96 87 90 85 86 102 99 101 85 91 86 81 93 75 86 94 76 102 99 101 91 -1.51 0.72 0.34 1.57 1.22 -1.80 29.14 68.33 107.00 9.35 26.78 }
{1887 79918 90 86 81 93 83 86 89 82 102 99 101 89 91 86 81 93 75 86 94 76 102 99 101 91 -3.98 -6.24 9.01 0.97 2.08 -1.88 29.14 69.81 119.12 8.95 28.63 }
{1891 80078 90 85 82 94 81 87 92 80 101 100 100 91 81 81 97 104 104 94 92 91 85 101 96 91 -6.22 1.29 14.08 0.61 2.15 -1.35 29.05 67.23 137.08 7.74 28.68 }
{1895 80240 86 81 86 98 85 91 92 84 97 101 96 91 81 81 97 104 104 94 92 91 85 101 96 91 1.42 -2.18 -4.69 1.34 0.99 -1.30 29.00 67.14 140.01 6.90 28.99 }
{1899 80402 88 84 88 96 89 89 95 88 93 101 93 94 91 95 88 86 95 89 103 102 79 101 82 104 -5.17 -1.05 10.70 1.06 1.01 -2.05 29.00 66.23 135.34 5.47 27.43 }
{1903 80563 91 88 88 92 93 89 99 92 89 101 89 98 91 95 88 86 95 89 103 102 79 101 82 104 -3.89 -1.41 4.50 1.85 1.55 -2.08 29.00 66.61 152.88 4.94 28.40 }
{1907 80726 93 92 90 92 93 91 99 92 85 99 88 101 102 93 95 99 75 103 85 78 78 86 88 101 -3.45 0.63 2.14 1.01 1.26 -1.39 29.05 67.46 168.60 4.07 28.88 }
{1911 80883 97 93 94 96 89 95 95 88 81 95 88 101 102 93 95 99 75 103 85 78 78 86 88 101 10.31 -0.97 -2.26 1.54 0.06 -1.19 29.14 67.21 169.69 3.30 29.56 }
{1915 81046 97 96 97 97 86 93 91 90 83 91 91 98 97 104 97 97 86 90 80 96 89 75 91 88 2.14 1.58 -2.59 0.77 0.94 -0.77 29.00 67.39 156.36 2.59 29.16 }
{1919 81200 97 100 97 97 86 90 87 94 87 87 91 94 97 104 97 97 86 90 80 96 89 75 91 88 3.74 -1.90 -5.16 1.48 0.87 -1.80 29.09 68.49 144.48 1.86 29.32 }
{1923 81360 100 98 94 98 83 87 86 92 85 86 88 96 101 78 94 98 81 83 86 84 84 86 80 98 3.27 0.05 1.92 1.18 1.03 -1.24 29.09 68.64 132.76 1.33 29.84 }
{1927 81514 101 94 94 98 81 83 86 88 84 86 84 98 101 78 94 98 81 83 86 84 84 86 80 98 -3.08 -2.61 6.09 0.97 1.10 -1.99 29.19 68.46 121.93 0.87 30.92 }
{1931 81672 101 90 94 98 81 83 86 84 84 86 80 98 101 78 94 98 81 83 86 84 84 86 80 98 -1.92 -2.47 -1.02 1.09 0.72 -1.08 29.09 67.32 126.00 0.72 31.17 }
{1935 81833 98 92 91 95 78 86 83 87 87 83 83 95 77 93 86 84 76 98 78 95 88 77 91 95 2.98 -0.41 -3.56 1.23 0.78 -1.79 29.00 67.21 116.41 0.37 31.37 }
{1939 81988 94 93 87 91 76 90 79 91 88 79 87 95 77 93 86 84 76 98 78 95 88 77 91 95 4.61 -2.86 -18.82 2.97 0.77 -1.75 29.05 68.58 114.81 7.29 31.51 }
{1943 82147 90 90 87 87 77 91 81 95 91 81 85 92 87 81 87 79 77 91 95 104 97 89 80 77 2.37 -1.22 -14.56 1.57 1.15 -1.87 29.05 70.83 119.78 13.60 31.59 }
{1947 82304 87 86 87 83 77 91 85 99 95 85 81 88 87 81 87 79 77 91 95 104 97 89 80 77 7.76 1.49 -9.57 1.52 1.19 -1.90 28.95 69.60 117.78 12.10 30.08 }
{1951 82462 89 88 84 85 80 88 83 97 93 89 83 90 89 104 78 92 102 80 79 78 91 89 99 93 -3.54 -4.62 -7.95 0.80 1.22 -1.53 29.05 69.00 123.04 11.04 31.50 }
{1955 82623 91 86 86 89 84 90 80 93 89 86 81 88 91 85 87 97 99 94 80 82 87 75 81 82 5.59 -4.53 14.18 1.08 0.74 -1.58 28.95 70.34 133.27 10.35 31.00 }
{1959 82778 91 85 87 93 88 94 80 89 87 82 81 84 91 85 87 97 99 94 80 82 87 75 81 82 3.70 -2.59 0.86 1.27 0.46 -1.51 29.09 69.42 137.29 9.56 30.81 }
{1963 82932 91 85 87 97 92 94 80 85 87 78 81 82 91 85 87 97 99 94 80 82 87 75 81 82 5.74 7.15 -0.64 2.02 0.85 -0.99 29.05 68.71 126.43 8.46 30.58 }
{1967 83087 91 85 87 97 96 94 80 82 87 75 81 82 75 91 95 98 76 89 90 92 97 77 76 83 4.14 -7.17 0.58 1.27 0.38 -0.62 29.09 69.24 116.58 7.58 30.70 }
{1971 83244 87 89 91 98 92 90 84 86 91 77 77 83 75 91 95 98 76 89 90 92 97 77 76 83 0.90 2.27 -2.99 1.14 1.13 -1.45 29.14 69.67 107.62 6.81 30.53 }
{1975 83398 83 91 95 98 88 89 88 90 95 77 76 83 75 91 95 98 76 89 90 92 97 77 76 83 2.69 -3.87 -13.21 1.39 0.43 -1.22 29.05 70.97 107.10 6.43 30.34 }
{1979 83556 81 92 94 97 84 88 89 91 96 78 77 84 82 93 77 92 81 81 87 79 95 94 90 90 4.28 1.79 1.25 0.62 1.13 -1.77 29.09 66.45 106.08 5.94 29.61 }
{1983 83709 82 93 90 93 81 84 87 87 95 82 81 88 82 93 77 92 81 81 87 79 95 94 90 90 -3.57 -2.48 -1.92 1.22 0.92 -1.95 29.09 67.12 104.74 5.33 29.67 }
{1987 83865 82 93 86 92 81 81 87 83 95 86 85 90 82 93 77 92 81 81 87 79 95 94 90 90 -1.78 3.69 1.22 0.94 1.77 -1.73 29.05 67.24 110.70 4.53 29.77 }
{1991 84023 79 90 88 95 84 80 90 80 92 90 83 88 76 78 103 99 93 80 99 80 91 91 75 88 -5.55 5.87 -1.10 0.40 1.84 -0.39 29.05 66.94 129.81 4.40 30.08 }
{1995 84177 76 86 92 99 88 80 94 80 91 91 79 88 76 78 103 99 93 80 99 80 91 91 75 88 -8.50 -1.02 -4.81 0.68 0.67 -1.69 29.05 66.43 119.62 3.14 30.61 }
{1999 84337 77 84 94 98 92 81 98 81 92 90 77 87 95 94 75 92 104 93 102 92 95 76 96 86 -0.87 2.42 1.31 1.25 1.03 -1.52 29.05 66.63 110.25 2.53 30.54 }
{2003 84494 81 88 90 100 94 85 99 85 96 92 81 89 97 94 77 101 94 91 99 93 102 98 89 92 4.29 1.90 -1.65 1.89 1.03 -0.97 29.14 66.92 101.29 2.06 30.50 }
{2007 84651 85 92 86 101 94 89 99 89 100 96 85 92 97 94 77 101 94 91 99 93 102 98 89 92 3.79 0.83 2.29 1.71 1.16 -1.05 29.14 65.25 93.36 1.45 31.27 }
{2011 84809 89 93 84 100 93 90 100 91 101 97 89 91 95 81 95 81 75 87 100 87 101 89 101 84 9.36 -0.51 0.14 1.94 1.32 -1.37 29.14 67.28 106.46 8.44 32.57 }
{2015 84971 87 95 82 102 95 86 103 87 98 93 87 91 82 102 76 104 100 84 104 76 84 78 78 91 -1.90 0.16 2.90 1.17 1.28 -1.51 29.05 67.59 118.66 7.84 32.88 }
{2019 85131 83 99 78 104 99 84 104 83 94 89 83 91 82 102 76 104 100 84 104 76 84 78 78 91 -15.26 -5.87 2.76 1.22 1.39 -2.90 29.05 67.33 122.93 6.79 32.19 }
{2023 85294 82 102 76 104 100 84 104 79 90 85 79 91 82 102 76 104 100 84 104 76 84 78 78 91 -1.69 0.27 3.19 2.19 1.52 -0.79 29.05 67.70 127.25 6.35 31.12 }
{2027 85458 85 103 79 101 97 87 101 81 86 82 81 88 103 103 92 91 86 93 79 88 82 82 103 86 3.39 0.49 3.57 1.76 1.16 -0.84 28.95 67.30 131.04 5.49 30.89 }
{2031 85619 89 100 78 102 93 91 97 85 88 79 81 90 95 75 78 102 84 92 88 104 99 78 81 104 6.66 -1.06 -6.66 1.50 -0.30 -0.32 29.05 68.85 128.12 4.62 31.35 }
{2035 85780 93 96 78 102 89 92 93 89 92 78 81 94 95 75 78 102 84 92 88 104 99 78 81 104 1.44 3.75 9.39 1.39 1.06 -2.38 29.09 67.99 118.39 4.21 31.89 }
{2039 85940 91 92 81 99 85 95 89 93 90 80 84 98 76 80 91 94 81 99 81 99 79 80 102 100 -2.90 -0.53 2.83 1.45 1.06 -1.55 29.05 68.89 108.55 3.61 31.90 }
{2043 86095 87 88 85 95 81 99 85 97 86 80 88 100 76 80 91 94 81 99 81 99 79 80 102 100 5.24 -1.15 -8.35 1.59 1.22 -0.59 29.05 68.47 107.15 2.97 31.62 }
{2047 86254 83 84 89 94 81 99 81 99 82 80 92 100 76 80 91 94 81 99 81 99 79 80 102 100 5.47 -1.95 -5.65 1.42 0.11 -0.68 29.00 67.06 98.84 2.26 30.46 }
{2051 86414 81 82 90 95 82 100 80 98 80 79 94 99 95 91 83 98 97 102 75 97 100 76 84 99 1.01 -0.65 -2.88 1.18 0.86 -1.79 29.05 65.85 91.43 1.82 30.22 }
{2055 86573 85 86 86 98 86 98 82 94 84 79 96 102 95 101 84 98 93 90 103 94 102 79 98 104 4.07 -0.19 2.32 1.31 0.59 -1.37 29.05 66.07 84.43 1.32 30.17 }
{2059 86731 85 90 86 96 90 94 84 92 88 81 96 102 101 80 100 103 77 82 79 99 81 85 88 80 -1.75 0.19 2.00 2.35 0.77 -2.46 29.09 65.51 78.67 1.28 31.15 }
{2063 86888 89 86 90 100 86 90 80 96 84 85 92 98 101 80 100 103 77 82 79 99 81 85 88 80 9.44 -3.64 -2.46 0.74 0.47 -1.83 29.05 66.16 72.65 0.79 30.80 }
{2067 87049 93 88 94 98 82 86 78 100 86 82 88 94 98 88 97 96 81 77 78 101 92 80 78 94 -2.59 -4.19 -7.14 1.20 0.53 -1.79 29.05 67.41 66.83 0.52 30.95 }
{2071 87204 97 88 97 96 81 82 78 101 90 80 84 94 98 88 97 96 81 77 78 101 92 80 78 94 -12.85 -6.90 7.34 1.18 1.04 -1.57 28.95 70.79 68.33 0.31 31.84 }
{2075 87362 98 88 97 96 81 78 78 101 92 80 80 94 98 88 97 96 81 77 78 101 92 80 78 94 -3.78 -5.77 -5.82 0.74 1.01 -1.00 28.95 70.39 76.53 0.12 32.72 }
{2079 87524 95 85 100 94 84 80 81 98 89 83 82 97 76 85 104 94 93 82 100 81 78 104 92 103 1.41 -1.63 -3.07 0.96 1.34 -1.44 29.05 68.60 84.30 -0.16 32.79 }
{2083 87683 91 85 104 94 88 82 85 94 85 87 86 101 76 85 104 94 93 82 100 81 78 104 92 103 1.79 -0.35 0.90 1.15 1.95 -1.29 29.14 67.66 84.93 -0.27 33.45 }
{2087 87843 87 85 104 94 92 82 89 90 81 91 90 103 76 85 104 94 93 82 100 81 78 104 92 103 -1.55 -3.63 5.57 0.60 1.51 -2.32 29.09 67.10 107.42 -0.00 34.10 }
{2091 88008 89 82 101 93 90 85 87 91 83 89 88 100 93 75 85 93 87 86 82 91 103 77 80 89 1.97 -1.55 -10.00 1.40 0.33 -0.35 29.09 65.40 100.11 0.52 35.03 }
{2095 88167 93 78 97 93 87 86 83 91 87 85 84 96 93 75 85 93 87 86 82 91 103 77 80 89 8.25 3.47 -0.76 0.57 0.72 -1.54 29.14 66.41 92.19 13.37 34.91 }
{2099 88325 96 80 93 90 90 89 84 88 85 87 80 98 104 80 90 78 100 95 84 82 76 91 75 100 6.84 0.05 3.82 1.69 1.34 -1.43 29.05 69.22 106.37 25.82 35.27 }
{2103 88483 94 83 95 86 94 87 87 90 87 85 77 96 91 98 97 80 94 80 101 98 92 84 77 95 -2.01 -1.61 -6.93 1.43 1.24 -1.62 29.14 67.90 98.10 23.59 36.33 }
{2107 88639 91 87 97 82 94 83 91 94 91 84 77 95 91 98 97 80 94 80 101 98 92 84 77 95 -4.03 1.88 -8.20 0.72 0.87 -1.32 29.05 67.35 97.46 21.66 36.35 }
{2111 88796 91 91 97 80 94 80 95 98 92 84 77 95 97 91 94 81 93 97 101 82 91 94 78 98 -1.71 -0.38 -3.65 0.88 1.77 -1.82 29.05 67.53 104.10 19.80 37.18 }
{2115 88955 95 91 94 81 93 84 99 94 91 88 78 98 97 91 94 81 93 97 101 82 91 94 78 98 1.07 -4.06 2.38 0.75 1.56 -1.38 29.05 67.04 110.14 18.02 37.74 }
{2119 89112 97 91 94 81 93 88 101 90 91 92 78 98 97 91 94 81 93 97 101 82 91 94 78 98 0.65 -0.96 2.43 0.54 1.05 -2.12 29.05 67.35 102.61 24.05 39.10 }
{2123 89272 98 94 91 84 90 88 98 92 88 91 81 95 98 100 80 104 86 88 87 99 80 91 88 95 3.00 -3.02 4.69 0.71 1.05 -1.46 29.05 67.53 94.49 21.90 38.83 }
{2127 89430 95 98 93 88 86 85 97 90 84 88 85 92 92 98 100 97 76 82 97 83 78 77 90 89 5.42 -1.83 -4.87 0.78 0.86 -1.46 29.09 66.61 87.37 19.73 37.99 }
{2131 89586 91 99 97 90 82 83 96 86 82 84 87 90 78 104 98 79 81 97 88 82 84 79 82 103 -3.57 -2.24 2.11 0.51 1.65 -0.14 29.05 66.74 107.51 17.70 37.89 }
{2135 89746 87 97 95 86 84 86 92 86 86 80 83 94 75 87 79 77 93 86 75 86 99 79 82 99 5.44 0.85 -2.44 1.28 0.76 -1.06 29.00 67.59 98.86 22.75 37.17 }
{2139 89899 83 93 91 82 88 86 88 86 90 79 82 98 75 87 79 77 93 86 75 86 99 79 82 99 -1.46 -0.79 -3.28 1.91 0.92 -1.98 29.05 66.83 91.34 21.03 35.79 }
{2143 90057 82 95 93 84 92 89 88 89 91 76 85 96 82 97 101 96 97 97 88 101 91 75 100 95 7.39 -1.17 -15.01 1.21 0.58 -0.69 29.05 67.81 99.04 34.48 34.57 }
{2147 90216 82 97 97 88 96 93 88 93 91 75 89 95 82 97 101 96 97 97 88 101 91 75 100 95 8.23 2.57 -0.40 1.67 0.23 -0.75 29.09 67.17 91.50 31.84 34.83 }
{2151 90376 79 94 100 86 100 91 85 97 94 78 93 92 78 81 100 85 102 91 77 99 98 96 102 78 3.71 -1.70 -1.76 1.66 -0.06 -1.69 29.09 66.27 84.28 29.13 34.60 }
{2155 90535 78 90 100 85 102 91 81 99 98 82 97 88 78 81 100 85 102 91 77 99 98 96 102 78 2.94 -0.64 -10.37 1.20 0.29 -1.23 29.05 65.98 77.83 26.45 33.80 }
{2159 90700 81 86 97 88 102 94 83 97 95 86 96 90 90 81 95 104 102 99 96 97 86 96 96 102 1.53 -2.70 -3.95 0.97 0.65 -1.47 29.05 67.84 72.23 24.27 34.28 }
{2163 90859 85 82 95 92 102 98 87 97 91 90 96 94 90 81 95 104 102 99 96 97 86 96 96 102 -2.79 -5.83 15.66 1.22 0.41 -1.52 29.05 67.15 67.60 22.59 36.75 }
{2167 91022 83 78 92 90 99 96 91 94 87 94 93 92 80 76 86 87 91 75 97 89 84 102 90 90 -0.53 1.69 6.86 0.92 0.85 -1.44 29.05 70.56 62.04 20.45 36.40 }
{2171 91177 85 80 88 86 95 92 92 90 83 92 95 88 91 84 88 80 94 81 92 76 78 76 98 78 0.34 0.23 -15.63 1.03 1.15 -0.43 29.05 67.28 63.52 18.41 34.40 }
{2175 91334 84 82 91 82 91 94 95 92 79 94 93 90 84 82 96 78 80 99 99 101 78 102 76 95 1.76 0.20 -2.44 0.31 0.71 -0.79 29.00 66.41 58.11 22.91 34.92 }
{2179 91492 85 83 93 84 89 94 93 90 81 94 91 88 75 80 87 94 90 100 80 75 93 94 100 82 9.38 0.08 -0.27 -0.08 0.33 0.08 29.09 67.91 53.44 35.10 35.17 }
{2183 91648 87 85 89 88 87 92 89 91 85 91 89 84 87 90 89 88 77 76 77 91 101 91 85 76 5.64 0.56 -6.32 1.26 0.22 -1.22 29.05 66.97 49.46 32.16 34.81 }
{2187 91802 87 89 89 88 83 88 85 91 89 91 85 80 87 90 89 88 77 76 77 91 101 91 85 76 3.62 -0.50 -0.26 1.38 1.32 -1.76 29.05 66.68 52.80 29.39 35.05 }
{2191 91961 84 90 92 85 79 90 81 94 93 88 83 80 84 90 104 81 77 98 76 97 100 82 83 80 0.00 1.88 0.11 1.50 1.30 -1.31 29.05 67.46 68.93 26.70 35.07 }
{2195 92114 84 90 96 81 77 94 77 97 97 84 83 80 84 90 104 81 77 98 76 97 100 82 83 80 0.31 0.68 -3.69 1.94 1.14 -1.23 29.05 67.30 84.74 24.66 35.02 }
{2199 92273 87 93 94 84 80 98 76 94 95 86 86 83 87 103 94 88 103 101 76 91 83 94 99 92 1.65 -0.90 -2.27 1.40 0.79 -1.35 28.95 66.74 78.40 22.32 35.50 }
{2203 92431 87 97 94 88 84 101 76 91 91 90 90 87 87 103 94 88 103 101 76 91 83 94 99 92 -1.00 -4.80 11.28 0.15 -0.10 -0.29 28.91 67.06 72.31 20.29 36.16 }
{2207 92596 90 95 91 91 88 98 79 94 93 94 94 90 101 94 84 95 89 79 103 101 99 102 100 90 4.84 -3.72 10.35 0.66 0.18 -1.48 29.05 66.63 66.85 18.36 36.80 }
{2211 92754 94 94 87 95 89 94 83 98 97 98 98 90 101 94 84 95 89 79 103 101 99 102 100 90 2.92 -5.84 4.38 1.72 0.87 -1.85 29.00 67.19 68.97 16.72 37.86 }
{2215 92914 98 94 84 95 89 90 87 101 99 102 100 90 101 94 84 95 89 79 103 101 99 102 100 90 -6.38 -8.45 1.47 1.02 1.27 -1.52 29.00 67.62 70.16 14.91 38.75 }
{2219 93081 96 97 87 98 88 86 85 98 96 99 97 87 75 104 93 103 88 77 79 91 75 95 82 80 -3.54 -5.51 3.63 1.19 0.91 -1.54 29.14 66.92 71.16 13.57 39.06 }
{2223 93238 92 101 91 102 88 82 81 94 92 95 93 83 75 104 93 103 88 77 79 91 75 95 82 80 -4.99 -3.46 -5.24 0.83 1.21 -0.30 29.09 67.24 93.40 12.12 38.17 }
{2227 93399 88 104 93 103 88 78 79 91 88 95 89 80 83 96 92 104 92 76 92 95 85 95 101 103 -5.69 -1.54 -5.36 1.03 0.94 -2.12 28.95 67.75 100.12 11.23 38.21 }
{2231 93561 84 100 92 104 92 76 83 95 85 95 93 84 83 96 92 104 92 76 92 95 85 95 101 103 1.90 -3.20 -0.49 0.60 1.45 -1.68 29.14 68.02 113.17 9.95 37.69 }
{2235 93722 83 96 92 104 92 76 87 95 85 95 97 88 83 96 92 104 92 76 92 95 85 95 101 103 -0.82 -2.28 -1.97 0.83 0.92 -1.68 29.09 67.50 111.53 9.37 38.36 }
{2239 93886 86 99 89 101 95 78 86 98 88 92 99 86 98 100 80 87 102 78 86 104 100 91 99 80 4.43 0.28 -0.09 1.48 1.20 -1.76 29.24 68.13 123.72 8.43 38.20 }
{2243 94046 85 103 85 97 99 81 89 101 86 94 98 88 85 103 81 84 104 100 100 101 76 96 98 90 5.23 -3.00 1.63 2.16 1.35 -1.94 29.14 67.79 142.02 14.23 38.13 }
{2247 94209 88 100 87 93 98 79 93 98 88 92 95 86 91 98 88 75 98 78 101 97 97 83 87 82 2.26 2.16 3.97 1.40 1.40 -1.78 29.09 66.21 145.04 18.70 39.46 }
{2251 94364 91 98 88 89 98 78 97 97 92 88 91 82 77 79 91 87 89 84 80 91 104 76 83 76 3.50 -0.97 5.05 1.58 0.75 -1.28 29.09 66.48 140.87 17.70 40.20 }
{2255 94522 87 94 91 87 94 82 93 93 96 84 87 78 77 79 91 87 89 84 80 91 104 76 83 76 -1.20 4.19 4.18 0.71 0.70 -1.73 29.00 67.32 143.49 16.35 39.54 }
{2259 94679 83 90 91 87 90 84 89 91 100 80 83 76 77 79 91 87 89 84 80 91 104 76 83 76 9.35 3.29 -17.21 1.13 1.03 -0.51 29.09 67.24 138.31 14.65 38.06 }
{2263 94837 79 86 91 87 89 84 85 91 104 76 83 76 77 79 91 87 89 84 80 91 104 76 83 76 -2.32 -5.54 -10.92 1.90 1.22 -1.07 29.05 66.76 149.42 13.83 37.52 }
{2267 95000 81 86 91 90 92 87 87 91 101 79 82 79 97 86 91 95 104 102 87 91 78 89 82 89 10.80 2.74 -5.30 0.92 1.22 -0.44 29.09 67.08 145.45 12.99 36.49 }
{2271 95161 79 89 94 88 94 91 90 94 101 82 85 83 75 102 103 75 94 97 91 96 101 82 101 102 0.92 0.94 0.90 0.92 1.39 -1.88 29.05 67.41 142.10 12.26 37.79 }
{2275 95320 75 93 98 84 94 95 91 96 101 82 89 87 75 102 103 75 94 97 91 96 101 82 101 102 1.29 2.52 -17.13 1.77 1.23 -1.28 29.05 65.65 138.98 11.91 37.48 }
{2279 95485 78 91 96 86 91 93 94 93 98 85 93 87 81 77 85 102 75 91 101 80 91 94 102 87 2.90 -0.82 1.13 1.26 1.02 -1.60 29.09 66.39 128.06 10.94 36.72 }
{2283 95643 81 87 92 90 87 91 98 89 94 89 97 87 81 77 85 102 75 91 101 80 91 94 102 87 -1.03 -3.89 9.99 1.25 0.89 -2.49 29.05 65.65 132.06 9.99 36.96 }
{2287 95802 81 83 88 94 83 91 101 85 91 93 101 87 81 77 85 102 75 91 101 80 91 94 102 87 3.74 1.56 6.86 0.85 1.45 -1.19 29.05 65.69 128.68 8.92 37.13 }
{2291 95963 84 79 90 92 85 90 98 86 94 97 99 90 101 79 95 92 89 90 78 86 98 102 92 99 0.81 -1.69 -2.29 1.11 1.42 -1.66 29.00 68.49 132.83 8.00 36.76 }
{2295 96119 88 79 94 92 89 90 94 86 98 101 95 94 101 79 95 92 89 90 78 86 98 102 92 99 -3.72 -5.78 -2.95 0.91 0.39 -0.90 29.14 67.84 136.44 6.30 36.33 }
{2299 96278 92 79 95 92 89 90 90 86 98 102 92 98 101 79 95 92 89 90 78 86 98 102 92 99 -2.00 -1.52 14.47 0.50 1.74 -1.96 29.00 67.75 153.16 5.46 38.92 }
{2303 96441 90 76 97 95 90 93 92 89 95 99 89 98 90 76 97 101 90 102 94 90 75 87 81 98 -2.33 -2.70 -2.06 1.11 0.98 -1.55 28.95 68.75 154.98 4.90 39.53 }
{2307 96599 90 76 97 99 90 97 94 90 91 95 85 98 90 76 97 101 90 102 94 90 75 87 81 98 5.78 3.04 4.60 1.00 0.84 -1.13 29.09 68.09 142.90 4.42 40.25 }
{2311 96754 90 76 97 101 90 101 94 90 87 91 81 98 90 76 97 101 90 102 94 90 75 87 81 98 6.48 0.37 1.27 1.32 0.41 -1.07 28.95 68.40 132.30 3.80 40.20 }
{2315 96914 92 78 95 99 92 100 96 92 87 87 83 96 104 95 81 98 100 96 100 92 103 81 94 91 7.47 0.88 1.66 1.40 0.43 -1.37 29.05 69.16 122.46 3.26 40.16 }
{2319 97073 96 82 91 98 96 96 100 92 91 83 87 92 104 95 81 98 100 96 100 92 103 81 94 91 -1.49 0.65 10.84 1.78 0.51 -2.80 29.09 69.67 113.97 2.87 40.40 }
{2323 97234 98 84 87 99 98 95 99 91 93 82 90 90 80 79 82 104 77 79 92 80 77 89 90 82 -0.45 -0.09 -7.16 2.08 0.57 -1.02 28.91 70.05 106.42 1.81 41.14 }
{2327 97391 94 80 83 103 94 91 95 87 89 86 90 86 80 79 82 104 77 79 92 80 77 89 90 82 -1.61 -1.89 -16.27 1.02 0.98 -1.16 29.05 67.30 98.27 1.80 41.11 }
{2331 97552 90 82 85 101 96 87 96 89 91 86 93 88 83 101 95 101 98 87 96 103 98 86 97 104 6.45 -0.18 7.13 0.86 1.30 -1.40 29.05 67.37 96.58 0.64 39.48 }
{2335 97711 92 86 87 98 98 90 95 87 89 84 91 92 96 91 87 92 98 103 95 86 85 84 87 99 -9.03 0.51 1.22 1.33 0.72 -0.42 29.14 68.53 88.45 0.39 40.29 }
{2339 97866 96 86 90 94 95 88 92 83 91 86 87 96 100 86 104 84 88 88 92 83 93 86 85 99 3.90 0.54 -2.46 1.28 0.35 -0.88 29.05 69.67 82.20 0.32 40.83 }
{2343 98022 94 89 88 90 97 85 95 86 90 89 89 94 84 94 85 84 99 82 101 86 90 97 92 77 -4.06 1.53 9.74 0.95 1.34 -1.57 29.00 71.23 88.99 0.01 39.98 }
{2347 98176 90 93 85 86 99 82 99 86 90 93 92 90 84 94 85 84 99 82 101 86 90 97 92 77 -1.32 2.77 -6.79 1.60 1.28 -2.64 29.09 69.00 81.88 -0.30 40.10 }
{2351 98334 92 91 82 88 96 85 97 89 93 97 89 92 104 86 75 102 86 88 83 100 95 99 84 102 4.34 -0.65 -3.71 0.92 1.39 -1.75 28.95 70.01 82.44 -0.73 40.14 }
{2355 98493 96 87 78 92 92 88 93 93 95 99 85 96 104 86 75 102 86 88 83 100 95 99 84 102 1.82 -0.64 -3.45 1.98 1.09 -0.42 29.05 67.08 75.37 -0.88 39.94 }
{2359 98652 100 86 75 96 88 88 89 97 95 99 84 100 104 86 75 102 86 88 83 100 95 99 84 102 3.50 -0.91 8.29 2.26 1.25 -1.64 29.00 67.62 76.49 5.47 40.66 }
{2363 98814 98 89 78 100 90 91 85 95 92 102 81 100 89 91 80 101 96 91 77 91 75 102 79 100 6.81 -1.69 0.84 0.56 2.73 -3.01 28.95 68.28 97.98 4.91 42.67 }
{2367 98972 94 91 80 101 94 91 81 91 88 102 79 100 89 91 80 101 96 91 77 91 75 102 79 100 -1.52 -1.09 -13.11 0.72 0.83 -1.56 29.00 67.66 98.14 2.74 41.81 }
{2371 99138 90 88 81 98 98 94 77 88 84 99 82 97 80 87 81 96 103 99 76 84 78 76 96 81 -2.38 -3.05 -13.74 1.47 0.43 -1.30 29.09 67.70 111.03 2.07 41.91 }
{2375 99296 86 87 81 96 102 98 76 84 80 95 86 93 80 87 81 96 103 99 76 84 78 76 96 81 1.35 0.30 -7.50 1.10 0.67 -1.97 29.09 68.57 109.44 1.40 40.90 }
{2379 99452 82 87 81 96 103 99 76 84 78 91 90 89 80 87 81 96 103 99 76 84 78 76 96 81 9.68 0.16 -6.35 1.62 0.24 -1.11 29.14 77.18 100.94 0.26 40.21 }
{2383 99612 84 90 84 93 100 100 79 87 75 93 94 89 85 94 96 84 94 100 94 87 75 101 104 89 4.97 -8.13 -4.15 1.17 0.45 -0.77 29.00 71.52 93.62 0.18 40.00 }
{2387 99773 88 88 88 89 96 97 77 90 78 91 98 88 94 87 88 78 85 83 75 104 100 82 104 88 -2.62 -4.70 -16.53 0.99 0.69 -1.57 29.09 71.10 87.00 0.52 40.95 }
{2391 99933 88 87 85 85 92 93 79 88 82 88 96 85 88 87 79 78 88 80 86 85 84 88 93 82 -6.50 2.52 -1.59 1.61 0.34 -1.17 29.05 76.98 81.36 0.41 41.68 }
{2395 100084 88 87 81 81 88 89 83 85 84 88 93 82 88 87 79 78 88 80 86 85 84 88 93 82 -8.62 0.45 -4.98 1.28 0.67 -2.51 29.09 67.91 75.08 0.12 42.18 }
{2399 100244 91 84 83 81 87 91 85 86 85 91 90 84 97 77 101 97 76 99 85 101 92 92 85 93 4.36 -0.06 12.24 1.22 1.14 -0.84 29.09 68.53 76.37 0.15 40.83 }
{2403 100399 95 80 87 85 83 95 85 90 89 92 86 88 97 77 101 97 76 99 85 101 92 92 85 93 -1.34 -0.76 5.36 0.56 0.65 -1.29 29.05 67.95 70.23 -0.46 40.95 }
{2407 100559 93 76 88 83 85 93 87 88 87 89 82 92 76 75 88 75 93 79 87 87 78 85 76 92 -3.58 0.46 7.94 1.42 1.12 -1.68 29.14 67.06 64.73 -0.63 42.03 }
{2411 100714 89 75 88 79 89 89 87 87 83 85 78 92 76 75 88 75 93 79 87 87 78 85 76 92 -0.09 3.21 1.33 1.46 0.83 -1.33 29.00 67.59 58.88 -0.73 41.93 }
{2415 100873 85 78 85 81 91 85 86 84 85 88 78 95 78 82 79 84 86 84 95 76 101 94 94 100 -4.84 -3.46 0.58 1.47 0.93 -1.57 29.05 67.33 53.65 -1.13 41.38 }
{2419 101029 81 82 81 84 87 84 90 80 89 92 82 99 78 82 79 84 86 84 95 76 101 94 94 100 0.69 -3.14 0.28 1.36 1.42 -2.23 28.95 68.33 56.71 -0.69 41.34 }
{2423 101186 78 82 79 84 86 84 94 76 93 94 86 100 78 82 79 84 86 84 95 76 101 94 94 100 -7.37 -1.26 -8.08 0.85 0.23 -1.18 29.05 66.97 52.53 -0.62 40.13 }
{2427 101350 81 83 82 82 89 87 98 79 92 97 84 97 82 83 85 82 100 97 102 98 92 97 77 89 1.35 -1.78 1.27 1.00 1.23 -1.52 29.00 66.07 62.91 -0.79 41.05 }
{2431 101508 81 86 82 79 89 91 96 83 89 94 86 97 81 94 82 78 89 103 84 97 87 82 94 97 -1.93 -0.74 -4.30 1.25 1.08 -1.08 29.05 67.28 79.06 -1.02 41.04 }
{2435 101666 84 84 85 81 92 94 95 87 85 95 86 94 93 79 98 89 102 94 95 92 78 95 86 90 11.74 0.02 1.71 1.40 0.28 -0.88 29.05 67.10 73.29 -1.36 40.45 }
{2439 101824 82 84 84 85 90 91 97 91 87 92 89 90 80 84 84 92 88 83 97 91 104 87 97 88 0.77 -0.71 0.40 1.50 0.53 -1.20 29.05 66.70 74.96 -1.75 42.08 }
{2443 101979 80 84 84 89 88 87 97 91 91 88 93 88 80 84 84 92 88 83 97 91 104 87 97 88 -0.61 1.44 -1.07 1.21 0.64 -1.05 29.05 66.57 75.41 -1.64 41.81 }
{2447 102136 80 84 84 92 88 83 97 91 95 87 97 88 80 84 84 92 88 83 97 91 104 87 97 88 -0.07 -1.96 -0.90 1.05 0.96 -1.56 29.14 67.15 76.42 -1.79 42.02 }
{2451 102298 79 81 81 95 85 86 94 88 93 89 94 86 79 76 79 96 81 86 75 87 90 89 82 86 0.98 -1.12 -2.59 1.46 0.70 -1.52 29.14 66.61 70.10 -1.96 41.95 }
{2455 102455 77 83 80 93 83 89 90 84 90 86 96 86 77 92 80 85 83 95 79 84 90 85 99 86 0.65 0.54 -0.63 0.80 1.43 -1.00 29.05 67.10 77.58 -2.71 39.70 }
{2459 102609 77 87 80 89 83 93 86 84 90 85 99 86 77 92 80 85 83 95 79 84 90 85 99 86 6.37 0.97 -6.34 1.50 0.61 -0.39 29.05 67.24 78.43 -2.63 39.50 }
{2463 102765 77 91 80 85 83 95 82 84 90 85 99 86 77 92 80 85 83 95 79 84 90 85 99 86 4.75 -1.31 -7.92 1.78 0.61 -1.16 29.05 68.24 72.66 -2.72 39.46 }
{2467 102925 80 89 78 88 86 92 78 87 87 88 96 83 81 82 78 96 100 88 76 103 86 99 88 83 6.08 -1.96 -8.20 1.67 0.58 -1.15 29.09 68.29 67.09 -2.59 39.38 }
{2471 103084 84 85 81 92 84 93 80 90 83 92 96 86 90 85 99 92 76 93 81 90 78 99 96 99 3.41 0.33 0.31 1.06 0.48 -1.28 29.05 68.22 62.34 -2.50 39.73 }
{2475 103238 88 84 85 93 82 94 82 91 81 94 95 88 97 77 104 104 87 102 103 96 92 80 82 80 -0.10 -2.19 6.55 0.25 0.30 -1.36 29.14 67.04 57.55 4.53 40.36 }
{2479 103399 92 86 89 97 82 92 86 89 84 96 97 88 94 88 98 102 82 77 98 75 84 98 100 88 3.61 -3.19 3.74 0.56 0.50 -1.25 29.09 66.66 53.35 4.09 41.27 }
{2483 103556 90 84 90 101 85 88 84 85 81 94 100 87 86 83 90 104 104 87 77 83 80 81 100 87 -2.16 -1.84 11.13 0.49 0.91 -1.54 29.00 67.17 48.55 3.48 41.98 }
{2487 103715 86 83 90 104 89 87 80 83 80 90 100 87 86 83 90 104 104 87 77 83 80 81 100 87 -2.03 -1.06 -5.89 0.99 1.34 -0.78 29.05 67.10 58.11 2.73 42.22 }
{2491 103878 86 83 90 104 93 87 77 83 80 86 100 87 86 83 90 104 104 87 77 83 80 81 100 87 -0.88 0.86 -6.67 1.43 0.04 -0.80 28.91 67.46 53.74 1.66 42.93 }
{2495 104043 85 84 89 101 91 86 80 81 83 86 99 84 88 84 81 100 81 89 99 75 102 76 101 75 0.31 -1.15 -0.55 0.92 0.80 -1.43 29.00 68.11 49.40 0.90 42.88 }
{2499 104200 88 84 85 100 87 89 84 77 87 82 101 80 88 84 81 100 81 89 99 75 102 76 101 75 6.40 5.30 7.83 0.67 0.84 -1.36 29.09 67.62 53.08 0.96 42.28 }
{2503 104358 88 84 81 100 83 89 88 75 91 78 101 76 88 84 81 100 81 89 99 75 102 76 101 75 -4.36 4.85 2.76 2.08 1.16 -1.43 29.09 67.68 56.77 0.99 42.61 }
{2507 104521 91 87 83 102 85 86 86 78 89 80 98 78 104 99 83 102 95 81 79 87 88 93 86 79 -1.66 -1.41 -0.14 1.47 0.65 -1.65 29.05 66.81 52.72 0.60 43.03 }
{2511 104679 95 91 83 102 89 82 82 82 88 84 94 79 104 99 83 102 95 81 79 87 88 93 86 79 10.08 -1.80 -2.67 1.35 0.34 -2.35 28.95 67.79 48.59 0.25 43.53 }
{2515 104840 99 95 83 102 93 81 79 86 88 88 90 79 101 85 97 89 76 94 77 86 95 78 104 99 5.29 -4.36 -3.94 1.21 0.91 -0.85 29.05 67.88 50.51 0.93 42.72 }
{2519 104999 101 91 87 98 89 85 77 86 92 84 94 83 101 85 97 89 76 94 77 86 95 78 104 99 2.37 1.79 1.18 0.82 0.72 -1.08 29.05 68.19 46.82 0.41 43.32 }
{2523 105157 103 93 91 94 85 83 80 89 90 86 92 81 103 100 100 87 76 83 92 97 90 96 77 81 4.52 2.13 -3.28 1.16 1.32 -1.18 29.05 67.91 49.82 0.01 43.73 }
{2527 105317 101 93 91 90 85 85 80 93 88 90 92 83 85 75 86 90 87 88 76 103 83 102 92 104 0.84 -2.51 -8.44 1.29 0.83 -2.12 29.05 69.76 46.53 -0.20 43.98 }
{2531 105477 97 89 87 90 87 88 76 97 84 94 92 87 85 75 86 90 87 88 76 103 83 102 92 104 0.57 -5.83 -8.55 1.02 0.59 -1.30 29.14 68.53 56.78 -0.94 43.60 }
{2535 105638 99 91 89 87 84 85 79 95 86 98 95 91 100 94 100 84 80 82 91 90 98 104 101 93 2.92 -2.16 3.34 1.40 1.34 -2.55 29.09 67.46 80.08 5.50 43.61 }
{2539 105797 97 89 91 89 86 81 83 92 90 101 95 95 96 77 91 103 100 80 104 92 92 101 95 95 -0.30 -1.32 7.62 -0.01 2.37 -1.70 29.09 69.31 87.77 11.85 44.28 }
{2543 105958 96 85 91 93 90 80 87 92 92 101 95 95 96 77 91 103 100 80 104 92 92 101 95 95 -7.46 -0.80 1.31 0.68 1.21 -2.16 29.09 68.22 94.62 11.07 44.88 }
