N T EM1 EM2 EM3 EM4 EM5 EM6 EM7 EM8 EM9 EM10 EM11 EM12 CM1 CM2 CM3 CM4 CM5 CM6 CM7 CM8 CM9 CM10 CM11 CM12 GyX GyY GyZ AcX AcY AcZ Tmp HCSR X Y Z
{0 5537 93 93 93 93 93 93 93 93 93 93 93 93 87 89 93 98 90 92 84 98 83 89 80 85 1.68 -0.36 -0.32 1.21 0.38 -1.26 29.09 64.60 -0.48 -3.10 -26.61 }
{4 5685 89 89 90 91 89 89 92 91 89 89 95 89 82 87 83 87 89 80 92 83 89 89 97 80 -0.15 -0.25 -1.02 0.99 0.43 -1.16 29.19 64.85 -0.37 -3.12 -26.54 }
{8 5836 85 87 86 87 89 85 92 87 89 89 97 85 82 87 83 87 89 80 92 83 89 89 97 80 -0.97 0.10 -14.35 1.17 0.56 -1.45 29.14 64.08 -0.31 -3.42 -27.36 }
{12 5992 87 90 88 90 92 86 92 87 90 92 99 87 99 98 96 95 97 86 92 87 90 93 99 89 0.16 1.38 0.92 0.98 0.54 -1.90 29.24 63.86 -0.15 -3.16 -27.15 }
{16 6142 91 94 92 94 96 86 92 87 90 93 99 89 99 98 96 95 97 86 92 87 90 93 99 89 -11.10 -2.47 2.26 0.60 0.60 -1.56 29.28 63.93 7.20 -3.14 -26.30 }
{20 6296 95 98 96 95 97 86 92 87 90 93 99 89 99 98 96 95 97 86 92 87 90 93 99 89 -3.57 -1.96 -4.09 1.05 -0.21 -0.95 29.09 64.28 13.80 -3.29 -26.12 }
{24 6453 97 97 95 94 96 85 91 88 91 94 98 88 81 87 92 93 96 85 85 88 91 94 97 81 6.37 0.17 2.38 1.13 0.31 -1.32 29.19 64.89 12.92 -3.34 -26.01 }
{28 6603 93 93 92 93 96 85 87 88 91 94 97 84 81 87 92 93 96 85 85 88 91 94 97 81 2.45 0.10 -7.97 1.35 -0.41 -1.46 29.19 64.64 12.40 -3.53 -27.04 }
{32 6758 89 89 92 93 96 85 85 88 91 94 97 81 81 87 92 93 96 85 85 88 91 94 97 81 4.66 -1.80 -3.66 0.79 0.38 -1.42 29.09 63.90 11.63 -3.65 -27.27 }
{36 6914 88 85 89 90 93 88 88 85 88 91 94 84 88 84 88 90 84 96 90 83 82 86 89 84 2.65 -1.05 -0.69 1.23 0.53 -1.53 29.19 64.84 10.96 -3.64 -27.14 }
{40 7067 91 87 88 88 93 92 86 87 90 87 94 83 85 89 95 94 89 81 97 95 85 84 91 98 1.59 -9.44 -12.99 1.24 -0.10 2.95 29.14 63.68 10.27 -3.46 -27.28 }
{44 7222 87 89 92 92 89 88 90 91 86 84 91 87 85 89 95 94 89 81 97 95 85 84 91 98 1.61 1.29 8.52 1.34 0.92 -0.96 29.14 63.90 9.33 -4.10 -27.39 }
{48 7373 83 86 90 92 86 90 94 95 84 81 94 91 83 85 82 92 86 96 97 98 84 81 97 91 3.45 3.90 9.68 0.77 1.14 -0.70 29.19 63.84 15.73 -3.98 -27.14 }
{52 7523 83 85 86 92 86 94 97 98 84 81 97 91 83 85 82 92 86 96 97 98 84 81 97 91 6.17 1.00 2.89 2.27 0.24 -1.44 29.09 63.70 14.90 -4.32 -26.76 }
{56 7677 86 88 88 95 89 92 94 95 85 84 95 94 97 98 97 97 94 84 89 91 85 95 95 98 4.00 0.71 2.43 2.05 0.22 -1.65 29.09 63.48 14.29 2.49 -26.94 }
{60 7828 90 88 92 95 93 92 90 95 87 88 93 94 82 85 82 92 87 81 95 92 91 81 90 91 6.94 -2.74 9.91 1.75 -0.13 -1.59 29.19 62.86 13.60 1.47 -27.35 }
{64 7981 92 90 90 91 95 94 88 92 91 90 95 94 97 96 90 80 99 95 86 92 98 95 99 94 1.84 -3.75 -8.21 1.06 -0.47 -0.98 29.14 63.80 12.77 1.09 -27.05 }
{68 8133 96 94 90 87 99 95 86 92 95 94 99 94 97 96 90 80 99 95 86 92 98 95 99 94 -2.61 -6.31 -8.09 0.85 -0.08 -1.03 29.19 63.28 18.95 0.69 -26.66 }
{72 8290 94 92 87 86 96 92 89 90 98 94 96 91 89 80 85 86 83 86 93 90 98 94 80 84 0.45 -4.83 1.95 2.07 -0.27 0.17 29.24 63.77 17.60 0.47 -26.19 }
{76 8441 94 88 89 83 98 88 90 90 99 91 92 87 94 86 94 83 98 84 90 90 99 83 87 85 6.05 2.17 -10.30 1.02 0.39 -1.34 29.19 64.57 15.86 7.23 -27.00 }
{80 8593 94 86 93 83 98 84 90 90 99 87 88 85 94 86 94 83 98 84 90 90 99 83 87 85 -3.66 -3.92 -4.00 0.60 0.24 -0.96 29.14 64.47 14.89 6.97 -25.72 }
{84 8749 92 88 92 85 96 85 88 88 97 87 89 87 92 99 87 85 96 85 83 80 84 88 95 95 2.25 0.57 0.76 1.32 0.31 -0.89 29.28 64.24 13.62 6.02 -25.61 }
{88 8897 92 92 88 85 96 85 84 84 93 88 93 91 92 99 87 85 96 85 83 80 84 88 95 95 0.03 -6.38 -5.98 1.19 0.34 -1.18 29.19 64.98 12.46 5.42 -25.80 }
{92 9050 92 96 87 85 96 85 83 80 89 88 95 95 92 99 87 85 96 85 83 80 84 88 95 95 1.81 1.52 5.51 -0.04 0.69 -1.08 29.28 64.22 11.67 32.26 -26.02 }
{96 9205 94 94 90 88 93 84 86 83 91 91 95 92 94 82 91 99 92 84 95 98 96 92 95 91 2.95 0.83 2.47 0.73 0.16 -1.21 29.24 64.78 11.04 29.40 -25.89 }
{100 9355 94 90 91 92 92 84 90 87 95 92 95 91 94 82 91 99 92 84 95 98 96 92 95 91 7.78 3.26 8.35 1.79 -0.27 -0.66 29.19 64.96 11.06 27.18 -24.66 }
{104 9510 91 92 93 90 89 87 88 91 93 95 92 88 89 97 93 87 85 90 82 91 88 97 81 85 -0.99 1.09 -6.76 0.70 0.23 -1.40 29.24 64.02 10.03 24.74 -24.84 }
{108 9664 89 96 93 87 85 90 84 91 89 97 88 85 89 97 93 87 85 90 82 91 88 97 81 85 5.84 -2.25 -15.25 1.08 0.03 -1.02 29.14 62.56 9.56 22.67 -25.63 }
{112 9821 88 95 96 87 88 93 86 94 85 94 84 88 88 95 96 87 99 94 91 96 81 92 80 94 7.55 0.80 -4.56 2.08 0.17 -0.43 29.19 63.53 8.99 20.84 -25.58 }
{116 9971 88 95 96 87 92 94 90 96 81 92 80 92 88 95 96 87 99 94 91 96 81 92 80 94 -6.59 -1.03 11.88 1.09 0.61 -0.53 29.09 63.59 7.86 18.76 -24.77 }
{120 10126 88 95 96 87 96 94 91 96 81 92 80 94 88 95 96 87 99 94 91 96 81 92 80 94 -0.81 0.65 1.89 1.40 0.42 -1.37 29.14 63.82 7.28 17.04 -24.57 }
{124 10283 91 92 93 90 94 91 88 95 84 89 83 91 95 89 87 95 93 89 80 95 95 86 83 82 2.89 0.14 0.93 1.03 0.14 -1.69 29.14 64.42 6.97 15.45 -24.37 }
{128 10435 91 89 91 90 95 88 88 93 88 85 85 91 88 89 91 84 98 88 97 91 89 83 91 91 15.00 2.01 2.32 1.50 0.58 -1.00 29.24 64.75 7.00 27.49 -26.15 }
{132 10591 93 88 92 88 93 89 90 93 92 87 89 88 96 84 97 88 84 90 90 96 92 94 97 84 -1.02 -1.83 -1.34 1.28 0.61 -1.68 29.28 64.29 6.73 25.40 -24.94 }
{136 10743 96 84 96 88 89 90 90 96 92 91 93 84 96 84 97 88 84 90 90 96 92 94 97 84 5.79 1.14 -2.93 0.36 0.07 -0.94 29.14 63.91 6.09 30.03 -25.30 }
{140 10897 96 84 97 88 85 90 90 96 92 94 97 84 96 84 97 88 84 90 90 96 92 94 97 84 -2.70 -3.73 5.37 2.01 0.67 -2.26 29.09 65.09 5.81 27.93 -25.26 }
{144 11054 93 85 98 91 87 89 93 93 89 91 94 82 88 85 98 99 89 89 93 83 87 87 93 82 1.61 0.92 1.86 0.88 0.37 -1.41 29.14 64.09 5.51 25.51 -25.27 }
{148 11207 93 87 96 91 87 87 91 90 85 91 95 84 96 93 84 90 86 80 84 90 85 96 98 95 2.57 -1.20 -0.59 1.41 0.45 -1.64 29.24 64.15 5.14 23.41 -24.84 }
{152 11362 97 91 98 87 89 89 93 93 88 95 93 88 97 96 98 86 97 91 98 94 99 97 93 91 4.36 -0.94 2.12 1.19 0.30 -1.49 29.33 64.40 5.04 21.16 -24.63 }
{156 11513 97 95 98 86 93 91 97 94 92 97 93 91 97 96 98 86 97 91 98 94 99 97 93 91 -6.12 -2.39 5.79 1.33 0.31 -2.00 29.19 63.33 4.77 19.28 -23.69 }
{160 11670 95 94 97 88 93 89 96 96 92 98 91 93 82 93 97 91 88 89 93 97 84 98 80 94 -1.34 -2.99 -0.76 1.16 0.36 -1.44 29.24 64.58 4.06 17.55 -23.66 }
{164 11825 91 93 97 91 89 89 93 97 88 98 87 94 82 93 97 91 88 89 93 97 84 98 80 94 -1.00 -0.42 -2.41 0.92 0.62 -1.27 29.09 64.09 3.40 15.96 -23.93 }
{168 11980 87 93 97 91 88 89 93 97 84 98 83 94 82 93 97 91 88 89 93 97 84 98 80 94 5.36 -0.90 3.08 0.82 0.39 -0.68 29.14 63.28 3.16 14.34 -24.28 }
{172 12137 89 90 94 90 91 86 90 98 81 95 85 97 95 87 80 90 95 86 87 98 80 86 95 97 -2.44 -0.94 -0.84 1.47 0.42 -1.19 29.19 65.18 2.99 13.09 -24.03 }
{176 12293 93 92 90 93 95 89 86 95 83 91 83 97 94 93 80 94 98 97 85 89 95 83 82 97 0.61 2.17 10.06 1.17 -0.83 -1.91 29.19 62.83 3.20 12.07 -23.23 }
{180 12446 94 93 86 94 98 93 85 91 87 87 82 97 94 93 80 94 98 97 85 89 95 83 82 97 -3.58 -9.51 -3.42 0.71 0.24 -0.87 29.19 64.85 3.33 24.42 -23.17 }
{184 12602 94 93 82 94 98 97 85 89 91 83 82 97 94 93 80 94 98 97 85 89 95 83 82 97 6.87 1.24 3.22 1.35 -0.41 -0.81 29.14 64.91 3.21 22.27 -23.54 }
{188 12758 96 91 82 92 96 95 87 87 91 85 84 99 99 87 87 89 95 83 93 83 88 85 98 99 2.08 2.40 1.28 1.32 0.45 -0.86 29.19 64.40 3.03 20.56 -23.44 }
{192 12909 99 87 86 89 95 91 91 83 88 85 88 99 99 87 87 89 95 83 93 83 88 85 98 99 -3.54 -0.44 6.14 0.54 0.80 -1.33 29.24 64.15 2.77 18.43 -22.62 }
{196 13066 96 84 90 92 92 93 89 86 91 82 86 96 90 84 92 93 83 97 80 90 91 80 83 80 -1.48 -2.15 -2.96 0.80 0.15 -1.79 29.19 62.36 2.75 16.97 -22.63 }
{200 13219 92 84 92 93 88 97 85 90 91 80 83 92 90 84 92 93 83 97 80 90 91 80 83 80 15.16 0.25 -15.66 1.76 0.15 -0.62 29.28 64.18 9.54 21.31 -24.94 }
{204 13378 93 87 89 96 90 94 81 93 92 83 86 88 93 98 83 96 90 94 80 99 92 94 89 82 7.16 -0.13 -7.10 1.66 0.29 -1.50 29.24 64.71 8.95 19.72 -25.07 }
{208 13532 91 90 91 93 90 91 83 91 91 87 90 86 91 90 99 83 90 80 83 90 91 89 98 86 0.69 -0.96 -4.69 1.21 0.27 -1.49 29.14 65.29 8.58 18.07 -24.80 }
{212 13685 91 90 95 89 90 87 83 90 91 89 94 86 91 90 99 83 90 80 83 90 91 89 98 86 -3.54 -1.05 -8.49 1.48 0.56 -1.57 29.19 64.33 8.26 16.89 -23.95 }
{216 13841 91 90 99 85 90 83 83 90 91 89 98 86 91 90 99 83 90 80 83 90 91 89 98 86 -4.03 -1.52 -4.24 0.74 0.95 -1.72 29.24 63.68 7.73 15.21 -24.10 }
{220 13999 90 87 96 84 87 85 86 91 88 86 98 89 90 81 96 84 84 98 96 91 84 80 98 91 1.85 0.07 0.46 0.99 0.65 -1.27 29.14 64.46 7.31 13.57 -23.80 }
{224 14152 87 89 93 85 83 89 90 89 90 82 95 92 88 97 88 90 84 95 97 91 90 86 90 93 6.71 1.94 1.44 1.46 1.23 -0.63 29.14 63.86 7.02 12.36 -23.20 }
{228 14304 88 93 89 89 84 93 94 91 90 86 91 93 88 97 88 90 84 95 97 91 90 86 90 93 9.99 0.45 8.00 1.30 0.52 -1.35 29.24 64.20 7.01 31.37 -24.21 }
{232 14458 85 91 85 87 87 91 92 90 87 89 87 91 85 80 82 83 92 87 81 90 80 99 87 91 7.91 -6.42 -6.76 0.71 0.63 -2.07 29.19 64.37 7.24 49.53 -22.66 }
{236 14611 85 87 82 83 91 87 88 90 83 93 87 91 85 80 82 83 92 87 81 90 80 99 87 91 -2.21 0.13 -2.53 1.78 -0.04 -2.05 29.14 63.93 6.32 45.61 -24.42 }
{240 14769 88 85 81 86 89 84 90 93 85 93 84 91 94 85 81 97 88 82 95 94 85 93 80 91 0.40 2.01 2.20 1.01 0.77 -0.65 29.24 64.06 5.79 41.87 -24.07 }
{244 14919 92 85 81 90 88 82 94 94 85 93 80 91 94 85 81 97 88 82 95 94 85 93 80 91 9.97 4.10 19.18 0.60 0.37 -1.56 29.19 63.46 6.33 38.48 -23.82 }
{248 15076 94 85 84 93 89 85 96 91 82 96 83 88 94 85 89 93 89 86 96 84 80 98 92 80 6.52 -3.02 4.63 0.44 0.39 -1.82 29.19 64.29 6.26 35.25 -23.46 }
{252 15227 94 85 88 93 89 86 96 87 80 98 87 84 94 85 89 93 89 86 96 84 80 98 92 80 -6.45 -4.56 -6.32 0.35 0.56 -0.74 29.14 64.28 12.37 32.23 -23.10 }
{256 15384 94 85 89 93 89 86 96 84 80 98 91 80 94 85 89 93 89 86 96 84 80 98 92 80 6.02 -1.19 0.72 0.92 0.22 -1.54 29.24 64.66 11.39 29.37 -23.29 }
{260 15542 91 87 92 96 92 83 93 87 83 95 89 83 80 87 92 99 98 81 91 96 91 91 88 91 -0.04 0.69 -0.81 0.84 0.22 -1.29 29.05 63.46 10.63 26.81 -23.10 }
{264 15696 87 87 92 99 96 81 91 91 87 91 88 87 80 87 92 99 98 81 91 96 91 91 88 91 -2.00 -4.42 3.37 1.87 0.23 -1.24 29.24 65.58 8.71 31.03 -23.47 }
{268 15851 83 87 92 99 98 81 91 95 91 91 88 91 80 87 92 99 98 81 91 96 91 91 88 91 -3.06 -0.28 -3.37 1.23 1.14 -1.21 29.09 65.18 7.29 28.38 -23.19 }
{272 16009 85 84 89 98 95 84 90 93 88 94 91 88 85 80 80 98 93 87 90 91 83 94 93 87 3.65 -1.93 -11.88 1.32 0.69 -2.12 29.19 66.07 6.77 26.30 -23.28 }
{276 16165 88 86 85 96 91 88 87 89 90 91 89 84 95 91 82 96 86 95 84 81 97 81 83 84 21.38 3.21 -6.35 2.21 -0.02 -1.24 29.14 64.15 7.10 24.16 -23.83 }
{280 16319 92 90 82 96 87 92 84 85 94 87 85 84 95 91 82 96 86 95 84 81 97 81 83 84 7.27 4.54 1.48 2.32 0.36 -1.52 29.19 64.62 7.33 22.16 -23.91 }
{284 16474 96 88 85 93 89 90 87 81 92 89 87 85 96 81 95 90 96 85 93 81 80 91 89 85 -1.77 -1.60 9.15 1.02 0.75 -1.82 29.19 65.31 6.19 20.28 -23.49 }
{288 16627 96 84 89 90 93 86 91 81 88 91 89 85 96 81 95 90 96 85 93 81 80 91 89 85 -5.58 -4.13 -2.35 0.42 0.68 -1.55 29.09 64.91 5.18 18.29 -23.18 }
{292 16783 96 81 93 90 96 85 93 81 84 91 89 85 96 81 95 90 96 85 93 81 80 91 89 85 -0.48 -4.10 -3.05 1.37 0.82 -1.55 29.19 66.05 5.04 17.56 -22.73 }
{296 16941 96 83 93 88 94 87 95 83 84 89 87 83 96 88 85 84 87 89 96 86 96 86 87 80 0.98 -1.29 -0.90 0.85 0.82 -1.45 29.19 65.71 4.65 15.66 -22.86 }
{300 17095 93 87 95 90 90 91 98 87 85 87 89 85 91 90 98 91 84 98 98 94 85 87 89 98 2.52 -0.41 2.96 0.95 0.72 -0.93 29.24 65.38 4.12 27.88 -23.03 }
{304 17248 91 90 98 91 86 95 98 91 85 87 89 89 85 98 88 89 94 87 80 94 80 96 95 83 5.62 -1.84 5.05 1.21 1.13 -0.52 29.14 65.51 10.92 24.99 -22.97 }
{308 17404 87 91 94 87 90 97 95 89 87 91 92 90 85 91 92 84 96 97 95 85 90 95 92 90 -0.53 -0.82 -3.36 1.56 0.30 -1.44 29.14 64.87 10.46 22.82 -23.02 }
{312 17561 89 94 90 89 93 99 92 85 91 89 89 89 97 99 87 95 93 99 89 84 99 81 85 89 21.79 4.62 -11.07 2.44 0.19 -0.73 29.14 64.91 11.12 27.62 -23.74 }
{316 17717 93 98 87 93 93 99 89 84 95 85 85 89 97 99 87 95 93 99 89 84 99 81 85 89 9.15 0.89 -2.11 1.30 -0.18 -2.08 29.14 65.40 11.25 25.84 -22.96 }
{320 17874 93 96 89 91 96 96 92 83 98 87 82 92 93 80 89 90 97 86 98 83 98 96 81 99 0.51 -3.54 0.95 1.71 0.94 -1.01 29.19 64.67 10.33 24.09 -22.49 }
{324 18027 93 92 89 90 97 92 96 83 98 91 81 96 93 80 89 90 97 86 98 83 98 96 81 99 -4.00 -2.62 6.70 1.50 0.73 -1.98 29.19 64.84 9.21 22.15 -22.04 }
{328 18185 90 88 92 87 95 94 94 84 95 89 84 94 87 88 99 87 95 95 92 84 89 84 94 87 -2.16 -1.64 -4.44 1.64 0.26 -1.30 29.19 64.28 8.07 20.73 -22.42 }
{332 18340 92 85 96 84 92 98 91 83 97 91 88 90 95 85 96 81 85 99 91 83 98 98 99 84 6.80 -2.47 -8.53 0.86 -0.25 -0.42 29.24 64.51 7.27 19.03 -23.17 }
{336 18494 95 85 96 81 88 99 91 83 98 95 92 86 95 85 96 81 85 99 91 83 98 98 99 84 9.56 1.04 -0.27 1.02 0.65 -1.28 29.19 64.80 7.06 17.03 -23.71 }
{340 18651 98 85 93 84 84 96 88 86 95 93 90 88 99 85 91 87 84 85 81 94 86 90 83 92 3.78 -1.37 -2.56 1.39 0.01 -1.09 29.14 65.04 7.14 15.64 -23.54 }
{344 18805 96 88 95 88 81 92 85 87 91 95 92 92 81 94 97 97 80 89 85 87 82 99 97 96 -9.98 -3.61 2.49 1.39 0.77 -1.94 29.19 64.37 6.25 14.32 -22.61 }
{348 18959 92 92 97 92 80 89 85 87 87 99 96 96 81 94 97 97 80 89 85 87 82 99 97 96 -5.34 -1.70 2.24 0.71 0.84 -1.46 29.24 65.76 5.37 12.64 -21.71 }
{352 19112 88 94 97 96 80 89 85 87 83 99 97 96 81 94 97 97 80 89 85 87 82 99 97 96 1.64 -3.73 4.31 0.91 0.26 -0.78 29.24 65.11 4.29 11.34 -21.40 }
{356 19269 84 91 99 94 83 92 82 90 85 96 97 96 82 89 99 88 83 97 81 92 86 81 97 96 -1.63 -1.55 -6.03 1.12 0.00 -1.19 29.19 65.87 3.94 10.09 -21.54 }
{360 19423 82 89 99 90 83 96 81 92 86 92 97 96 82 89 99 88 83 97 81 92 86 81 97 96 7.36 1.91 -3.80 1.56 0.41 0.05 29.19 64.08 3.80 9.20 -21.83 }
{364 19574 82 89 99 88 83 97 81 92 86 88 97 96 82 89 99 88 83 97 81 92 86 81 97 96 1.84 0.20 -3.10 1.16 0.38 -1.25 29.14 65.23 3.41 8.17 -22.34 }
{368 19730 85 92 96 85 86 94 84 92 84 90 98 93 90 94 95 81 92 93 87 92 84 91 98 92 0.46 -0.62 -4.67 1.30 0.62 -1.65 29.28 64.42 3.28 7.38 -22.34 }
{372 19881 89 94 95 81 90 93 87 92 84 91 98 92 90 94 95 81 92 93 87 92 84 91 98 92 -5.06 -1.44 1.08 0.48 0.31 -2.28 29.24 64.22 3.60 6.60 -21.76 }
{376 20037 90 91 98 84 94 90 90 89 83 92 95 95 90 83 99 94 99 86 95 81 83 92 86 99 3.94 0.89 0.50 0.45 1.34 0.72 29.14 64.24 3.76 19.47 -21.33 }
{380 20188 90 87 99 88 98 86 94 85 83 92 91 99 90 83 99 94 99 86 95 81 83 92 86 99 -11.10 -0.76 16.15 0.47 0.64 -2.35 29.14 63.62 6.94 21.08 -20.58 }
{384 20346 90 83 97 88 97 88 93 85 85 94 91 99 90 83 89 85 83 91 91 92 96 99 91 99 1.74 0.85 5.86 0.74 0.61 -1.49 29.19 64.13 6.46 20.90 -19.01 }
{388 20499 92 85 97 88 93 92 90 85 89 94 91 97 96 91 97 93 88 97 90 83 96 89 91 94 8.54 0.45 -8.72 1.22 0.08 -0.96 29.14 64.91 6.39 19.14 -19.93 }
{392 20652 96 89 97 92 89 96 90 83 93 90 91 94 96 91 97 93 88 97 90 83 96 89 91 94 5.38 2.71 -0.35 0.94 0.18 -1.68 29.09 65.09 6.71 17.53 -19.62 }
{396 20807 93 87 94 90 85 94 90 84 93 86 88 97 84 86 91 90 82 84 90 84 93 81 87 99 1.48 1.56 -0.17 1.26 0.08 -1.19 29.24 65.36 6.60 16.01 -19.41 }
{400 20959 89 86 91 90 82 90 90 84 93 82 87 99 84 86 91 90 82 84 90 84 93 81 87 99 -7.64 0.63 5.95 0.69 1.08 -1.90 29.09 64.96 5.61 14.56 -19.03 }
{404 21115 91 89 88 87 85 86 92 87 94 84 87 97 97 90 81 81 85 82 92 92 94 99 87 97 -0.48 -1.95 0.14 1.27 0.79 -1.63 29.19 65.11 5.25 13.29 -18.96 }
{408 21270 91 92 88 87 83 86 90 91 92 88 89 95 90 99 90 97 81 96 80 99 92 99 96 90 6.00 -2.42 -6.58 1.50 0.15 -1.92 29.14 63.99 4.87 18.38 -17.92 }
{412 21424 90 96 90 91 81 90 86 95 92 92 93 91 90 99 90 97 81 96 80 99 92 99 96 90 6.87 -1.93 -13.92 0.86 0.35 -1.20 29.14 65.71 4.70 16.96 -18.27 }
{416 21579 90 99 90 95 81 94 82 99 92 96 96 90 90 99 90 97 81 96 80 99 92 99 96 90 4.60 -0.80 -0.27 0.84 0.21 -0.51 29.14 64.98 11.04 14.97 -19.15 }
{420 21737 88 96 87 98 84 92 84 96 91 94 93 87 88 94 84 98 90 81 95 81 91 81 85 81 6.65 1.17 -1.80 1.07 0.10 -1.44 29.09 65.71 10.42 13.36 -19.54 }
{424 21891 88 94 84 98 88 88 88 92 91 90 89 83 88 94 84 98 90 81 95 81 91 81 85 81 -1.11 2.98 5.79 1.33 0.93 -1.44 29.14 64.53 10.20 12.24 -19.45 }
{428 22046 89 93 85 97 91 86 92 88 90 88 87 80 90 88 85 93 97 89 96 83 81 95 98 80 -6.06 -1.29 10.05 1.62 1.88 -1.97 29.14 64.57 29.44 24.72 -19.21 }
{432 22203 90 89 85 93 95 89 96 84 86 92 91 80 90 88 85 93 97 89 96 83 81 95 98 80 3.65 -5.38 -0.50 0.58 1.20 -0.52 29.14 63.90 26.90 22.63 -18.94 }
{436 22358 90 88 85 93 97 89 96 83 82 95 95 80 90 88 85 93 97 89 96 83 81 95 98 80 -1.28 -4.51 -2.06 1.03 0.46 -1.47 29.19 65.89 25.02 20.93 -18.26 }
{440 22517 87 91 83 90 94 90 95 86 84 94 93 83 82 94 83 83 89 90 95 95 84 94 83 98 2.65 0.74 1.04 1.08 0.46 -1.48 29.14 64.49 23.29 18.74 -18.52 }
{444 22669 83 94 83 86 90 90 95 90 84 94 89 87 82 94 83 83 89 90 95 95 84 94 83 98 -0.39 2.95 -6.37 1.40 0.81 -0.87 29.19 65.09 20.77 16.90 -18.71 }
{448 22824 82 94 83 83 89 90 95 94 84 94 85 91 82 94 83 83 89 90 95 95 84 94 83 98 4.31 4.11 0.75 1.84 1.60 -1.17 29.14 64.40 26.12 15.83 -19.32 }
{452 22980 84 96 85 81 87 90 93 93 86 96 85 91 92 96 94 80 80 90 88 81 87 96 87 81 -0.47 -0.27 -0.01 1.56 0.88 -1.29 29.19 66.09 24.02 14.62 -18.97 }
{456 23136 88 96 89 80 83 90 89 89 87 96 87 87 92 96 94 80 80 90 88 81 87 96 87 81 -0.22 2.36 -9.13 0.44 0.31 -0.86 29.24 63.77 23.00 13.21 -18.65 }
{460 23291 92 96 93 80 80 90 88 85 87 96 87 83 92 96 94 80 80 90 88 81 87 96 87 81 3.71 -2.56 -3.76 0.19 0.04 -0.99 29.28 63.32 21.96 19.23 -17.55 }
{464 23450 89 93 91 83 83 91 89 87 90 93 84 84 88 91 88 95 93 91 89 93 99 91 80 84 1.91 3.85 1.77 1.38 0.34 -1.92 29.19 63.95 20.32 17.17 -17.78 }
{468 23602 88 91 88 87 87 91 89 91 94 91 80 84 88 91 88 95 93 91 89 93 99 91 80 84 5.10 2.31 1.82 2.18 0.20 -1.82 29.19 65.14 19.17 15.93 -17.46 }
{472 23758 90 90 85 91 85 94 86 89 92 93 83 81 90 90 80 93 82 98 82 84 88 93 95 80 4.28 -3.61 -2.14 1.50 0.08 -0.85 29.09 65.07 25.53 14.99 -16.41 }
{476 23912 90 90 81 93 82 98 82 85 88 93 87 80 90 90 80 93 82 98 82 84 88 93 95 80 5.23 0.28 4.06 0.93 0.01 -0.85 29.19 64.58 23.86 13.43 -16.87 }
{480 24068 92 88 82 91 83 96 84 82 86 91 87 82 96 87 90 87 83 93 92 81 84 80 80 98 3.07 -0.41 3.51 0.79 0.58 -1.59 29.24 65.02 21.92 11.81 -16.63 }
{484 24221 96 87 86 87 83 93 88 81 84 87 83 86 96 87 90 87 83 93 92 81 84 80 80 98 -3.87 -2.56 4.78 0.21 0.72 -1.23 29.19 65.33 20.02 17.58 -16.64 }
{488 24377 96 87 90 87 83 93 92 81 84 83 80 90 96 87 90 87 83 93 92 81 84 80 80 98 2.02 3.75 7.50 1.33 0.77 -0.75 29.24 64.67 18.38 16.10 -16.31 }
{492 24532 93 90 93 85 82 90 90 84 87 85 83 88 83 98 94 85 82 89 90 89 98 90 95 83 1.64 -1.19 -0.76 0.79 0.32 -1.55 29.19 64.62 17.02 14.51 -16.09 }
{496 24687 89 94 94 85 82 89 90 88 91 89 87 84 83 98 94 85 82 89 90 89 98 90 95 83 8.68 2.52 -12.76 1.68 0.05 -1.28 29.14 65.36 15.77 13.07 -18.22 }
{500 24843 85 98 94 85 82 89 90 89 95 90 91 83 85 94 95 81 91 86 91 99 83 94 97 99 1.29 0.36 -1.82 2.08 0.69 -1.42 29.14 64.87 14.65 12.07 -17.27 }
{504 24999 84 96 94 83 84 85 92 91 91 92 93 86 80 97 85 98 84 82 95 80 87 80 87 86 -3.40 -2.15 -10.43 1.37 0.85 -1.57 29.14 65.20 13.55 10.92 -16.76 }
{508 25157 82 94 90 87 83 87 93 87 90 88 95 83 82 83 89 90 83 98 93 81 90 80 98 80 -1.55 -0.42 -3.72 1.56 0.81 -1.99 29.24 63.82 12.63 10.19 -15.92 }
{512 25313 82 90 89 90 83 91 93 83 90 84 98 80 82 83 89 90 83 98 93 81 90 80 98 80 12.13 -0.94 1.65 -1.17 -0.70 -2.19 29.28 64.47 19.67 30.00 -17.33 }
{516 25473 83 88 90 89 84 93 94 82 89 82 97 81 87 96 91 86 91 84 99 96 84 92 88 94 1.94 0.71 0.12 1.14 0.07 -0.61 29.19 64.37 26.03 26.67 -17.48 }
{520 25626 87 88 91 90 83 89 92 83 91 86 93 85 99 88 91 90 83 87 84 83 94 88 81 92 7.82 -1.99 -1.39 1.32 0.53 -1.22 29.14 63.48 24.61 24.37 -17.25 }
{524 25781 91 88 91 90 83 87 88 83 94 88 89 89 99 88 91 90 83 87 84 83 94 88 81 92 0.89 -2.22 0.73 0.72 1.30 -1.38 29.24 65.31 22.45 22.29 -16.24 }
{528 25937 89 91 94 93 86 84 87 86 97 88 85 87 83 99 99 99 96 81 87 93 99 88 84 80 2.54 -1.12 3.94 0.67 0.62 -0.87 29.14 64.42 20.69 20.19 -16.03 }
{532 26091 85 95 98 97 90 81 87 90 99 88 84 83 83 99 99 99 96 81 87 93 99 88 84 80 0.16 -1.02 -4.58 1.37 -0.48 -1.32 29.19 63.93 26.21 18.69 -15.36 }
{536 26250 83 94 96 95 88 84 90 88 96 89 86 85 83 94 96 89 87 94 99 84 91 89 86 87 1.01 0.04 0.90 0.97 0.54 -1.42 29.24 67.91 24.04 16.71 -15.50 }
{540 26403 84 93 95 91 88 88 94 86 92 90 87 88 89 87 93 81 95 96 94 95 91 92 88 98 0.61 -0.33 0.64 1.00 1.01 -0.99 29.09 68.04 22.56 15.15 -14.46 }
{544 26557 88 89 93 87 92 92 94 90 91 92 88 92 89 87 93 81 95 96 94 95 91 92 88 98 -3.66 2.34 4.21 0.87 0.65 -1.32 29.14 68.33 20.53 13.44 -15.23 }
{548 26712 89 87 93 83 95 96 94 94 91 92 88 96 89 87 93 81 95 96 94 95 91 92 88 98 8.58 2.49 -5.10 2.25 0.76 -0.46 29.14 64.60 20.29 19.13 -14.33 }
{552 26868 87 90 90 85 92 93 92 92 92 89 91 94 87 97 89 86 90 91 92 83 92 81 91 90 4.94 2.40 1.82 1.77 0.19 -1.67 29.19 62.88 19.10 17.28 -14.77 }
{556 27022 90 88 90 83 94 94 92 94 90 91 94 96 93 88 90 80 99 94 92 94 90 92 99 97 2.10 1.20 -1.47 1.50 0.28 -1.56 29.28 64.46 18.07 16.07 -14.61 }
{560 27174 93 88 90 80 98 94 92 94 90 92 98 97 93 88 90 80 99 94 92 94 90 92 99 97 -3.13 -0.33 2.15 1.11 0.11 -1.73 29.24 63.28 17.12 14.38 -14.59 }
{564 27330 93 88 90 80 99 94 92 94 90 92 99 97 92 92 83 81 93 82 81 96 98 91 80 96 1.82 -1.84 -3.40 1.39 0.43 -1.13 29.14 64.53 15.59 13.08 -14.57 }
{568 27488 92 92 86 81 95 90 88 96 94 91 95 96 92 92 83 81 93 82 81 96 98 91 80 96 2.68 -0.41 -2.92 1.23 0.24 -1.08 29.14 63.71 14.57 11.71 -14.60 }
{572 27643 92 92 83 81 93 86 84 96 98 91 91 96 92 92 83 81 93 82 81 96 98 91 80 96 -7.66 -3.09 -5.59 1.21 0.47 -1.67 29.14 64.67 13.32 10.84 -14.32 }
{576 27802 89 95 86 84 95 88 86 99 95 94 88 93 84 99 89 84 95 90 96 99 80 98 88 92 2.36 -0.85 0.98 1.08 1.09 -1.07 29.19 64.26 19.20 9.96 -14.36 }
{580 27957 85 93 84 87 92 86 90 99 97 98 85 89 80 82 80 89 85 83 95 99 98 99 81 82 1.48 1.26 -6.27 0.70 0.34 -2.18 29.19 65.42 24.30 8.92 -13.79 }
{584 28108 81 89 80 89 88 83 94 99 98 99 81 85 80 82 80 89 85 83 95 99 98 99 81 82 0.51 2.30 5.70 0.14 0.89 0.90 29.19 63.53 22.77 15.25 -13.18 }
{588 28260 80 85 80 89 85 83 95 99 98 99 81 82 80 82 80 89 85 83 95 99 98 99 81 82 10.86 2.48 -4.50 0.88 1.05 -0.96 29.24 64.67 27.45 13.72 -13.79 }
{592 28419 83 81 81 90 88 86 92 96 95 96 84 85 94 80 81 90 88 91 84 89 95 89 90 92 2.40 -0.54 0.28 1.47 1.02 -1.52 29.24 64.37 25.31 12.48 -13.71 }
{596 28572 87 80 81 90 88 90 88 92 95 92 88 89 94 80 81 90 88 91 84 89 95 89 90 92 8.94 5.00 11.62 1.25 0.47 -0.82 29.05 64.73 22.87 10.92 -14.45 }
{600 28729 85 83 84 91 85 88 89 90 94 90 92 87 85 99 90 91 83 86 89 90 94 90 92 84 4.31 2.56 10.43 1.26 0.83 -1.15 29.19 64.18 20.33 9.62 -14.19 }
{604 28883 82 87 82 88 81 85 92 89 91 87 89 89 81 99 80 82 81 85 94 89 90 82 80 93 -5.98 -2.33 6.49 0.55 1.52 -1.49 29.14 64.80 25.56 8.38 -14.54 }
{608 29036 81 91 80 84 81 85 94 89 90 83 85 93 81 99 80 82 81 85 94 89 90 82 80 93 -3.87 4.16 0.02 2.23 1.58 -1.30 29.28 64.71 30.65 7.89 -13.51 }
{612 29189 81 95 80 82 81 85 94 89 90 82 81 93 81 99 80 82 81 85 94 89 90 82 80 93 -0.61 1.29 -5.21 1.65 1.14 -1.90 29.19 64.04 35.25 7.19 -13.41 }
{616 29346 82 93 83 85 83 82 97 92 93 84 83 96 82 81 86 88 83 82 99 97 93 84 98 96 -0.59 1.10 7.89 0.97 1.78 -1.18 29.24 65.23 39.41 6.31 -13.36 }
{620 29497 82 89 86 88 83 82 99 96 93 84 87 96 82 81 86 88 83 82 99 97 93 84 98 96 6.00 0.25 1.97 1.31 1.19 -1.20 29.24 62.56 36.55 5.49 -12.65 }
{624 29650 82 85 86 88 83 82 99 97 93 84 91 96 82 81 86 88 83 82 99 97 93 84 98 96 4.65 -0.68 -1.68 1.33 1.08 -1.11 29.19 63.52 33.76 5.19 -12.11 }
{628 29808 81 87 89 89 86 80 96 94 96 87 89 93 81 95 96 89 88 80 82 92 96 87 86 91 1.36 -2.30 -4.17 1.13 1.00 -1.60 29.19 64.02 31.06 4.59 -11.94 }
{632 29962 81 91 93 89 88 80 92 92 96 87 86 91 81 95 96 89 88 80 82 92 96 87 86 91 3.87 -2.68 -5.76 1.07 1.14 -0.94 29.19 66.01 49.18 3.97 -12.48 }
{636 30118 84 89 96 86 87 83 88 93 93 85 83 93 91 83 96 85 87 93 86 93 92 85 80 93 5.30 -0.54 -1.43 1.33 0.55 -1.15 29.09 63.01 45.58 3.42 -12.34 }
{640 30271 88 85 96 85 87 87 86 93 92 85 80 93 91 83 96 85 87 93 86 93 92 85 80 93 6.69 -0.96 1.51 0.96 0.39 -1.27 29.14 64.69 42.17 2.63 -12.29 }
{644 30428 92 87 99 88 90 91 83 96 89 88 83 92 93 95 99 91 98 94 80 98 89 95 98 92 1.65 -2.28 -5.72 0.72 -0.52 -0.54 29.09 64.18 39.05 1.92 -12.37 }
{648 30576 93 91 99 91 94 94 80 98 89 92 87 92 93 95 99 91 98 94 80 98 89 95 98 92 5.32 -0.18 -0.43 0.85 0.09 -0.77 29.28 65.00 38.01 6.44 -12.01 }
{652 30736 93 95 99 91 98 94 80 98 89 95 91 92 82 96 96 86 93 84 84 92 99 82 88 99 6.25 -0.33 -1.94 1.16 -0.07 -1.26 29.14 64.78 35.67 5.45 -12.20 }
{656 30893 89 96 96 87 94 90 84 94 93 91 88 96 82 96 96 86 93 84 84 92 99 82 88 99 -3.55 -0.62 -0.44 1.27 0.71 -1.18 29.24 64.73 32.86 4.82 -12.21 }
{660 31050 85 96 93 89 90 86 87 96 92 87 88 94 85 96 87 92 88 80 90 98 92 85 88 80 -1.35 1.15 10.53 1.25 0.69 -2.04 29.09 64.40 30.43 4.13 -12.73 }
{664 31205 88 93 89 92 86 88 85 94 93 89 91 96 92 83 83 92 81 89 81 86 93 89 91 97 7.19 6.92 1.56 2.40 1.49 -1.61 29.24 65.05 35.28 10.44 -13.21 }
{668 31357 92 89 85 92 82 89 81 90 93 89 91 97 92 83 83 92 81 89 81 86 93 89 91 97 3.74 -3.84 -3.82 1.10 0.75 -1.87 29.19 63.44 33.16 9.22 -13.13 }
{672 31514 89 91 87 94 84 92 84 92 90 92 94 94 86 96 96 94 94 94 95 97 86 97 97 80 1.78 0.91 -0.05 1.25 0.12 -1.64 29.19 63.37 30.61 8.36 -13.03 }
{676 31667 86 95 91 94 88 94 88 96 86 96 97 90 86 96 96 94 94 94 95 97 86 97 97 80 2.84 -3.09 -9.16 0.99 0.08 -1.76 29.14 64.84 35.07 7.89 -11.51 }
{680 31823 89 93 94 91 92 91 86 94 89 94 99 89 91 91 94 83 97 84 84 93 90 87 99 89 -1.13 -4.97 -2.14 0.90 -0.41 -0.99 29.28 64.55 31.86 7.03 -11.00 }
{684 31973 91 91 94 87 96 87 84 93 90 90 99 89 84 84 91 92 99 94 87 83 80 99 90 93 1.99 -0.70 4.81 1.40 0.15 -1.80 29.24 65.42 31.10 11.27 -10.91 }
{688 32134 87 87 91 91 99 91 87 89 86 94 95 93 84 84 91 92 99 94 87 83 80 99 90 93 -1.84 -2.59 -2.18 0.94 0.06 -1.47 29.09 66.07 28.83 10.03 -10.62 }
{692 32290 84 84 91 92 99 94 87 85 82 98 91 93 84 84 91 92 99 94 87 83 80 99 90 93 14.61 1.87 -7.60 0.27 0.15 -0.67 29.28 64.22 26.25 8.85 -11.66 }
{696 32447 81 85 93 89 96 93 84 87 84 96 87 90 81 85 93 89 96 93 81 98 91 83 80 88 1.74 -2.90 -9.57 1.47 -0.42 -0.56 29.19 64.22 24.87 8.26 -12.08 }
{700 32601 81 85 93 89 96 93 81 91 88 92 83 88 81 85 93 89 96 93 81 98 91 83 80 88 5.88 -0.65 -9.22 1.43 -0.39 -0.83 29.28 63.99 23.82 7.35 -12.60 }
{704 32756 81 85 93 89 96 93 81 95 91 88 80 88 81 85 93 89 96 93 81 98 91 83 80 88 -1.46 0.95 -2.46 1.74 0.58 -1.54 29.14 65.34 22.19 6.67 -12.37 }
{708 32914 84 88 96 86 93 91 84 93 90 90 82 91 86 92 99 81 84 91 92 85 90 94 82 96 2.23 -0.15 -1.19 1.21 0.72 -1.72 29.19 64.47 20.86 5.93 -12.35 }
{712 33068 86 92 99 82 89 91 88 89 90 94 82 95 86 92 99 81 84 91 92 85 90 94 82 96 -0.94 0.27 5.80 0.48 0.54 -1.20 29.09 63.64 19.88 4.88 -11.31 }
{716 33220 86 92 99 81 85 91 92 85 90 94 82 96 86 92 99 81 84 91 92 85 90 94 82 96 3.55 2.17 8.03 1.60 1.00 -1.42 29.24 64.66 17.73 4.20 -11.38 }
{720 33376 86 93 96 84 87 94 89 88 88 97 85 93 86 93 84 91 99 95 89 88 88 98 97 83 -0.73 -1.19 -3.89 1.54 0.16 -1.30 29.24 65.23 16.33 3.66 -11.23 }
{724 33529 86 93 92 88 91 95 89 88 88 98 89 89 86 93 84 91 99 95 89 88 88 98 97 83 4.78 -0.51 -3.77 1.38 0.28 -1.57 29.33 65.31 15.61 3.11 -11.28 }
{728 33684 86 93 88 91 95 95 89 88 88 98 93 85 86 93 84 91 99 95 89 88 88 98 97 83 -1.97 -1.20 0.00 1.54 0.16 -2.24 29.19 65.45 14.86 2.81 -11.16 }
{732 33842 88 90 86 88 93 98 92 89 91 95 96 87 88 89 86 88 86 99 95 89 96 88 96 99 5.73 3.33 7.71 0.87 0.22 -0.95 29.14 65.04 14.03 2.21 -11.09 }
{736 33992 88 89 86 88 89 99 95 89 95 91 96 91 88 89 86 88 86 99 95 89 96 88 96 99 -3.49 0.78 3.01 1.41 0.53 -0.45 29.19 64.67 12.37 2.28 -9.34 }
{740 34145 88 89 86 88 86 99 95 89 96 88 96 95 97 96 98 91 83 98 80 88 81 91 98 97 5.62 4.08 4.35 1.95 0.60 -1.80 29.24 65.00 11.87 2.07 -9.82 }
{744 34297 92 93 90 91 83 98 91 88 92 91 98 97 97 96 98 91 83 98 80 88 81 91 98 97 3.12 -0.33 1.63 1.30 0.33 -0.96 29.24 63.39 11.10 1.89 -9.76 }
{748 34452 90 97 88 88 86 95 88 88 94 94 95 97 81 98 88 83 95 86 88 88 99 99 83 97 1.88 1.03 -7.19 1.68 0.27 -0.41 29.14 64.31 10.43 1.33 -10.40 }
{752 34605 86 98 88 84 90 91 88 88 98 98 91 97 81 98 88 83 95 86 88 88 99 99 83 97 -5.05 0.81 -6.32 2.00 0.92 -2.11 29.14 65.02 8.68 1.31 -10.01 }
{756 34759 88 98 91 86 91 93 85 85 96 99 91 95 93 98 93 95 91 95 84 82 92 99 91 95 0.49 -4.02 -8.27 1.02 0.67 -1.61 29.19 66.61 8.26 1.08 -9.55 }
{760 34911 92 98 93 90 91 95 84 82 92 99 91 95 93 98 93 95 91 95 84 82 92 99 91 95 0.37 -1.84 1.05 -0.28 0.34 -1.08 29.28 65.83 14.14 7.82 -9.34 }
{764 35066 90 95 94 90 94 92 85 85 95 96 88 92 88 90 94 90 98 85 85 99 95 87 87 83 1.99 -0.10 0.37 1.49 0.19 -1.58 29.14 65.61 13.16 6.76 -9.38 }
{768 35220 86 94 91 93 92 94 88 89 92 93 86 93 86 94 83 95 84 95 96 99 84 93 86 93 -0.32 1.33 -1.85 0.89 0.44 -1.79 29.24 66.16 12.38 6.14 -9.05 }
{772 35372 86 94 87 95 88 95 92 93 88 93 86 93 86 94 83 95 84 95 96 99 84 93 86 93 2.08 -0.44 2.29 1.61 0.46 -0.88 29.24 65.92 11.46 5.32 -8.69 }
{776 35526 87 94 89 92 85 92 90 91 90 92 83 90 87 94 90 87 85 90 82 85 94 92 81 85 5.35 4.01 2.43 1.42 0.76 -1.34 29.14 64.28 10.93 4.90 -8.58 }
{780 35677 87 94 90 88 85 90 86 87 94 92 81 86 87 94 90 87 85 90 82 85 94 92 81 85 0.36 -1.41 -5.92 1.28 0.39 -1.04 29.28 64.71 10.02 4.31 -8.75 }
{784 35829 87 94 90 87 85 90 82 85 94 92 81 85 87 94 90 87 85 90 82 85 94 92 81 85 3.50 -1.70 -3.85 1.35 0.33 -1.25 29.09 64.17 9.21 3.95 -8.52 }
{788 35985 86 91 87 90 83 90 85 82 91 89 84 88 86 80 80 92 83 90 85 80 85 87 84 88 0.84 -1.60 -1.22 1.27 0.47 -1.56 29.28 66.76 8.76 3.41 -8.53 }
{792 36135 86 87 83 92 83 90 85 80 87 87 84 88 86 80 80 92 83 90 85 80 85 87 84 88 4.40 1.94 8.43 1.87 0.50 -1.37 29.24 66.09 8.48 2.95 -7.32 }
{796 36286 86 83 80 92 83 90 85 80 85 87 84 88 86 80 80 92 83 90 85 80 85 87 84 88 3.41 -3.61 0.43 1.15 0.60 -1.57 29.09 65.49 8.04 2.58 -6.82 }
{800 36441 86 80 83 95 82 88 83 83 88 84 87 91 86 80 95 99 82 88 83 97 96 82 89 98 0.98 1.12 2.05 1.16 0.51 -1.18 29.24 65.49 7.49 2.36 -6.70 }
{804 36591 89 82 87 93 85 91 81 87 92 82 86 89 89 82 95 85 99 91 81 94 94 82 86 83 1.94 0.85 2.52 0.89 -0.00 -1.45 29.19 64.51 19.48 1.10 -6.79 }
{808 36744 92 81 90 89 89 94 82 91 96 80 88 85 99 81 90 84 95 98 82 91 96 80 88 84 5.06 3.55 -3.05 1.75 -0.18 -1.58 29.24 66.41 18.27 0.80 -7.21 }
{812 36898 90 84 93 85 93 96 85 88 93 82 91 87 88 91 97 80 94 96 99 85 93 82 99 94 -2.13 -0.04 6.43 1.49 0.82 -1.56 29.19 65.34 24.03 0.58 -7.16 }
{816 37052 86 88 91 82 93 93 89 88 91 85 89 91 86 96 90 82 93 93 95 88 91 98 81 91 -6.30 -2.16 6.18 1.05 1.09 -0.74 29.24 65.38 21.98 0.52 -6.70 }
{820 37203 86 92 90 82 93 93 93 88 91 89 85 91 86 96 90 82 93 93 95 88 91 98 81 91 10.74 1.46 -0.15 1.79 0.60 -2.69 29.19 65.14 20.86 0.46 -7.14 }
{824 37358 86 96 90 82 93 93 95 88 91 93 81 91 86 96 90 82 93 93 95 88 91 98 81 91 2.86 -1.61 -0.24 1.00 0.33 -1.16 29.19 63.48 19.72 0.45 -7.39 }
{828 37514 84 97 92 83 95 91 93 90 93 93 83 89 80 97 92 83 95 88 93 95 96 91 87 89 0.71 -2.45 -1.30 1.26 0.91 -1.22 29.28 64.82 18.51 0.21 -6.92 }
{832 37668 86 94 89 86 92 93 90 94 91 89 87 92 94 88 83 99 86 94 87 97 83 81 87 94 3.78 -3.11 -6.64 1.52 0.37 -1.23 29.24 65.67 17.34 0.02 -6.87 }
{836 37820 90 90 85 90 88 94 87 97 87 85 87 94 94 88 83 99 86 94 87 97 83 81 87 94 12.63 -5.51 3.12 1.84 0.30 -0.78 29.19 63.90 15.92 13.82 -6.11 }
{840 37975 94 88 83 94 86 94 87 97 83 81 87 94 94 88 83 99 86 94 87 97 83 81 87 94 1.52 1.70 12.41 1.83 1.06 -1.27 29.19 65.05 14.30 12.10 -6.57 }
{844 38130 96 91 86 92 83 91 90 94 84 82 84 91 96 99 98 90 83 86 96 85 84 82 83 81 4.55 -0.62 3.05 0.68 0.44 -1.33 29.24 64.46 13.19 10.83 -5.81 }
{848 38283 96 95 90 90 83 87 94 90 84 82 83 87 96 99 98 90 83 86 96 85 84 82 83 81 -20.65 -3.61 -3.10 0.22 -0.14 -2.09 29.14 64.91 12.35 9.67 -5.48 }
{852 38439 96 99 94 90 83 86 96 86 84 82 83 83 96 99 98 90 83 86 96 85 84 82 83 81 -7.19 -0.57 -1.22 0.24 0.54 -0.98 29.24 67.35 11.77 8.98 -4.72 }
{856 38597 93 96 95 93 86 88 93 88 87 85 86 85 91 82 95 96 94 88 80 91 90 95 94 92 4.11 -2.18 -4.55 0.84 0.40 -1.18 29.19 66.21 10.79 8.01 -4.95 }
{860 38749 91 92 95 96 90 88 89 91 90 89 90 89 91 82 95 96 94 88 80 91 90 95 94 92 4.63 -1.69 0.34 1.15 0.57 -1.77 29.19 66.99 9.87 7.20 -5.25 }
{864 38900 91 88 95 96 94 88 85 91 90 93 94 92 91 82 95 96 94 88 80 91 90 95 94 92 -0.45 -3.93 -6.08 1.12 0.51 -2.11 29.09 67.39 8.96 6.65 -5.29 }
{868 39057 94 89 92 99 91 90 87 89 93 91 97 89 97 89 85 99 81 90 88 89 99 87 99 86 5.48 -0.97 1.74 1.33 0.18 -1.42 29.14 67.66 8.50 5.84 -5.32 }
{872 39206 97 89 88 99 87 90 88 89 97 87 99 86 97 89 85 99 81 90 88 89 99 87 99 86 6.46 3.38 -0.63 1.39 -0.01 -0.66 29.24 67.77 8.67 4.95 -5.03 }
{876 39359 97 89 85 99 83 90 88 89 99 87 99 86 97 89 85 99 81 90 88 89 99 87 99 86 6.23 3.14 2.28 0.48 0.48 -1.73 29.19 67.88 14.71 4.76 -4.04 }
{880 39514 95 91 85 97 83 90 86 87 98 85 97 86 82 93 80 96 94 97 81 81 98 85 92 80 2.31 -0.41 -1.68 1.43 0.63 -1.33 29.14 67.28 13.50 4.36 -3.64 }
{884 39665 91 93 81 96 87 94 82 83 98 85 93 82 82 93 80 96 94 97 81 81 98 85 92 80 -1.81 2.74 -10.44 1.32 0.09 -1.34 29.19 69.29 12.30 3.78 -4.71 }
{888 39822 87 90 83 95 91 92 83 82 95 82 89 84 81 82 84 95 95 92 83 82 93 81 81 99 -5.14 -1.89 -6.81 1.11 0.60 -1.23 29.24 66.18 18.05 3.01 -5.18 }
{892 39976 83 89 87 92 89 92 86 85 91 84 91 88 90 84 91 96 81 84 85 82 93 83 96 98 2.78 -0.59 -0.67 1.25 0.88 -1.35 29.14 66.38 23.04 2.10 -5.54 }
{896 40129 87 85 91 96 85 88 85 82 93 83 95 92 90 84 91 96 81 84 85 82 93 83 96 98 2.29 -0.44 2.72 1.61 1.01 -0.37 29.28 65.98 28.45 1.59 -5.93 }
{900 40282 90 84 91 96 81 84 85 82 93 83 96 96 90 84 91 96 81 84 85 82 93 83 96 98 3.35 3.10 9.73 1.51 0.82 -1.29 29.19 66.90 28.41 1.51 -5.64 }
{904 40435 88 83 94 93 83 87 88 85 96 86 93 97 88 83 99 82 83 90 99 92 97 92 82 97 2.69 -5.11 -2.44 0.68 0.77 -1.13 29.19 66.88 26.06 1.10 -5.62 }
{908 40588 88 83 98 89 83 90 92 89 97 90 89 97 88 83 99 82 83 90 99 92 97 92 82 97 -1.16 -3.00 -5.51 1.13 0.63 -2.13 29.19 67.39 24.31 0.82 -4.76 }
{912 40744 91 86 99 90 86 93 96 87 94 90 85 94 93 90 99 90 91 95 98 82 85 90 82 88 6.78 5.67 0.49 1.81 0.82 -0.90 29.14 66.41 22.42 0.95 -4.27 }
{916 40894 93 90 99 90 90 95 98 83 90 90 82 90 93 90 99 90 91 95 98 82 85 90 82 88 5.27 -3.49 -0.17 0.62 0.05 -1.37 29.24 65.74 20.54 0.37 -4.78 }
{920 41048 93 90 99 90 91 95 98 82 86 90 82 88 93 90 99 90 91 95 98 82 85 90 82 88 17.06 -3.28 11.01 0.85 0.66 -1.47 29.24 66.39 20.57 0.77 -4.15 }
{924 41204 96 89 96 90 91 92 95 85 88 93 85 85 99 89 93 90 91 85 82 97 93 99 96 84 6.78 -0.33 0.12 1.49 -0.15 -1.62 29.28 66.74 19.25 0.48 -4.22 }
{928 41357 99 89 93 90 91 88 91 89 92 97 89 84 99 89 93 90 91 85 82 97 93 99 96 84 3.27 -0.36 -3.16 1.64 0.14 -1.32 29.33 65.92 18.55 0.43 -3.59 }
{932 41512 96 86 95 89 94 84 87 92 94 95 87 87 82 83 95 89 97 82 84 92 94 86 87 95 -0.90 -0.10 -11.50 1.92 0.76 -1.79 29.14 66.50 17.62 0.56 -3.08 }
{936 41667 92 83 95 89 97 82 84 92 94 91 87 91 82 83 95 89 97 82 84 92 94 86 87 95 1.15 -2.45 -4.59 1.56 0.69 -2.11 29.19 66.28 16.22 0.56 -2.52 }
{940 41821 88 83 95 89 97 82 84 92 94 87 87 95 82 83 95 89 97 82 84 92 94 86 87 95 -3.75 1.23 5.13 1.20 0.23 -1.07 29.24 65.76 27.97 -0.11 -2.66 }
{944 41977 90 86 92 89 94 85 87 95 91 83 86 92 92 86 82 89 86 89 99 98 90 83 86 83 1.76 -0.22 -1.01 1.37 0.96 -1.06 29.09 66.72 25.60 -0.38 -2.64 }
{948 42132 88 89 88 92 91 89 85 93 93 83 89 88 85 98 87 97 91 96 81 83 94 83 92 82 12.95 6.81 -6.78 1.62 0.89 -0.63 29.19 67.75 24.59 -0.78 -3.15 }
{952 42286 85 93 87 96 91 93 81 89 94 83 92 84 85 98 87 97 91 96 81 83 94 83 92 82 3.41 -1.86 -11.94 1.40 0.45 -1.67 29.24 67.24 22.35 -0.77 -4.10 }
{956 42440 85 97 87 97 91 96 81 85 94 83 92 82 85 98 87 97 91 96 81 83 94 83 92 82 -0.33 -0.04 -2.98 1.16 0.06 -1.31 29.24 67.28 20.86 -0.76 -4.26 }
{960 42598 86 97 86 96 92 95 80 84 95 84 91 81 91 91 82 93 93 90 80 84 95 87 90 81 2.72 0.20 -0.46 1.16 0.30 -1.24 29.19 65.25 19.58 -0.91 -4.42 }
{964 42753 86 93 82 98 96 91 83 87 92 86 92 84 86 93 80 99 96 82 98 94 86 86 92 95 1.48 -1.05 -0.67 1.40 0.53 -1.62 29.19 66.25 18.15 -0.94 -4.31 }
{968 42908 89 90 84 96 93 93 87 91 88 89 95 84 97 81 98 94 80 97 87 91 82 92 97 84 2.60 -1.32 1.28 1.24 0.48 -1.76 29.24 66.00 16.94 -0.76 -2.83 }
{972 43060 93 86 88 94 89 97 87 91 84 92 97 84 97 81 98 94 80 97 87 91 82 92 97 84 1.65 -3.63 -5.88 0.19 0.51 -1.06 29.09 68.11 17.01 6.63 -1.83 }
{976 43216 91 87 86 97 91 94 90 88 85 95 94 87 85 87 83 98 99 83 97 81 85 97 85 97 6.11 -2.70 3.27 1.49 -0.09 -1.32 29.24 72.60 15.84 5.69 -2.10 }
{980 43368 87 87 83 98 95 90 94 84 85 97 90 91 85 87 83 98 99 83 97 81 85 97 85 97 -20.87 -4.80 10.95 1.60 0.77 -2.72 29.24 68.76 14.84 5.08 -1.61 }
{984 43526 84 84 86 99 96 86 92 86 82 94 92 89 84 84 99 99 96 80 91 86 82 93 95 89 0.03 -1.52 -0.18 0.76 0.55 -1.03 29.19 66.65 13.14 4.07 -1.63 }
{988 43679 87 87 90 96 96 84 90 89 85 96 95 86 87 97 88 80 84 94 95 83 89 86 85 83 3.58 -1.54 -10.64 0.94 0.07 -0.99 29.24 66.70 12.37 3.91 -0.82 }
{992 43833 87 91 88 92 92 88 94 85 89 92 91 83 87 97 88 80 84 94 95 83 89 86 85 83 5.47 1.23 1.37 1.06 0.35 -1.48 29.14 65.29 11.44 3.37 -0.78 }
{996 43986 90 89 91 88 88 91 92 86 90 88 87 86 92 81 98 84 82 91 80 86 90 83 87 88 11.65 8.30 -7.60 0.32 0.67 -1.60 29.19 66.65 9.33 16.19 -1.72 }
{1000 44138 92 85 95 84 84 91 88 86 90 84 87 88 92 81 98 84 82 91 80 86 90 83 87 88 -5.32 1.26 -1.72 1.39 0.61 -1.73 29.19 67.64 8.76 14.45 -1.29 }
{1004 44295 95 87 93 87 83 94 84 88 93 86 90 85 97 89 85 93 83 96 80 88 99 97 94 85 8.77 1.27 -3.88 1.50 0.27 -1.25 29.19 66.47 8.13 13.01 -1.07 }
{1008 44447 97 89 89 91 83 96 80 88 97 90 94 85 97 89 85 93 83 96 80 88 99 97 94 85 3.35 -3.92 -3.04 1.51 -0.09 -2.18 29.24 70.34 8.28 11.85 -0.76 }
{1012 44605 94 86 87 94 86 93 83 89 95 89 91 86 87 85 87 94 95 88 97 89 95 89 86 86 0.20 -0.07 -3.13 1.66 0.82 -1.90 29.24 68.40 8.45 11.05 -0.14 }
{1016 44758 90 85 87 94 90 89 87 89 95 89 87 86 87 85 87 94 95 88 97 89 95 89 86 86 0.17 -0.57 -1.27 1.38 0.20 -0.69 29.14 68.44 7.84 9.91 -0.32 }
{1020 44911 87 85 87 94 94 88 91 89 95 89 86 86 87 85 87 94 95 88 97 89 95 89 86 86 -6.45 -5.34 -3.92 1.44 0.71 -2.06 29.28 66.81 7.08 9.33 0.22 }
{1024 45067 86 84 88 93 96 87 93 88 96 88 87 87 85 82 98 93 99 83 83 83 99 81 94 94 -0.19 0.22 1.62 0.92 0.54 -0.81 29.19 66.90 6.55 8.38 -0.30 }
{1028 45220 82 86 92 95 94 89 90 90 94 84 85 87 82 96 99 95 90 93 90 92 88 83 81 87 -1.48 2.78 -8.11 1.40 0.52 -1.90 29.09 66.01 6.20 7.74 -0.09 }
{1032 45373 82 90 96 95 90 93 90 92 90 83 81 87 82 96 99 95 90 93 90 92 88 83 81 87 12.61 6.20 0.02 1.16 0.66 -0.14 29.09 67.06 5.75 6.76 -0.17 }
{1036 45526 82 94 99 95 90 93 90 92 88 83 81 87 82 96 99 95 90 93 90 92 88 83 81 87 1.64 0.17 3.54 1.01 -0.03 -1.57 29.14 66.65 5.44 5.74 -0.45 }
{1040 45680 85 98 96 92 93 90 90 95 91 86 84 90 97 98 94 96 88 92 93 80 84 84 93 93 2.74 -2.33 -0.92 1.24 0.48 -1.54 29.19 67.71 5.20 4.95 -0.55 }
{1044 45833 89 98 94 96 89 92 93 91 87 84 88 93 97 98 94 96 88 92 93 80 84 84 93 93 -1.86 0.83 11.74 1.08 0.88 -1.55 29.19 69.56 4.88 4.35 0.25 }
{1048 45987 93 97 91 93 91 93 93 93 83 87 92 90 99 97 89 87 91 93 93 99 80 94 97 84 9.55 -1.17 5.47 1.46 0.57 -1.59 29.14 66.36 4.48 3.83 0.33 }
