N T EM1 EM2 EM3 EM4 EM5 EM6 EM7 EM8 EM9 EM10 EM11 EM12 CM1 CM2 CM3 CM4 CM5 CM6 CM7 CM8 CM9 CM10 CM11 CM12 GyX GyY GyZ AcX AcY AcZ Tmp HCSR X Y Z
{0 5537 93 93 93 93 93 93 93 93 93 93 93 93 87 89 93 98 90 92 84 98 83 89 80 85 1.64 -0.54 -0.61 0.81 0.50 -1.30 29.28 55.66 -20.12 2.38 -26.43 }
{4 5683 89 89 90 91 89 89 92 91 89 89 95 89 82 87 83 87 89 80 92 83 89 89 97 80 -0.33 -1.43 -1.69 0.84 0.80 -1.34 29.24 55.59 -46.47 1.75 -26.65 }
{8 5834 85 87 86 87 89 85 92 87 89 89 97 85 82 87 83 87 89 80 92 83 89 89 97 80 -3.25 1.82 -7.48 0.95 0.68 -2.20 29.24 55.15 -57.19 1.47 -26.99 }
{12 5989 87 90 88 90 92 86 92 87 90 92 99 87 99 98 96 95 97 86 92 87 90 93 99 89 1.97 0.10 -1.43 0.65 0.48 -1.75 29.19 54.94 -81.04 0.94 -27.28 }
{16 6139 91 94 92 94 96 86 92 87 90 93 99 89 99 98 96 95 97 86 92 87 90 93 99 89 0.52 -1.46 5.08 0.60 0.12 -1.16 29.14 55.50 -95.53 7.59 -27.10 }
{20 6292 95 98 96 95 97 86 92 87 90 93 99 89 99 98 96 95 97 86 92 87 90 93 99 89 -1.51 0.25 -5.16 0.20 0.74 -0.67 29.19 55.41 -116.24 13.90 -26.77 }
{24 6450 97 97 95 94 96 85 91 88 91 94 98 88 81 87 92 93 96 85 85 88 91 94 97 81 4.57 0.34 3.21 0.73 0.82 -1.31 29.19 55.66 -135.12 12.40 -26.70 }
{28 6602 93 93 92 93 96 85 87 88 91 94 97 84 81 87 92 93 96 85 85 88 91 94 97 81 4.37 1.23 -5.68 1.38 0.19 -1.39 29.09 55.44 -152.26 11.26 -26.60 }
{32 6757 89 89 92 93 96 85 85 88 91 94 97 81 81 87 92 93 96 85 85 88 91 94 97 81 2.78 -0.94 -1.91 0.84 0.75 -1.29 29.14 56.06 -168.39 10.07 -26.72 }
{36 6916 88 85 89 90 93 88 88 85 88 91 94 84 88 84 88 90 84 96 90 83 82 86 89 84 2.81 -3.78 0.90 0.51 0.80 -1.76 29.24 56.13 176.83 8.78 -26.74 }
{40 7068 91 87 88 88 93 92 86 87 90 87 94 83 85 89 95 94 89 81 97 95 85 84 91 98 -3.97 1.21 -11.62 1.06 0.63 -1.48 29.24 55.71 162.97 7.32 -27.16 }
{44 7222 87 89 92 92 89 88 90 91 86 84 91 87 85 89 95 94 89 81 97 95 85 84 91 98 3.65 1.39 1.47 0.78 0.88 -1.07 29.09 54.68 157.51 6.52 -27.00 }
{48 7375 83 86 90 92 86 90 94 95 84 81 94 91 83 85 82 92 86 96 97 98 84 81 97 91 3.59 5.18 8.06 0.49 1.51 -0.59 29.24 55.89 151.65 12.30 -27.71 }
{52 7526 83 85 86 92 86 94 97 98 84 81 97 91 83 85 82 92 86 96 97 98 84 81 97 91 9.15 3.55 11.30 1.08 0.78 -1.83 29.24 54.83 139.90 17.66 -28.06 }
{56 7682 86 88 88 95 89 92 94 95 85 84 95 94 97 98 97 97 94 84 89 91 85 95 95 98 -1.23 -0.06 0.09 0.47 1.10 -0.55 29.24 54.61 129.48 22.71 -27.87 }
{60 7838 88 87 90 93 91 92 92 94 88 86 92 92 82 85 82 92 87 81 95 92 91 81 90 91 -2.97 -4.25 -5.83 0.55 -0.20 -1.34 29.19 55.24 119.52 20.01 -29.00 }
{64 7994 90 89 90 89 93 94 90 92 92 88 94 94 97 96 90 80 99 95 86 92 98 95 99 94 1.04 -2.28 1.95 0.78 0.59 -1.69 29.28 55.53 110.64 18.13 -28.95 }
{68 8146 94 93 90 85 97 95 86 92 96 92 98 94 97 96 90 80 99 95 86 92 98 95 99 94 1.21 2.40 -2.17 1.69 0.00 -2.25 29.19 55.12 102.75 16.32 -30.19 }
{72 8302 92 91 87 86 95 92 89 90 98 94 96 91 89 80 85 86 83 86 93 90 98 94 80 84 2.03 -1.46 -0.73 0.91 0.83 -1.91 29.19 54.63 95.60 15.38 -29.41 }
{76 8456 94 87 89 83 97 88 90 90 99 91 92 87 94 86 94 83 98 84 90 90 99 83 87 85 2.77 0.30 -0.88 0.95 0.26 -1.45 29.28 55.70 87.91 13.81 -29.16 }
{80 8606 94 86 93 83 98 84 90 90 99 87 88 85 94 86 94 83 98 84 90 90 99 83 87 85 -9.84 -5.22 2.90 0.62 0.82 -0.87 29.28 55.01 87.63 12.15 -28.64 }
{84 8762 92 88 92 85 96 85 88 88 97 87 89 87 92 99 87 85 96 85 83 80 84 88 95 95 1.03 0.83 -2.38 0.88 0.77 -1.47 29.24 55.21 80.74 10.78 -28.37 }
{88 8913 92 92 88 85 96 85 84 84 93 88 93 91 92 99 87 85 96 85 83 80 84 88 95 95 5.55 -3.48 3.54 0.52 0.86 -1.64 29.24 55.41 74.11 9.25 -28.85 }
{92 9065 92 96 87 85 96 85 83 80 89 88 95 95 92 99 87 85 96 85 83 80 84 88 95 95 -0.26 0.97 0.61 0.61 0.78 -1.26 29.19 54.74 68.74 7.81 -28.21 }
{96 9219 94 94 90 88 93 84 86 83 91 91 95 92 94 82 91 99 92 84 95 98 96 92 95 91 1.76 -0.15 -0.32 0.73 0.88 -1.39 29.14 54.75 70.61 7.20 -27.76 }
{100 9370 94 90 91 92 92 84 90 87 95 92 95 91 94 82 91 99 92 84 95 98 96 92 95 91 1.01 0.60 6.67 0.53 0.86 -1.21 29.09 55.21 72.91 6.79 -25.62 }
{104 9524 91 92 93 90 89 87 88 91 93 95 92 88 89 97 93 87 85 90 82 91 88 97 81 85 5.12 0.69 -2.52 0.65 0.33 -1.44 29.24 55.15 67.22 5.85 -25.91 }
{108 9675 89 96 93 87 85 90 84 91 89 97 88 85 89 97 93 87 85 90 82 91 88 97 81 85 8.08 1.79 -8.23 0.80 0.97 -1.05 29.28 55.89 62.12 5.22 -26.39 }
{112 9830 88 95 96 87 88 93 86 94 85 94 84 88 88 95 96 87 99 94 91 96 81 92 80 94 2.74 0.66 1.70 1.37 0.27 -1.36 29.24 55.61 57.22 4.26 -27.26 }
{116 9979 88 95 96 87 92 94 90 96 81 92 80 92 88 95 96 87 99 94 91 96 81 92 80 94 1.91 -0.01 3.65 0.92 0.87 -1.22 29.28 54.56 52.95 3.58 -26.94 }
{120 10132 88 95 96 87 96 94 91 96 81 92 80 94 88 95 96 87 99 94 91 96 81 92 80 94 3.70 1.29 -2.35 0.54 0.05 -1.59 29.28 55.53 49.61 2.72 -26.38 }
{124 10289 91 92 93 90 94 91 88 95 84 89 83 91 95 89 87 95 93 89 80 95 95 86 83 82 -2.96 -3.60 1.07 1.07 0.46 -0.63 29.24 54.52 46.33 2.16 -26.32 }
{128 10443 91 89 91 90 95 88 88 93 88 85 85 91 88 89 91 84 98 88 97 91 89 83 91 91 6.75 -0.48 11.07 0.63 0.45 -1.28 29.28 54.50 43.34 8.02 -26.17 }
{132 10599 93 88 92 88 93 89 90 93 92 87 89 88 96 84 97 88 84 90 90 96 92 94 97 84 0.69 -0.02 1.62 1.00 0.48 -1.57 29.28 54.95 40.22 7.14 -25.89 }
{136 10750 96 84 96 88 89 90 90 96 92 91 93 84 96 84 97 88 84 90 90 96 92 94 97 84 7.27 1.04 -3.43 0.26 0.07 -1.18 29.09 54.95 37.47 13.41 -25.55 }
{140 10904 96 84 97 88 85 90 90 96 92 94 97 84 96 84 97 88 84 90 90 96 92 94 97 84 4.65 -0.64 -1.66 0.49 0.73 -1.42 29.14 55.08 34.40 11.85 -24.97 }
{144 11063 93 85 98 91 87 89 93 93 89 91 94 82 88 85 98 99 89 89 93 83 87 87 93 82 2.55 1.15 4.26 0.50 0.55 -0.96 29.28 55.08 31.77 10.49 -24.92 }
{148 11216 93 87 96 91 87 87 91 90 85 91 95 84 96 93 84 90 86 80 84 90 85 96 98 95 -1.00 -0.45 1.28 0.73 0.43 -1.17 29.19 55.42 29.15 9.35 -25.10 }
{152 11372 97 91 98 87 89 89 93 93 88 95 93 88 97 96 98 86 97 91 98 94 99 97 93 91 2.08 -1.90 2.67 0.35 0.50 -1.45 29.24 55.39 27.04 7.78 -24.84 }
{156 11524 97 95 98 86 93 91 97 94 92 97 93 91 97 96 98 86 97 91 98 94 99 97 93 91 0.07 -1.28 4.18 0.82 0.41 -1.83 29.19 55.13 25.27 7.08 -23.58 }
{160 11679 95 94 97 88 93 89 96 96 92 98 91 93 82 93 97 91 88 89 93 97 84 98 80 94 2.57 0.40 -3.19 1.07 0.26 -1.59 29.28 55.44 24.33 6.40 -23.43 }
{164 11832 91 93 97 91 89 89 93 97 88 98 87 94 82 93 97 91 88 89 93 97 84 98 80 94 -0.22 -1.64 -5.59 0.67 0.65 -1.30 29.28 54.95 22.41 5.49 -23.61 }
{168 11987 87 93 97 91 88 89 93 97 84 98 83 94 82 93 97 91 88 89 93 97 84 98 80 94 1.55 -3.02 0.96 0.64 0.43 -1.21 29.14 55.77 20.21 11.62 -24.02 }
{172 12145 89 90 94 90 91 86 90 98 81 95 85 97 95 87 80 90 95 86 87 98 80 86 95 97 2.08 -2.33 -4.72 0.64 0.14 -0.80 29.24 55.77 18.79 10.19 -24.24 }
{176 12301 93 92 90 93 95 89 86 95 83 91 83 97 94 93 80 94 98 97 85 89 95 83 82 97 -1.08 -5.23 5.02 1.69 -0.34 -2.00 29.24 54.77 17.27 15.72 -24.32 }
{180 12455 94 93 86 94 98 93 85 91 87 87 82 97 94 93 80 94 98 97 85 89 95 83 82 97 2.98 -3.60 -1.76 1.02 0.17 -1.29 29.19 55.66 23.11 14.52 -24.08 }
{184 12611 94 93 82 94 98 97 85 89 91 83 82 97 94 93 80 94 98 97 85 89 95 83 82 97 2.92 2.60 -0.34 1.04 0.44 -1.32 29.24 54.99 21.55 13.13 -24.28 }
{188 12769 97 90 84 91 95 94 88 86 89 85 85 99 99 87 87 89 95 83 93 83 88 85 98 99 0.02 -1.99 1.18 0.58 1.02 -1.27 29.24 55.06 19.98 11.76 -24.05 }
{192 12921 99 87 87 89 95 90 92 83 88 85 89 99 99 87 87 89 95 83 93 83 88 85 98 99 1.76 -2.36 -1.16 0.81 1.31 -1.61 29.24 55.21 18.29 10.54 -24.19 }
{196 13080 96 84 90 92 92 92 90 86 91 82 87 96 90 84 92 93 83 97 80 90 91 80 83 80 6.31 4.01 -2.84 1.06 0.60 -0.67 29.19 56.93 16.94 16.22 -24.39 }
{200 13233 92 84 92 93 88 96 86 90 91 80 83 92 90 84 92 93 83 97 80 90 91 80 83 80 9.65 5.09 -2.73 0.77 0.78 -0.38 29.24 55.21 15.83 14.23 -26.78 }
{204 13389 93 87 89 96 90 94 82 93 92 83 86 88 93 98 83 96 90 94 80 99 92 94 89 82 8.90 -0.64 -4.38 1.41 0.33 -1.26 29.24 55.66 14.98 12.80 -27.11 }
{208 13545 91 90 91 93 90 91 83 91 91 87 90 86 91 90 99 83 90 80 83 90 91 89 98 86 -4.58 -4.22 4.64 0.24 0.78 -1.96 29.19 55.59 14.10 11.75 -26.05 }
{212 13700 91 90 95 89 90 87 83 90 91 89 94 86 91 90 99 83 90 80 83 90 91 89 98 86 1.01 -0.19 -6.06 0.28 0.07 -1.09 29.19 55.42 13.08 17.83 -25.89 }
{216 13855 91 90 99 85 90 83 83 90 91 89 98 86 91 90 99 83 90 80 83 90 91 89 98 86 -2.56 -6.65 -5.85 0.94 0.66 -1.56 29.24 55.88 12.22 15.80 -25.86 }
{220 14014 90 87 96 84 87 85 86 91 88 86 98 89 90 81 96 84 84 98 96 91 84 80 98 91 0.20 -0.83 -1.97 0.66 0.97 -1.84 29.19 55.33 11.21 14.26 -25.72 }
{224 14171 87 89 93 85 83 89 90 89 90 82 95 92 83 91 81 85 80 98 94 89 93 80 85 92 0.00 3.24 2.53 0.49 2.15 -1.06 29.24 55.71 17.29 12.70 -25.72 }
{228 14324 88 93 89 88 84 93 94 91 90 84 91 93 88 97 88 90 84 95 97 91 90 86 90 93 6.51 1.41 6.17 0.64 0.93 -1.59 29.19 54.30 15.81 11.30 -25.00 }
{232 14476 88 97 88 90 84 95 97 91 90 86 90 93 88 97 88 90 84 95 97 91 90 86 90 93 -5.14 3.32 12.55 0.37 0.90 -1.76 29.14 55.41 21.50 17.80 -22.79 }
{236 14635 85 94 85 87 87 92 94 90 87 89 87 91 85 80 82 83 92 87 81 90 80 99 87 91 1.97 -1.14 0.67 0.86 0.69 -1.39 29.19 55.21 19.73 16.04 -22.95 }
{240 14788 85 90 82 83 91 88 90 90 83 93 87 91 85 80 82 83 92 87 81 90 80 99 87 91 -0.71 -0.76 -6.66 0.92 0.01 -1.73 29.24 55.24 31.42 21.00 -24.90 }
{244 14946 88 86 81 86 89 84 92 93 85 93 84 91 94 85 81 97 88 82 95 94 85 93 80 91 2.58 -0.65 2.57 0.59 0.83 -1.37 29.14 54.75 29.22 18.87 -24.46 }
{248 15099 92 85 81 90 88 82 95 94 85 93 80 91 94 85 81 97 88 82 95 94 85 93 80 91 7.76 -0.51 14.40 -0.08 0.42 -0.92 29.19 55.33 27.64 24.27 -23.07 }
{252 15258 94 85 84 93 89 85 96 91 82 96 83 88 94 85 89 93 89 86 96 84 80 98 92 80 0.92 2.20 5.13 0.31 0.22 -1.19 29.19 56.38 25.60 21.69 -22.93 }
{256 15411 94 85 88 93 89 86 96 87 80 98 87 84 94 85 89 93 89 86 96 84 80 98 92 80 6.36 -0.27 3.39 1.03 0.08 -1.20 29.09 56.27 23.53 19.50 -23.25 }
{260 15565 94 85 89 93 89 86 96 84 80 98 91 80 94 85 89 93 89 86 96 84 80 98 92 80 3.64 -1.80 1.85 0.71 0.55 -1.40 29.24 55.75 21.82 17.38 -23.34 }
{264 15722 91 87 92 96 92 83 93 87 83 95 89 83 80 87 92 99 98 81 91 96 91 91 88 91 2.05 1.14 -4.49 0.62 0.42 -1.08 29.24 56.27 20.35 15.61 -23.23 }
{268 15876 87 87 92 99 96 81 91 91 87 91 88 87 80 87 92 99 98 81 91 96 91 91 88 91 2.42 -2.36 -2.98 0.71 0.80 -1.38 29.19 56.11 18.52 14.15 -23.13 }
{272 16031 83 87 92 99 98 81 91 95 91 91 88 91 80 87 92 99 98 81 91 96 91 91 88 91 -0.07 0.25 -0.87 0.94 0.96 -1.06 29.28 55.59 17.11 20.52 -23.43 }
{276 16189 85 84 89 98 95 84 90 93 88 94 91 88 85 80 80 98 93 87 90 91 83 94 93 87 4.72 -0.82 -2.67 0.75 0.59 -1.40 29.28 56.08 15.77 18.44 -23.73 }
{280 16346 88 86 85 96 91 88 87 89 90 91 89 84 95 91 82 96 86 95 84 81 97 81 83 84 9.84 10.54 -2.85 0.05 0.47 -0.49 29.24 55.97 15.36 16.99 -23.21 }
{284 16500 92 90 82 96 87 92 84 85 94 87 85 84 95 91 82 96 86 95 84 81 97 81 83 84 8.03 -0.48 2.76 1.47 0.93 -0.41 29.28 55.48 14.22 15.61 -23.31 }
{288 16656 96 88 85 93 89 90 87 81 92 89 87 85 96 81 95 90 96 85 93 81 80 91 89 85 2.58 -1.72 0.40 1.02 0.49 -1.34 29.19 55.93 13.32 13.94 -23.92 }
{292 16809 96 84 89 90 93 86 91 81 88 91 89 85 96 81 95 90 96 85 93 81 80 91 89 85 -0.84 0.14 -8.17 0.61 0.46 -1.85 29.14 55.50 12.53 12.20 -23.94 }
{296 16965 96 81 93 90 96 85 93 81 84 91 89 85 96 81 95 90 96 85 93 81 80 91 89 85 1.41 -0.62 -1.60 0.20 -0.14 -1.07 29.24 55.77 11.82 17.56 -23.79 }
{300 17124 96 83 93 88 94 87 95 83 84 89 87 83 96 88 85 84 87 89 96 86 96 86 87 80 3.94 1.49 4.15 0.61 0.45 -0.99 29.19 56.09 10.95 29.67 -24.34 }
{304 17278 93 87 95 90 90 91 98 87 85 87 89 85 91 90 98 91 84 98 98 94 85 87 89 98 3.52 3.62 4.70 0.54 0.52 -1.25 29.14 55.93 10.58 26.86 -23.81 }
{308 17430 91 90 98 91 86 95 98 91 85 87 89 89 85 98 88 89 94 87 80 94 80 96 95 83 3.06 1.58 2.32 0.46 1.17 -1.66 29.14 55.50 9.52 31.36 -24.43 }
{312 17585 87 91 94 87 90 97 95 89 87 91 92 90 85 91 92 84 96 97 95 85 90 95 92 90 2.42 2.71 -8.09 1.23 0.43 -1.06 29.19 55.77 9.03 28.91 -23.94 }
{316 17738 89 94 90 89 93 99 92 85 91 89 89 89 97 99 87 95 93 99 89 84 99 81 85 89 4.14 0.88 -1.14 1.08 0.71 -1.25 29.19 54.99 8.98 26.35 -24.06 }
{320 17891 93 98 87 93 93 99 89 84 95 85 85 89 97 99 87 95 93 99 89 84 99 81 85 89 -2.99 0.08 -1.71 1.30 0.68 -1.29 29.28 54.61 8.79 24.25 -23.08 }
{324 18048 93 96 89 91 96 96 92 83 98 87 82 92 93 80 89 90 97 86 98 83 98 96 81 99 -3.61 -5.12 -4.53 1.08 -0.09 -1.24 29.28 54.75 7.73 22.11 -23.13 }
{328 18202 93 92 89 90 97 92 96 83 98 91 81 96 93 80 89 90 97 86 98 83 98 96 81 99 2.22 0.51 5.89 0.21 1.38 -0.94 29.28 54.88 14.32 27.05 -23.18 }
{332 18359 90 88 92 87 95 94 94 84 95 89 84 94 87 88 99 87 95 95 92 84 89 84 94 87 -3.45 -1.09 -10.52 1.12 0.65 -2.07 29.24 55.57 13.28 24.76 -23.36 }
{336 18516 92 85 96 84 92 98 91 83 97 91 88 90 95 85 96 81 85 99 91 83 98 98 99 84 4.90 3.98 -6.76 0.74 0.26 -0.25 29.19 55.10 12.31 22.27 -23.47 }
{340 18669 95 85 96 81 88 99 91 83 98 95 92 86 95 85 96 81 85 99 91 83 98 98 99 84 9.21 5.62 5.50 1.54 0.59 -1.85 29.24 54.32 11.58 20.69 -23.26 }
{344 18826 98 85 93 84 84 96 88 86 95 93 90 88 99 85 91 87 84 85 81 94 86 90 83 92 2.49 1.23 -2.08 1.17 0.46 -0.88 29.19 54.70 10.65 18.75 -23.29 }
{348 18980 96 88 95 88 81 92 85 87 91 95 92 92 81 94 97 97 80 89 85 87 82 99 97 96 4.10 -0.94 -2.08 0.44 0.68 -1.53 29.24 55.48 10.30 16.70 -22.51 }
{352 19135 92 92 97 92 80 89 85 87 87 99 96 96 81 94 97 97 80 89 85 87 82 99 97 96 8.51 0.20 -1.05 0.53 -0.02 -1.83 29.24 55.48 16.26 14.88 -22.67 }
{356 19291 88 94 97 96 80 89 85 87 83 99 97 96 81 94 97 97 80 89 85 87 82 99 97 96 2.89 -2.79 3.66 0.52 0.01 -0.89 29.28 55.51 15.27 13.37 -21.73 }
{360 19447 84 91 99 94 83 92 82 90 85 96 97 96 82 89 99 88 83 97 81 92 86 81 97 96 -2.18 -0.30 -7.50 0.90 -0.16 -1.11 29.19 55.99 14.16 11.99 -21.94 }
{364 19603 82 89 99 90 83 96 81 92 86 92 97 96 82 89 99 88 83 97 81 92 86 81 97 96 2.45 -2.04 -1.50 0.84 0.36 -1.41 29.19 55.59 12.95 10.86 -22.00 }
{368 19759 82 89 99 88 83 97 81 92 86 88 97 96 82 89 99 88 83 97 81 92 86 81 97 96 0.78 0.05 -2.50 0.78 0.45 -0.91 29.19 55.95 11.95 9.37 -22.99 }
{372 19915 85 92 96 85 86 94 84 92 84 90 98 93 90 94 95 81 92 93 87 92 84 91 98 92 -0.04 0.14 -5.54 1.05 0.55 -1.34 29.28 55.21 11.24 8.08 -22.63 }
{376 20068 89 94 95 81 90 93 87 92 84 91 98 92 90 94 95 81 92 93 87 92 84 91 98 92 7.67 0.04 1.74 1.70 0.29 -1.49 29.28 55.13 12.28 27.36 -22.50 }
{380 20225 90 91 98 84 94 90 90 89 83 92 95 95 90 83 99 94 99 86 95 81 83 92 86 99 -3.06 -4.15 8.00 0.29 0.49 -2.52 29.19 55.13 11.56 24.49 -22.00 }
{384 20379 90 87 99 88 98 86 94 85 83 92 91 99 90 83 99 94 99 86 95 81 83 92 86 99 -0.13 -10.13 3.91 0.42 -0.05 -2.42 29.28 56.60 18.11 29.02 -21.33 }
{388 20538 90 83 96 86 96 89 92 87 86 95 91 99 90 83 89 85 83 91 91 92 96 99 91 99 5.01 -0.45 1.66 0.50 0.62 -1.60 29.19 56.62 16.53 26.19 -22.01 }
{392 20694 93 86 97 88 92 93 90 85 90 93 91 96 96 91 97 93 88 97 90 83 96 89 91 94 8.37 5.06 -1.62 0.67 0.97 -0.80 29.19 55.77 15.73 30.69 -23.10 }
{396 20847 96 90 97 92 88 97 90 83 94 89 91 94 96 91 97 93 88 97 90 83 96 89 91 94 0.58 -1.05 -2.06 0.93 0.76 -1.32 29.24 55.21 14.99 34.99 -22.54 }
{400 21005 93 88 94 90 85 94 90 84 93 86 88 97 84 86 91 90 82 84 90 84 93 81 87 99 1.30 1.55 -1.80 0.92 0.63 -0.88 29.24 55.32 13.60 31.99 -23.62 }
{404 21157 89 86 91 90 82 90 90 84 93 82 87 99 84 86 91 90 82 84 90 84 93 81 87 99 -3.43 -1.89 -6.35 0.65 0.87 -2.64 29.24 55.35 12.32 35.92 -22.92 }
{408 21316 91 89 88 87 85 86 92 87 94 84 87 97 97 90 81 81 85 82 92 92 94 99 87 97 -1.52 -4.82 -0.67 1.21 0.66 -1.34 29.14 55.99 11.06 32.89 -22.64 }
{412 21474 91 92 88 87 83 86 90 91 92 88 89 95 90 99 90 97 81 96 80 99 92 99 96 90 -0.90 -3.08 -0.93 0.70 0.72 -2.10 29.19 56.04 9.77 44.00 -20.81 }
{416 21628 90 96 90 91 81 90 86 95 92 92 93 91 90 99 90 97 81 96 80 99 92 99 96 90 10.42 1.15 -8.84 1.14 -0.38 -0.86 29.28 55.62 15.88 40.22 -21.20 }
{420 21784 90 99 90 95 81 94 82 99 92 96 96 90 90 99 90 97 81 96 80 99 92 99 96 90 5.01 -1.37 -5.54 1.42 -0.52 -1.34 29.24 55.26 14.75 37.00 -21.34 }
{424 21944 88 96 87 98 84 92 84 96 91 94 93 87 88 94 84 98 90 81 95 81 91 81 85 81 2.55 -0.62 8.60 0.61 0.37 -1.28 29.19 54.81 13.75 34.41 -20.97 }
{428 22096 88 94 84 98 88 88 88 92 91 90 89 83 88 94 84 98 90 81 95 81 91 81 85 81 -7.95 -0.61 2.21 0.61 0.09 -2.31 29.14 55.70 12.65 31.54 -20.48 }
{432 22254 89 93 85 97 91 86 92 88 90 88 87 80 90 88 85 93 97 89 96 83 81 95 98 80 -2.70 -1.08 -1.88 -0.10 0.74 -1.27 29.28 56.02 11.55 35.87 -19.65 }
{436 22412 90 89 85 93 95 89 96 84 86 92 91 80 90 88 85 93 97 89 96 83 81 95 98 80 2.55 -2.45 5.28 0.59 0.20 -1.63 29.28 56.58 10.91 32.25 -19.66 }
{440 22565 90 88 85 93 97 89 96 83 82 95 95 80 90 88 85 93 97 89 96 83 81 95 98 80 3.07 -0.09 3.28 0.68 0.41 -1.60 29.24 56.58 10.56 29.10 -19.96 }
{444 22722 87 91 83 90 94 90 95 86 84 94 93 83 82 94 83 83 89 90 95 95 84 94 83 98 1.64 -0.96 -4.30 0.95 0.88 -1.52 29.24 56.29 9.90 26.43 -19.79 }
{448 22876 83 94 83 86 90 90 95 90 84 94 89 87 82 94 83 83 89 90 95 95 84 94 83 98 7.65 2.28 -5.27 0.78 1.57 -0.79 29.24 55.91 16.89 31.18 -20.77 }
{452 23030 82 94 83 83 89 90 95 94 84 94 85 91 82 94 83 83 89 90 95 95 84 94 83 98 0.65 -1.31 -5.40 0.70 0.60 -1.72 29.24 55.03 22.90 28.61 -20.49 }
{456 23188 84 96 85 81 87 90 93 93 86 96 85 91 92 96 94 80 80 90 88 81 87 96 87 81 -1.84 -1.11 -8.09 0.73 0.42 -1.36 29.28 55.13 21.17 26.08 -20.57 }
{460 23344 88 96 89 80 83 90 89 89 87 96 87 87 92 96 94 80 80 90 88 81 87 96 87 81 8.26 4.25 -3.77 1.29 0.39 -0.66 29.19 54.56 19.99 23.79 -21.33 }
{464 23498 92 96 93 80 80 90 88 85 87 96 87 83 92 96 94 80 80 90 88 81 87 96 87 81 6.02 2.60 6.75 0.72 0.84 -0.88 29.28 54.85 17.93 22.00 -21.59 }
{468 23654 89 93 91 83 83 91 89 87 90 93 84 84 88 91 88 95 93 91 89 93 99 91 80 84 1.88 -1.06 -1.82 0.91 0.27 -1.62 29.19 54.75 16.72 19.46 -21.26 }
{472 23809 88 91 88 87 87 91 89 91 94 91 80 84 88 91 88 95 93 91 89 93 99 91 80 84 1.18 -2.39 -2.87 1.15 0.86 -1.85 29.28 55.19 15.48 17.96 -20.77 }
{476 23966 90 90 85 91 85 94 86 89 92 93 83 81 90 90 80 93 82 98 82 84 88 93 95 80 3.16 -0.54 -5.91 1.59 -0.15 -1.74 29.28 54.37 14.91 23.45 -19.36 }
{480 24122 90 90 81 93 82 98 82 85 88 93 87 80 90 90 80 93 82 98 82 84 88 93 95 80 4.57 -0.91 -2.49 1.01 0.11 -1.29 29.28 55.89 13.64 21.33 -19.63 }
{484 24280 93 87 83 90 83 95 85 81 85 90 85 83 96 87 90 87 83 93 92 81 84 80 80 98 5.58 -1.41 2.26 0.70 0.40 -1.07 29.24 54.46 12.82 19.80 -19.45 }
{488 24432 96 87 87 87 83 93 89 81 84 86 81 87 96 87 90 87 83 93 92 81 84 80 80 98 -6.22 -4.99 8.20 -0.20 0.67 0.06 29.19 54.88 11.65 25.04 -19.53 }
{492 24588 96 87 90 87 83 93 92 81 84 82 80 91 96 87 90 87 83 93 92 81 84 80 80 98 0.75 -0.90 8.60 0.49 1.34 -1.50 29.28 54.83 17.67 22.58 -19.21 }
{496 24745 93 90 93 85 82 90 90 84 87 84 83 89 83 98 94 85 82 89 90 89 98 90 95 83 0.07 -0.83 -3.40 0.90 0.73 -1.32 29.19 55.82 16.28 20.47 -19.13 }
{500 24899 89 94 94 85 82 89 90 88 91 88 87 85 83 98 94 85 82 89 90 89 98 90 95 83 6.49 -1.31 -10.15 1.16 0.59 -1.72 29.28 55.99 15.66 25.41 -19.47 }
{504 25056 85 98 94 85 82 89 90 89 95 90 91 83 85 94 95 81 91 86 91 99 83 94 97 99 -0.79 -0.48 -6.49 1.16 0.68 -1.71 29.24 55.39 15.06 23.49 -18.78 }
{508 25216 84 96 94 83 84 85 92 91 91 92 93 86 80 97 85 98 84 82 95 80 87 80 87 86 -2.56 -0.02 -10.12 1.40 0.53 -1.40 29.24 55.39 13.57 21.40 -18.84 }
{512 25373 82 94 90 87 83 87 93 87 90 88 95 83 82 83 89 90 83 98 93 81 90 80 98 80 1.44 -1.67 -0.85 1.03 0.80 -1.67 29.19 55.46 12.08 19.42 -18.56 }
{516 25528 82 90 89 90 83 91 93 83 90 84 98 80 82 83 89 90 83 98 93 81 90 80 98 80 5.47 0.13 11.39 1.23 -0.05 -0.61 29.14 55.41 11.92 24.44 -17.48 }
{520 25684 83 88 90 89 84 93 94 82 89 82 97 81 87 96 91 86 91 84 99 96 84 92 88 94 3.79 1.96 -1.02 0.98 0.18 -0.90 29.14 55.48 10.93 22.10 -17.57 }
{524 25840 87 88 91 90 83 89 92 83 91 86 93 85 99 88 91 90 83 87 84 83 94 88 81 92 2.49 -3.87 -1.25 0.37 1.06 -1.21 29.19 56.26 10.17 19.91 -17.35 }
{528 25995 91 88 91 90 83 87 88 83 94 88 89 89 99 88 91 90 83 87 84 83 94 88 81 92 -2.07 0.27 -4.05 0.47 0.94 -2.05 29.28 55.97 16.49 17.84 -16.69 }
{532 26152 89 91 94 93 86 84 87 86 97 88 85 87 83 99 99 99 96 81 87 93 99 88 84 80 1.59 0.66 -1.25 0.60 0.68 -1.09 29.19 55.04 15.34 16.06 -16.62 }
{536 26306 85 95 98 97 90 81 87 90 99 88 84 83 83 99 99 99 96 81 87 93 99 88 84 80 -1.46 -1.19 -4.08 0.59 -0.06 -1.47 29.19 55.77 20.98 14.57 -15.95 }
{540 26466 83 94 96 95 88 84 90 88 96 89 86 85 83 94 96 89 87 94 99 84 91 89 86 87 -0.67 -1.48 -6.03 0.95 1.12 -1.39 29.28 56.58 26.71 13.48 -14.65 }
{544 26622 84 93 95 91 88 88 94 86 92 90 87 88 89 87 93 81 95 96 94 95 91 92 88 98 1.44 0.62 4.38 0.70 0.94 -1.54 29.33 56.29 24.83 12.34 -14.06 }
{548 26775 88 89 93 87 92 92 94 90 91 92 88 92 89 87 93 81 95 96 94 95 91 92 88 98 -2.45 5.52 -1.13 -0.02 1.47 -2.51 29.14 56.80 29.93 18.05 -14.56 }
{552 26932 89 87 93 83 95 96 94 94 91 92 88 96 89 87 93 81 95 96 94 95 91 92 88 98 1.79 -1.58 -2.72 1.10 0.69 -1.70 29.19 55.57 28.28 16.75 -14.55 }
{556 27089 87 90 90 85 92 93 92 92 92 89 91 94 87 97 89 86 90 91 92 83 92 81 91 90 2.68 -0.01 -0.11 0.77 0.86 -1.24 29.24 54.86 26.29 21.88 -14.22 }
{560 27245 90 88 90 83 94 94 92 94 90 91 94 96 93 88 90 80 99 94 92 94 90 92 99 97 2.26 0.65 -0.73 0.87 0.17 -1.24 29.19 54.74 24.28 19.89 -13.76 }
{564 27398 93 88 90 80 98 94 92 94 90 92 98 97 93 88 90 80 99 94 92 94 90 92 99 97 -0.62 1.17 -1.59 0.61 0.50 -1.49 29.09 54.81 29.77 17.75 -12.91 }
{568 27553 93 88 90 80 99 94 92 94 90 92 99 97 92 92 83 81 93 82 81 96 98 91 80 96 2.03 -1.12 -0.29 0.83 0.50 -1.06 29.28 55.23 27.78 15.94 -12.83 }
{572 27711 92 92 86 81 95 90 88 96 94 91 95 96 92 92 83 81 93 82 81 96 98 91 80 96 3.06 -0.67 -2.69 1.07 0.63 -1.09 29.19 55.08 25.89 14.44 -12.85 }
{576 27867 92 92 83 81 93 86 84 96 98 91 91 96 92 92 83 81 93 82 81 96 98 91 80 96 -2.38 -3.77 -5.13 1.27 0.52 -2.19 29.28 54.68 23.75 13.09 -12.64 }
{580 28025 89 95 86 84 95 88 86 99 95 94 88 93 84 99 89 84 95 90 96 99 80 98 88 92 3.41 0.13 0.75 0.85 0.65 -1.18 29.24 54.79 21.70 11.57 -12.50 }
{584 28179 85 93 84 87 92 86 90 99 97 98 85 89 80 82 80 89 85 83 95 99 98 99 81 82 7.03 0.95 7.12 0.72 0.94 -1.44 29.28 55.35 26.77 10.79 -11.34 }
{588 28332 81 89 80 89 88 83 94 99 98 99 81 85 80 82 80 89 85 83 95 99 98 99 81 82 -2.16 -3.17 4.52 0.99 1.17 -1.69 29.19 55.26 24.01 9.58 -11.94 }
{592 28486 80 85 80 89 85 83 95 99 98 99 81 82 80 82 80 89 85 83 95 99 98 99 81 82 -3.93 1.20 -2.82 0.70 1.42 -1.26 29.24 55.26 29.20 8.55 -11.41 }
{596 28643 83 81 81 90 88 86 92 96 95 96 84 85 94 80 81 90 88 91 84 89 95 89 90 92 2.69 -0.47 0.06 0.70 0.78 -1.27 29.24 55.86 26.75 7.55 -11.49 }
{600 28795 87 80 81 90 88 90 88 92 95 92 88 89 94 80 81 90 88 91 84 89 95 89 90 92 5.65 -0.96 5.45 0.44 0.83 -1.35 29.19 55.32 24.73 6.51 -11.55 }
{604 28951 85 83 84 91 85 88 89 90 94 90 92 87 85 99 90 91 83 86 89 90 94 90 92 84 -0.88 -1.60 -0.95 0.34 0.36 -0.11 29.24 55.95 29.72 5.45 -11.72 }
{608 29107 82 87 82 88 81 85 92 89 91 87 89 89 81 99 80 82 81 85 94 89 90 82 80 93 -4.71 -0.59 4.21 0.53 1.08 -0.98 29.28 55.51 26.90 4.50 -12.24 }
{612 29260 81 91 80 84 81 85 94 89 90 83 85 93 81 99 80 82 81 85 94 89 90 82 80 93 -1.37 1.27 3.02 1.08 0.85 -1.66 29.28 56.06 24.30 3.74 -11.89 }
{616 29414 81 95 80 82 81 85 94 89 90 82 81 93 81 99 80 82 81 85 94 89 90 82 80 93 2.25 1.43 -1.02 0.99 0.78 -1.48 29.24 55.23 28.94 3.23 -12.26 }
{620 29570 82 93 83 85 83 82 97 92 93 84 83 96 82 81 86 88 83 82 99 97 93 84 98 96 -1.90 -0.04 3.24 0.37 1.60 -1.31 29.24 55.39 47.18 2.83 -12.03 }
{624 29723 82 89 86 88 83 82 99 96 93 84 87 96 82 81 86 88 83 82 99 97 93 84 98 96 3.39 1.99 6.24 -0.02 0.42 -0.83 29.24 56.53 43.15 9.09 -12.50 }
{628 29876 82 85 86 88 83 82 99 97 93 84 91 96 82 81 86 88 83 82 99 97 93 84 98 96 3.96 0.97 2.26 1.04 1.11 -1.63 29.19 55.91 39.46 8.03 -12.50 }
{632 30031 81 87 89 89 86 80 96 94 96 87 89 93 81 95 96 89 88 80 82 92 96 87 86 91 3.38 -1.96 1.47 0.65 1.01 -1.43 29.14 55.89 36.31 6.96 -12.33 }
{636 30183 81 91 93 89 88 80 92 92 96 87 86 91 81 95 96 89 88 80 82 92 96 87 86 91 7.38 -3.99 0.57 1.10 0.73 -1.30 29.24 56.91 46.87 6.16 -12.61 }
{640 30340 84 89 96 86 87 83 88 93 93 85 83 93 91 83 96 85 87 93 86 93 92 85 80 93 4.34 0.01 -3.50 0.87 0.92 -0.73 29.19 56.27 43.37 5.08 -12.70 }
{644 30491 88 85 96 85 87 87 86 93 92 85 80 93 91 83 96 85 87 93 86 93 92 85 80 93 2.84 -2.21 -3.48 0.90 0.65 -1.65 29.19 55.86 53.91 4.32 -12.87 }
{648 30649 92 87 99 88 90 91 83 96 89 88 83 92 93 95 99 91 98 94 80 98 89 95 98 92 1.52 0.89 -6.67 0.87 -0.04 -1.03 29.24 56.02 56.67 3.30 -12.95 }
{652 30801 93 91 99 91 94 94 80 98 89 92 87 92 93 95 99 91 98 94 80 98 89 95 98 92 3.13 -1.28 -2.82 0.89 0.41 -1.63 29.24 56.42 59.93 2.76 -12.92 }
{656 30956 93 95 99 91 98 94 80 98 89 95 91 92 82 96 96 86 93 84 84 92 99 82 88 99 0.87 -1.41 -2.26 1.04 0.18 -1.68 29.19 55.82 55.72 2.27 -12.60 }
{660 31112 89 96 96 87 94 90 84 94 93 91 88 96 82 96 96 86 93 84 84 92 99 82 88 99 -0.09 1.59 -0.29 1.09 0.41 -1.21 29.14 56.15 51.38 1.97 -12.56 }
{664 31268 85 96 93 89 90 86 87 96 92 87 88 94 85 96 87 92 88 80 90 98 92 85 88 80 -3.75 -1.29 2.66 0.76 1.96 -1.07 29.24 56.22 61.33 1.61 -11.69 }
{668 31423 88 93 89 92 86 88 85 94 93 89 91 96 92 83 83 92 81 89 81 86 93 89 91 97 7.65 1.62 -3.04 0.60 1.53 -1.24 29.19 56.47 63.66 7.84 -10.18 }
{672 31576 92 89 85 92 82 89 81 90 93 89 91 97 92 83 83 92 81 89 81 86 93 89 91 97 4.23 -3.73 3.74 0.75 0.91 -1.16 29.19 55.75 58.38 7.14 -10.57 }
{676 31731 89 91 87 94 84 92 84 92 90 92 94 94 86 96 96 94 94 94 95 97 86 97 97 80 7.45 0.80 6.32 0.40 0.41 -1.96 29.19 55.71 54.04 6.03 -10.10 }
{680 31883 86 95 91 94 88 94 88 96 86 96 97 90 86 96 96 94 94 94 95 97 86 97 97 80 1.79 0.63 -5.89 0.98 0.40 -0.97 29.19 56.58 49.99 5.35 -10.11 }
{684 32038 89 93 94 91 92 91 86 94 89 94 99 89 91 91 94 83 97 84 84 93 90 87 99 89 1.21 -3.66 -3.36 0.46 -0.24 -1.40 29.24 56.37 46.86 5.03 -10.30 }
{688 32193 90 90 93 89 96 89 85 92 89 92 98 90 84 84 91 92 99 94 87 83 80 99 90 93 -8.50 -7.58 -1.59 0.50 0.55 -2.90 29.14 55.48 43.38 4.04 -10.49 }
{692 32349 86 86 91 92 99 93 87 88 85 96 94 93 84 84 91 92 99 94 87 83 80 99 90 93 3.44 -0.33 -1.98 0.47 0.77 -1.21 29.19 56.02 40.20 3.47 -10.52 }
{696 32502 84 84 91 92 99 94 87 84 81 99 90 93 84 84 91 92 99 94 87 83 80 99 90 93 5.03 -5.58 4.69 -0.83 0.14 -1.31 29.19 56.38 38.55 10.20 -11.28 }
{700 32661 81 85 93 89 96 93 84 86 83 96 87 90 81 85 93 89 96 93 81 98 91 83 80 88 1.74 -0.99 0.41 0.57 0.50 -1.62 29.24 54.83 36.02 8.88 -11.21 }
{704 32813 81 85 93 89 96 93 81 90 87 92 83 88 81 85 93 89 96 93 81 98 91 83 80 88 3.10 0.45 4.40 0.98 0.45 -1.31 29.14 55.12 33.29 7.65 -11.55 }
{708 32965 81 85 93 89 96 93 81 94 91 88 80 88 81 85 93 89 96 93 81 98 91 83 80 88 1.13 -3.32 -3.07 0.90 0.24 -0.78 29.28 55.77 30.93 6.66 -11.77 }
{712 33123 84 88 96 86 93 91 84 92 90 90 82 91 86 92 99 81 84 91 92 85 90 94 82 96 -1.25 -0.77 -6.14 0.60 0.99 -1.59 29.14 55.79 28.54 5.81 -11.91 }
{716 33276 86 92 99 82 89 91 88 88 90 94 82 95 86 92 99 81 84 91 92 85 90 94 82 96 12.08 7.50 8.57 0.58 0.73 -0.65 29.28 54.99 26.54 11.49 -12.50 }
{720 33431 86 92 99 81 85 91 92 85 90 94 82 96 86 92 99 81 84 91 92 85 90 94 82 96 1.91 -2.42 3.70 0.30 0.86 -1.19 29.14 54.41 24.56 10.18 -12.20 }
{724 33589 86 93 96 84 87 94 89 88 88 97 85 93 86 93 84 91 99 95 89 88 88 98 97 83 2.51 -0.06 0.31 0.84 0.44 -1.58 29.24 54.94 22.75 8.97 -12.25 }
{728 33740 86 93 92 88 91 95 89 88 88 98 89 89 86 93 84 91 99 95 89 88 88 98 97 83 2.54 -2.91 -4.32 1.07 0.21 -2.02 29.24 55.30 21.42 8.24 -11.18 }
{732 33895 86 93 88 91 95 95 89 88 88 98 93 85 86 93 84 91 99 95 89 88 88 98 97 83 -3.75 -4.39 -0.73 0.52 -0.07 -2.06 29.28 54.94 19.59 7.81 -11.97 }
{736 34055 88 90 86 88 93 98 92 89 91 95 96 87 88 89 86 88 86 99 95 89 96 88 96 99 5.61 0.78 3.99 0.86 0.03 -1.00 29.19 54.86 18.46 6.65 -11.74 }
{740 34205 88 89 86 88 89 99 95 89 95 91 96 91 88 89 86 88 86 99 95 89 96 88 96 99 -2.81 4.57 4.57 0.88 0.61 -1.29 29.24 55.42 17.82 6.52 -11.14 }
{744 34359 88 89 86 88 86 99 95 89 96 88 96 95 97 96 98 91 83 98 80 88 81 91 98 97 4.17 4.20 -0.23 0.19 0.97 -0.69 29.09 54.28 16.12 5.58 -10.49 }
{748 34513 92 93 90 91 83 98 91 88 92 91 98 97 97 96 98 91 83 98 80 88 81 91 98 97 0.34 0.43 -3.97 0.57 -0.07 -1.79 29.24 54.30 15.39 5.06 -9.50 }
{752 34669 90 97 88 88 86 95 88 88 94 94 95 97 81 98 88 83 95 86 88 88 99 99 83 97 1.93 0.88 -0.23 0.97 0.25 -0.58 29.24 54.56 13.60 4.29 -11.67 }
{756 34821 86 98 88 84 90 91 88 88 98 98 91 97 81 98 88 83 95 86 88 88 99 99 83 97 -4.93 2.77 -13.72 1.15 0.97 -2.77 29.24 55.01 12.56 10.65 -11.23 }
{760 34979 88 98 91 86 91 93 85 85 96 99 91 95 93 98 93 95 91 95 84 82 92 99 91 95 -2.21 -1.22 -12.29 0.97 0.34 -1.29 29.28 54.70 11.99 10.01 -9.60 }
{764 35135 92 98 93 90 91 95 84 82 92 99 91 95 93 98 93 95 91 95 84 82 92 99 91 95 7.01 -1.19 8.35 -0.27 0.21 -0.51 29.14 55.33 17.39 16.24 -8.84 }
{768 35292 90 95 94 90 94 92 85 85 95 96 88 92 88 90 94 90 98 85 85 99 95 87 87 83 6.28 6.31 -2.18 0.59 0.32 -1.09 29.19 54.95 16.32 14.63 -9.34 }
{772 35445 86 94 91 93 92 94 88 89 92 93 86 93 86 94 83 95 84 95 96 99 84 93 86 93 2.66 -1.08 -1.69 0.60 0.75 -1.90 29.24 55.71 15.38 13.16 -9.43 }
{776 35599 86 94 87 95 88 95 92 93 88 93 86 93 86 94 83 95 84 95 96 99 84 93 86 93 6.07 0.54 0.81 1.04 1.25 -0.97 29.24 55.89 22.04 11.86 -8.73 }
{780 35753 87 94 89 92 85 92 90 91 90 92 83 90 87 94 90 87 85 90 82 85 94 92 81 85 1.50 0.27 -4.84 1.31 0.69 -1.51 29.19 54.74 20.57 10.98 -8.11 }
{784 35905 87 94 90 88 85 90 86 87 94 92 81 86 87 94 90 87 85 90 82 85 94 92 81 85 -1.51 -2.76 -11.30 1.48 0.34 -1.39 29.24 56.00 19.17 9.47 -8.96 }
{788 36061 87 94 90 87 85 90 82 85 94 92 81 85 87 94 90 87 85 90 82 85 94 92 81 85 1.90 -0.67 -5.01 0.91 0.24 -1.08 29.19 55.32 17.74 8.49 -8.95 }
{792 36217 86 91 87 90 83 90 85 82 91 89 84 88 86 80 80 92 83 90 85 80 85 87 84 88 1.42 -1.40 -0.90 0.96 0.66 -1.21 29.28 54.34 16.55 7.47 -8.86 }
{796 36369 86 87 83 92 83 90 85 80 87 87 84 88 86 80 80 92 83 90 85 80 85 87 84 88 -1.54 1.33 6.81 0.90 0.50 -1.34 29.19 54.79 15.18 6.23 -8.91 }
{800 36521 86 83 80 92 83 90 85 80 85 87 84 88 86 80 80 92 83 90 85 80 85 87 84 88 0.46 -1.43 -2.61 1.06 0.55 -1.70 29.19 54.90 14.34 5.58 -8.15 }
{804 36678 86 80 83 95 82 88 83 83 88 84 87 91 86 80 95 99 82 88 83 97 96 82 89 98 1.55 2.34 0.70 0.43 0.45 -1.61 29.28 54.83 13.24 4.81 -8.07 }
{808 36830 89 82 87 93 85 91 81 87 92 82 86 89 89 82 95 85 99 91 81 94 94 82 86 83 2.14 -0.22 -3.62 0.51 0.09 -1.18 29.28 55.46 12.23 3.71 -8.93 }
{812 36984 92 81 90 89 89 94 82 91 96 80 88 85 99 81 90 84 95 98 82 91 96 80 88 84 5.99 1.67 -0.30 1.02 0.45 -0.72 29.33 56.38 11.39 9.73 -9.24 }
{816 37137 90 84 93 85 93 96 85 88 93 82 91 87 88 91 97 80 94 96 99 85 93 82 99 94 -5.93 -2.65 -3.33 0.29 0.87 -1.01 29.19 55.64 31.01 8.86 -10.55 }
{820 37293 86 88 91 82 93 93 89 88 91 85 89 91 86 96 90 82 93 93 95 88 91 98 81 91 -1.92 -3.43 0.24 0.52 1.07 -1.44 29.19 55.37 35.59 7.97 -10.44 }
{824 37445 86 92 90 82 93 93 93 88 91 89 85 91 86 96 90 82 93 93 95 88 91 98 81 91 4.34 0.98 1.16 0.89 0.51 -1.43 29.24 56.06 32.91 6.90 -10.33 }
{828 37599 86 96 90 82 93 93 95 88 91 93 81 91 86 96 90 82 93 93 95 88 91 98 81 91 2.32 1.07 -2.43 0.80 0.45 -1.59 29.24 55.84 30.57 6.04 -10.26 }
{832 37754 84 97 92 83 95 91 93 90 93 93 83 89 80 97 92 83 95 88 93 95 96 91 87 89 -0.38 -0.48 -5.50 1.12 1.11 -1.62 29.28 55.82 28.45 5.40 -9.28 }
{836 37910 86 94 89 86 92 93 90 94 91 89 87 92 94 88 83 99 86 94 87 97 83 81 87 94 0.45 -0.33 -7.39 1.30 0.27 -1.28 29.28 55.37 26.48 4.64 -9.13 }
{840 38062 90 90 85 90 88 94 87 97 87 85 87 94 94 88 83 99 86 94 87 97 83 81 87 94 10.45 -4.88 16.43 1.75 0.83 -1.68 29.24 54.88 25.46 10.81 -8.14 }
{844 38217 94 88 83 94 86 94 87 97 83 81 87 94 94 88 83 99 86 94 87 97 83 81 87 94 10.90 2.46 9.36 0.77 0.78 -1.40 29.28 55.19 24.18 9.89 -7.54 }
{848 38372 96 91 86 92 83 91 90 94 84 82 84 91 96 99 98 90 83 86 96 85 84 82 83 81 1.10 1.15 2.92 0.64 0.54 -1.06 29.28 54.34 22.39 8.68 -7.24 }
{852 38522 96 95 90 90 83 87 94 90 84 82 83 87 96 99 98 90 83 86 96 85 84 82 83 81 -7.84 -0.82 0.89 0.26 0.11 -1.38 29.24 55.95 20.21 14.40 -7.39 }
{856 38677 96 99 94 90 83 86 96 86 84 82 83 83 96 99 98 90 83 86 96 85 84 82 83 81 -2.56 3.41 -1.85 0.56 0.34 -0.39 29.14 55.64 18.69 19.94 -7.38 }
{860 38835 93 96 95 93 86 88 93 88 87 85 86 85 91 82 95 96 94 88 80 91 90 95 94 92 3.23 2.66 1.57 0.96 0.45 -1.14 29.24 56.20 16.93 17.96 -7.95 }
{864 38985 91 92 95 96 90 88 89 91 90 89 90 89 91 82 95 96 94 88 80 91 90 95 94 92 4.87 -0.91 -7.48 0.93 0.53 -1.35 29.24 56.58 22.10 16.27 -8.75 }
{868 39140 91 88 95 96 94 88 85 91 90 93 94 92 91 82 95 96 94 88 80 91 90 95 94 92 -2.21 -4.36 -6.01 0.88 -0.27 -1.56 29.19 56.75 27.21 14.78 -8.07 }
{872 39300 94 89 92 99 91 90 87 89 93 91 97 89 97 89 85 99 81 90 88 89 99 87 99 86 3.88 -0.57 1.56 0.87 0.65 -0.87 29.24 56.55 25.30 13.23 -7.86 }
{876 39451 97 89 88 99 87 90 88 89 97 87 99 86 97 89 85 99 81 90 88 89 99 87 99 86 2.46 0.28 -0.05 0.70 0.86 -1.82 29.24 56.31 23.76 11.92 -7.71 }
{880 39605 97 89 85 99 83 90 88 89 99 87 99 86 97 89 85 99 81 90 88 89 99 87 99 86 0.39 -0.36 -0.78 1.18 0.60 -1.78 29.24 56.93 22.25 10.55 -6.84 }
{884 39763 94 92 86 96 83 89 85 86 98 85 96 87 82 93 80 96 94 97 81 81 98 85 92 80 -2.47 -0.44 -6.44 0.98 0.26 -1.03 29.24 56.94 20.52 9.43 -6.79 }
{888 39915 90 93 82 96 87 93 81 82 98 85 92 83 82 93 80 96 94 97 81 81 98 85 92 80 1.84 -2.88 -7.43 1.15 0.47 -1.47 29.19 57.42 18.92 8.40 -7.40 }
{892 40071 86 90 84 95 91 92 83 82 95 82 89 85 81 82 84 95 95 92 83 82 93 81 81 99 -5.39 -5.17 -3.13 0.81 0.47 -1.98 29.14 56.67 23.90 7.67 -8.23 }
{896 40226 82 89 87 92 89 92 86 85 91 84 91 89 90 84 91 96 81 84 85 82 93 83 96 98 -2.56 -3.98 -6.99 0.17 0.80 -0.94 29.24 57.14 21.92 13.61 -7.73 }
{900 40381 86 85 91 96 85 88 85 82 93 83 95 93 90 84 91 96 81 84 85 82 93 83 96 98 3.99 3.79 -0.99 0.96 0.92 -1.04 29.19 56.80 20.40 12.08 -8.34 }
{904 40534 90 84 91 96 81 84 85 82 93 83 96 97 90 84 91 96 81 84 85 82 93 83 96 98 2.03 -0.73 7.30 0.96 0.90 -1.62 29.28 57.09 18.82 10.58 -8.04 }
{908 40690 88 83 94 93 83 87 88 85 96 86 93 97 88 83 99 82 83 90 99 92 97 92 82 97 1.64 1.43 -1.97 0.88 0.61 -1.22 29.24 56.98 17.19 9.40 -7.63 }
{912 40841 88 83 98 89 83 90 92 89 97 90 89 97 88 83 99 82 83 90 99 92 97 92 82 97 0.17 0.57 -7.36 1.08 0.91 -1.79 29.19 57.51 16.21 8.40 -7.06 }
{916 40995 91 86 99 90 86 93 96 87 94 90 85 94 93 90 99 90 91 95 98 82 85 90 82 88 2.69 -0.10 3.71 0.60 0.85 -1.54 29.19 56.94 14.92 7.35 -6.98 }
{920 41147 93 90 99 90 90 95 98 83 90 90 82 90 93 90 99 90 91 95 98 82 85 90 82 88 0.84 -2.90 4.43 0.57 0.37 -1.82 29.28 57.85 13.44 6.65 -7.32 }
{924 41298 93 90 99 90 91 95 98 82 86 90 82 88 93 90 99 90 91 95 98 82 85 90 82 88 4.42 0.43 0.98 0.89 0.41 -1.14 29.28 57.43 12.57 5.76 -7.58 }
{928 41453 96 89 96 90 91 92 95 85 88 93 85 85 99 89 93 90 91 85 82 97 93 99 96 84 4.74 -1.03 -0.58 0.80 0.70 -1.78 29.24 57.56 11.71 4.99 -7.37 }
{932 41606 99 89 93 90 91 88 91 89 92 97 89 84 99 89 93 90 91 85 82 97 93 99 96 84 7.23 -0.53 2.08 1.17 0.97 -1.73 29.19 57.63 11.38 4.46 -7.24 }
{936 41760 96 86 95 89 94 84 87 92 94 95 87 87 82 83 95 89 97 82 84 92 94 86 87 95 -3.23 -0.39 -16.26 1.33 0.11 -1.43 29.14 56.08 10.97 11.12 -6.08 }
{940 41915 92 83 95 89 97 82 84 92 94 91 87 91 82 83 95 89 97 82 84 92 94 86 87 95 -6.32 -3.03 -11.54 0.41 0.19 -0.82 29.28 56.93 17.12 9.62 -5.40 }
{944 42071 88 83 95 89 97 82 84 92 94 87 87 95 82 83 95 89 97 82 84 92 94 86 87 95 -3.97 -2.21 -2.44 0.27 0.69 -0.53 29.33 56.69 15.68 8.14 -5.80 }
{948 42228 90 86 92 89 94 85 87 95 91 83 86 92 92 86 82 89 86 89 99 98 90 83 86 83 3.78 -0.01 1.24 1.06 0.61 -1.65 29.19 57.27 14.47 7.02 -5.72 }
{952 42381 88 89 88 92 91 89 85 93 93 83 89 88 85 98 87 97 91 96 81 83 94 83 92 82 16.32 10.49 11.47 0.20 0.96 -1.02 29.14 56.44 21.34 6.74 -3.63 }
{956 42534 85 93 87 96 91 93 81 89 94 83 92 84 85 98 87 97 91 96 81 83 94 83 92 82 3.56 -0.06 -1.92 1.29 -0.02 -1.33 29.28 56.08 19.99 6.11 -3.08 }
{960 42688 85 97 87 97 91 96 81 85 94 83 92 82 85 98 87 97 91 96 81 83 94 83 92 82 7.93 1.35 -2.98 0.88 -0.01 -1.32 29.24 56.69 18.50 5.48 -2.94 }
{964 42844 86 97 86 96 92 95 80 84 95 84 91 81 91 91 82 93 93 90 80 84 95 87 90 81 -0.93 -3.89 -5.88 0.94 0.43 -1.06 29.28 56.64 17.65 5.13 -2.59 }
{968 42999 86 93 82 98 96 91 83 87 92 86 92 84 86 93 80 99 96 82 98 94 86 86 92 95 1.00 -0.51 0.79 1.28 0.37 -1.33 29.19 56.67 16.41 4.51 -2.27 }
{972 43153 88 91 82 97 94 91 87 91 88 88 94 84 97 81 98 94 80 97 87 91 82 92 97 84 4.32 -0.85 1.33 0.93 0.76 -1.83 29.24 55.88 22.24 3.70 -1.56 }
{976 43303 92 87 86 94 90 95 87 91 84 92 97 84 97 81 98 94 80 97 87 91 82 92 97 84 4.81 -0.16 1.08 0.51 0.83 -1.31 29.28 56.40 20.67 3.16 -1.57 }
{980 43458 90 87 84 97 92 93 90 88 85 95 94 87 85 87 83 98 99 83 97 81 85 97 85 97 7.38 0.91 5.91 0.91 0.03 -1.78 29.14 56.73 19.12 2.31 -2.02 }
{984 43609 86 87 83 98 96 89 94 84 85 97 90 91 85 87 83 98 99 83 97 81 85 97 85 97 -1.42 -0.01 6.64 0.87 0.42 -1.24 29.19 56.44 17.77 1.98 -0.86 }
{988 43764 84 84 86 99 96 85 92 86 82 94 92 89 84 84 99 99 96 80 91 86 82 93 95 89 1.32 2.33 1.95 0.38 0.04 -1.12 29.19 57.20 23.36 1.11 -1.27 }
{992 43916 87 87 90 96 96 84 90 89 85 96 95 86 87 97 88 80 84 94 95 83 89 86 85 83 3.81 -1.32 -5.34 1.03 0.07 -1.30 29.28 57.34 22.07 0.52 -0.80 }
{996 44068 87 91 88 92 92 88 94 85 89 92 91 83 87 97 88 80 84 94 95 83 89 86 85 83 1.44 -0.73 2.47 0.82 0.44 -1.18 29.28 56.94 20.93 0.17 -0.12 }
{1000 44223 90 89 91 88 88 91 92 86 90 88 87 86 92 81 98 84 82 91 80 86 90 83 87 88 5.33 5.44 0.11 0.42 0.33 -1.66 29.19 57.04 19.57 -0.62 -0.09 }
{1004 44375 92 85 95 84 84 91 88 86 90 84 87 88 92 81 98 84 82 91 80 86 90 83 87 88 -1.25 -1.70 -4.93 0.31 0.67 -1.30 29.09 56.11 18.18 -1.24 -0.58 }
{1008 44533 95 87 93 87 83 94 84 88 93 86 90 85 97 89 85 93 83 96 80 88 99 97 94 85 7.55 1.85 -3.66 1.94 -0.02 -0.95 29.19 56.67 17.03 -1.51 -1.19 }
{1012 44688 97 89 89 91 83 96 80 88 97 90 94 85 97 89 85 93 83 96 80 88 99 97 94 85 8.77 0.74 -6.00 1.17 0.79 -1.68 29.19 57.27 16.41 -1.48 -0.48 }
{1016 44845 94 86 87 94 86 93 83 89 95 89 91 86 87 85 87 94 95 88 97 89 95 89 86 86 1.45 -4.39 -6.49 1.24 0.72 -1.53 29.19 57.04 15.15 5.04 0.79 }
{1020 44996 90 85 87 94 90 89 87 89 95 89 87 86 87 85 87 94 95 88 97 89 95 89 86 86 -0.01 -0.56 -1.11 0.92 0.42 -1.33 29.14 56.38 13.82 4.24 0.90 }
{1024 45151 87 85 87 94 94 88 91 89 95 89 86 86 87 85 87 94 95 88 97 89 95 89 86 86 -1.49 0.22 -3.04 1.07 0.53 -1.20 29.24 57.22 13.96 3.95 2.30 }
{1028 45306 86 84 88 93 96 87 93 88 96 88 87 87 85 82 98 93 99 83 83 83 99 81 94 94 1.97 -0.25 -1.68 0.80 0.45 -1.23 29.19 57.76 13.15 3.38 2.16 }
{1032 45461 82 86 92 95 94 89 90 90 94 84 85 87 82 96 99 95 90 93 90 92 88 83 81 87 -1.93 0.45 -7.08 0.23 0.65 -1.14 29.28 57.31 11.90 9.94 2.27 }
{1036 45614 82 90 96 95 90 93 90 92 90 83 81 87 82 96 99 95 90 93 90 92 88 83 81 87 13.12 2.27 -5.37 0.55 0.46 -0.16 29.24 56.85 10.78 8.74 1.01 }
{1040 45766 82 94 99 95 90 93 90 92 88 83 81 87 82 96 99 95 90 93 90 92 88 83 81 87 1.03 -0.16 -1.80 0.63 0.16 -1.45 29.14 57.40 10.25 7.62 1.02 }
{1044 45923 85 98 96 92 93 90 90 95 91 86 84 90 86 98 86 87 94 90 90 98 97 86 84 96 4.78 -1.99 2.98 1.02 0.54 -1.14 29.33 56.53 9.54 6.77 1.02 }
{1048 46074 89 98 94 94 91 92 93 93 89 84 87 93 97 98 94 96 88 92 93 80 84 84 93 93 4.28 -0.80 10.37 0.52 0.81 -1.47 29.19 57.16 8.30 5.89 0.90 }
{1052 46227 93 97 93 95 89 93 93 91 85 85 91 92 99 97 89 87 91 93 93 99 80 94 97 84 8.48 -0.36 2.95 0.93 1.32 -1.24 29.33 57.58 15.19 5.14 1.28 }
{1056 46381 97 94 89 97 87 96 92 93 81 89 89 94 98 80 88 98 81 97 92 93 80 96 80 94 5.29 -0.97 2.81 0.82 0.64 -1.90 29.28 56.76 14.60 4.49 2.01 }
{1060 46533 97 90 89 97 85 96 91 92 81 91 87 93 90 83 89 94 85 91 91 90 97 90 94 85 8.00 2.45 1.71 1.16 0.73 -1.04 29.19 57.36 13.67 3.97 1.87 }
{1064 46686 94 92 92 93 86 92 88 88 85 91 85 89 94 92 94 90 86 87 81 85 89 91 85 80 -4.87 -1.06 -14.73 0.37 0.09 -1.33 29.19 56.42 12.81 3.34 1.77 }
{1068 46839 94 92 94 90 86 88 84 85 89 91 85 85 94 92 94 90 86 87 81 85 89 91 85 80 -0.47 2.75 -6.26 1.16 -0.71 -1.30 29.14 56.89 11.96 2.11 1.17 }
{1072 46996 95 89 94 87 89 90 86 88 86 94 88 87 95 89 94 83 94 94 94 94 83 95 97 97 1.39 -1.41 -4.34 0.68 0.68 -1.27 29.24 57.45 11.18 1.73 1.68 }
{1076 47151 94 90 93 85 93 92 90 90 84 94 92 91 82 94 92 99 99 83 97 90 90 86 96 92 -1.90 -1.58 1.70 1.34 0.76 -1.76 29.28 56.87 10.45 1.32 2.47 }
{1080 47303 90 94 92 89 97 88 94 90 88 90 96 92 82 94 92 99 99 83 97 90 90 86 96 92 0.58 1.47 3.88 0.25 0.47 -1.96 29.19 56.71 10.28 0.59 3.45 }
{1084 47454 86 94 92 93 99 84 97 90 90 86 96 92 98 96 81 84 87 98 80 92 87 95 81 86 -1.55 -2.80 0.29 0.39 1.23 -1.06 29.24 57.42 9.65 0.12 4.04 }
{1088 47609 90 95 94 95 95 83 93 88 88 90 92 88 90 95 98 99 92 83 92 86 88 93 86 86 4.43 -1.03 2.40 0.07 0.33 -0.70 29.28 58.61 8.58 6.78 3.65 }
{1092 47759 90 95 98 99 92 83 92 86 88 93 88 86 90 95 98 99 92 83 92 86 88 93 86 86 6.94 0.59 0.08 0.02 0.46 -1.62 29.14 57.99 8.02 19.85 3.80 }
{1096 47912 93 92 96 96 89 86 95 84 85 90 90 89 93 81 96 92 81 89 97 84 82 80 92 95 10.74 5.00 6.43 0.58 1.01 0.32 29.19 58.48 7.75 24.86 3.80 }
{1100 48063 93 88 96 92 85 89 97 84 82 86 92 93 93 81 96 92 81 89 97 84 82 80 92 95 -0.39 -1.55 -0.35 0.54 0.94 -1.61 29.28 58.28 6.85 22.25 4.53 }
{1104 48218 93 84 96 92 81 89 97 84 82 82 92 95 93 81 96 92 81 89 97 84 82 80 92 95 3.04 0.37 0.43 0.48 0.63 -1.00 29.28 57.78 5.89 20.04 4.06 }
{1108 48371 92 86 93 93 84 92 94 85 81 84 89 92 92 91 92 93 97 97 86 85 81 99 89 87 3.99 -2.44 -1.54 0.94 0.19 -1.17 29.14 57.58 5.74 18.09 4.46 }
{1112 48524 92 90 92 93 88 96 90 85 81 88 89 88 92 91 92 93 97 97 86 85 81 99 89 87 8.52 0.91 1.66 0.53 0.18 -1.72 29.09 57.80 5.80 29.99 4.12 }
{1116 48674 92 91 92 93 92 97 86 85 81 92 89 87 92 91 92 93 97 97 86 85 81 99 89 87 2.63 0.59 -9.69 0.66 -0.55 -1.81 29.19 57.43 12.79 27.06 4.85 }
{1120 48832 90 94 89 90 90 99 89 88 84 90 86 88 90 96 85 81 87 99 97 93 85 89 82 88 4.90 0.36 -3.50 1.06 0.40 -1.10 29.28 56.93 12.34 24.70 4.73 }
{1124 48984 90 96 85 86 87 99 93 92 85 89 82 88 99 88 87 84 91 97 86 80 92 81 90 98 9.61 3.55 -6.98 0.60 1.62 -0.20 29.24 56.80 19.30 22.85 3.39 }
{1128 49138 94 92 87 84 91 97 89 88 89 85 86 92 99 88 87 84 91 97 86 80 92 81 90 98 -6.38 0.69 -6.90 0.98 0.67 -0.94 29.24 56.04 18.18 20.95 4.54 }
{1132 49293 98 88 87 84 91 97 86 84 92 81 90 96 99 88 87 84 91 97 86 80 92 81 90 98 -0.03 2.45 -4.47 1.60 0.19 -1.45 29.19 56.15 17.21 19.41 4.69 }
{1136 49446 99 88 87 84 91 97 86 80 92 81 90 98 89 94 87 92 99 97 90 91 84 84 80 95 -0.10 -1.99 3.30 0.77 0.41 -1.26 29.19 56.44 15.94 17.32 5.00 }
{1140 49603 95 92 87 88 95 97 90 84 88 84 86 95 89 94 87 92 99 97 90 91 84 84 80 95 -1.93 -3.61 -0.01 1.02 -0.24 -2.11 29.14 55.97 15.00 15.61 5.24 }
{1144 49762 93 95 88 90 97 98 91 86 86 85 84 94 97 95 95 84 80 98 97 83 97 94 88 87 0.49 -2.18 -8.21 0.77 0.41 -0.91 29.24 56.58 13.27 13.85 5.04 }
{1148 49915 97 95 92 86 93 98 95 83 90 89 88 90 97 95 95 84 80 98 97 83 97 94 88 87 5.65 2.51 0.83 0.26 0.14 -1.28 29.14 56.64 12.45 12.71 5.22 }
{1152 50070 94 92 96 88 89 95 93 86 88 87 90 86 99 80 82 97 95 92 94 95 90 91 83 91 3.74 1.59 -4.47 0.91 0.58 -1.13 29.19 57.42 12.14 11.40 5.87 }
{1156 50223 98 88 92 92 93 92 94 90 90 91 86 90 99 80 82 97 95 92 94 95 90 91 83 91 3.84 -1.99 0.49 1.13 0.30 -1.45 29.24 56.15 11.56 10.12 6.58 }
{1160 50375 99 84 88 96 95 92 94 94 90 91 83 91 99 80 82 97 95 92 94 95 90 91 83 91 1.15 -1.44 -0.75 1.16 -0.10 -1.41 29.19 56.60 10.91 9.03 6.78 }
{1164 50530 99 80 84 97 95 92 94 95 90 91 83 91 99 80 82 97 95 92 94 95 90 91 83 91 2.46 -0.61 0.66 0.74 0.25 -1.39 29.24 56.96 10.32 7.89 6.79 }
{1168 50685 96 83 86 94 94 89 91 92 91 92 86 94 91 90 89 87 94 88 83 88 91 92 99 96 -4.27 -3.57 -6.18 0.10 0.23 -1.22 29.09 56.44 9.42 13.12 7.03 }
{1172 50840 92 83 89 96 94 86 87 92 88 89 84 92 82 83 89 99 94 86 87 92 80 86 81 85 -0.36 -1.00 -8.01 0.42 0.18 -1.21 29.09 56.78 8.30 11.42 6.85 }
{1176 50993 88 83 89 99 94 86 87 92 84 86 81 88 82 83 89 99 94 86 87 92 80 86 81 85 0.92 -6.71 7.04 0.08 0.65 -0.55 29.14 56.76 7.61 9.94 6.84 }
{1180 51144 84 83 89 99 94 86 87 92 80 86 81 85 82 83 89 99 94 86 87 92 80 86 81 85 4.19 0.22 -0.32 0.23 0.03 -1.21 29.19 57.32 7.07 8.65 6.63 }
{1184 51296 82 83 89 99 94 86 87 92 80 86 81 85 96 94 97 95 95 86 84 91 91 80 96 99 2.51 -0.33 -1.92 0.73 0.62 -1.32 29.19 57.04 6.76 7.43 6.62 }
{1188 51450 86 87 93 95 95 86 84 91 84 82 85 89 96 94 97 95 95 86 84 91 91 80 96 99 3.84 -2.02 -2.17 0.39 0.14 -0.98 29.28 57.70 6.40 6.24 6.82 }
{1192 51603 90 91 97 95 95 86 84 91 88 80 89 93 96 94 97 95 95 86 84 91 91 80 96 99 -3.83 -1.26 2.37 0.80 0.21 -1.12 29.19 57.04 6.55 11.97 7.89 }
{1196 51759 94 89 94 92 92 89 87 88 92 83 93 96 93 97 93 83 88 94 86 83 90 81 86 85 0.58 -1.48 5.77 0.99 0.74 -1.29 29.19 56.98 6.14 10.92 8.78 }
{1200 51910 93 93 93 88 88 93 86 84 90 81 89 92 93 97 93 83 88 94 86 83 90 81 86 85 3.27 1.03 -8.11 1.09 1.18 -1.47 29.19 57.29 5.90 9.45 8.45 }
{1204 52061 93 97 93 84 88 94 86 83 90 81 86 88 93 97 93 83 88 94 86 83 90 81 86 85 0.40 1.15 -6.15 0.82 0.05 -1.36 29.24 57.18 5.62 8.27 8.10 }
{1208 52214 91 98 91 85 86 94 84 85 92 83 88 88 85 98 85 99 81 94 80 96 92 93 93 95 5.36 0.86 -3.31 0.93 0.80 -0.87 29.24 57.38 5.21 7.41 8.07 }
{1212 52366 87 98 87 89 82 94 80 89 92 87 92 92 85 98 85 99 81 94 80 96 92 93 93 95 6.72 5.09 2.43 0.97 1.32 -0.43 29.24 56.75 11.76 13.62 7.68 }
{1216 52519 89 95 88 87 84 91 83 87 89 87 96 90 95 82 88 85 92 90 91 80 83 87 99 90 1.24 0.33 -4.44 1.31 0.68 -1.51 29.28 55.46 11.06 12.46 8.33 }
{1220 52674 93 91 91 89 88 87 87 89 85 84 94 91 99 82 99 96 89 81 96 90 81 80 82 91 1.04 -2.41 0.75 0.84 0.17 -1.62 29.14 56.66 10.49 11.16 9.01 }
{1224 52827 97 87 95 93 89 83 91 90 81 80 90 91 99 82 99 96 89 81 96 90 81 80 82 91 -1.61 -0.51 -1.01 0.23 0.23 -0.23 29.19 57.49 16.38 17.04 10.23 }
{1228 52982 99 83 99 96 89 81 95 90 81 80 86 91 99 82 99 96 89 81 96 90 81 80 82 91 4.46 0.01 9.19 -0.04 -0.06 -0.79 29.24 56.94 15.50 22.30 10.60 }
{1232 53141 96 85 97 93 92 84 93 87 84 83 86 90 90 94 97 93 95 88 81 86 93 98 86 90 3.90 -0.18 0.05 0.53 0.39 -1.50 29.19 57.61 14.47 20.01 10.71 }
{1236 53298 96 85 94 94 90 88 89 85 84 86 89 93 98 83 88 94 89 96 83 82 83 86 99 95 4.87 1.64 -5.30 0.55 -0.24 -1.56 29.14 58.16 13.91 18.20 10.99 }
{1240 53450 98 83 90 94 89 92 85 82 83 86 93 95 98 83 88 94 89 96 83 82 83 86 99 95 4.52 -1.19 -2.90 1.01 0.12 -1.41 29.19 58.05 13.01 29.76 10.26 }
{1244 53608 95 86 92 91 92 94 87 85 86 89 91 93 82 91 97 91 99 94 87 96 96 96 87 93 0.51 0.54 -4.29 0.49 0.41 -1.45 29.19 56.85 12.61 26.73 10.62 }
{1248 53761 91 90 96 91 96 94 87 89 90 93 87 93 82 91 97 91 99 94 87 96 96 96 87 93 -0.22 2.49 -9.02 0.35 -0.08 -1.12 29.19 57.27 11.77 24.55 10.68 }
{1252 53917 87 91 97 91 99 94 87 93 94 96 87 93 82 91 97 91 99 94 87 96 96 96 87 93 4.77 3.21 -2.67 0.77 0.49 -2.13 29.19 57.05 11.29 22.47 10.87 }
{1256 54074 89 88 97 88 96 93 90 95 92 93 86 90 97 80 97 80 96 93 93 95 90 82 86 86 1.04 -2.12 -1.97 1.14 0.67 -1.40 29.24 57.20 10.57 20.68 11.45 }
{1260 54231 89 88 97 88 95 91 90 93 92 89 88 90 87 93 97 96 95 84 86 88 93 81 97 91 3.29 0.63 5.63 0.65 0.25 -1.22 29.19 58.28 10.05 25.60 11.51 }
{1264 54383 87 92 97 92 95 87 86 89 93 85 92 91 87 93 97 96 95 84 86 88 93 81 97 91 -7.60 -3.52 -6.29 0.51 0.49 -0.50 29.14 57.54 9.11 30.23 11.21 }
{1268 54541 90 94 94 95 98 89 89 85 90 83 90 94 94 94 89 95 99 98 94 80 87 83 82 95 -2.18 -1.87 6.03 0.39 0.70 -1.15 29.14 57.16 8.51 27.66 12.14 }
{1272 54693 94 94 90 95 99 93 93 81 87 83 86 95 94 94 89 95 99 98 94 80 87 83 82 95 6.58 1.10 8.43 0.62 0.17 -1.71 29.19 57.60 8.11 25.01 12.64 }
{1276 54849 91 91 92 92 96 91 91 83 90 86 84 92 91 80 92 89 90 83 85 98 94 98 84 81 -1.68 -1.48 -2.95 0.25 0.39 -1.21 29.19 58.16 7.32 29.77 12.86 }
{1280 55003 91 87 92 89 92 87 87 87 94 90 84 88 91 80 92 89 90 83 85 98 94 98 84 81 7.19 3.76 -7.63 0.51 0.83 -1.61 29.19 56.94 6.14 26.85 11.15 }
{1284 55156 91 83 92 89 90 83 85 91 94 94 84 84 90 98 95 98 94 87 82 88 80 82 85 94 2.10 -3.69 -1.31 0.97 0.90 -1.90 29.19 56.00 5.70 24.63 11.57 }
{1288 55312 90 87 95 93 94 87 82 88 90 90 85 88 90 98 95 98 94 87 82 88 80 82 85 94 1.03 -1.86 -2.30 0.21 0.74 -0.76 29.19 57.74 5.13 22.05 11.17 }
{1292 55468 89 89 94 95 95 86 82 89 88 86 86 92 86 83 80 90 95 82 82 90 98 82 95 95 -3.86 -5.55 -0.32 0.78 0.68 -1.13 29.33 57.51 4.68 20.06 11.76 }
{1296 55622 86 85 90 91 95 82 82 90 92 82 90 95 86 83 80 90 95 82 82 90 98 82 95 95 -0.22 -0.96 2.09 0.44 0.87 -1.89 29.14 57.60 4.33 17.86 11.65 }
{1300 55777 86 83 86 90 95 82 82 90 96 82 94 95 86 83 80 90 95 82 82 90 98 82 95 95 3.19 0.10 1.18 0.56 0.87 -1.51 29.24 56.98 4.04 15.35 11.46 }
{1304 55932 89 86 88 87 92 85 85 87 94 85 95 98 94 87 94 80 90 96 86 81 83 92 95 98 -0.16 -0.22 -1.08 0.82 0.92 -1.11 29.24 57.99 3.90 14.14 12.44 }
{1308 56086 93 87 92 83 90 89 86 83 90 89 95 98 94 87 94 80 90 96 86 81 83 92 95 98 3.24 -1.38 2.44 0.48 0.51 -0.72 29.24 57.36 3.45 12.57 13.25 }
{1312 56240 94 87 94 80 90 93 86 81 86 92 95 98 94 87 94 80 90 96 86 81 83 92 95 98 4.03 1.76 -0.43 0.06 0.12 -1.24 29.24 57.27 3.17 10.79 13.40 }
{1316 56395 92 89 92 82 88 97 88 83 86 94 93 96 80 95 86 97 85 97 95 83 95 96 83 82 9.39 0.77 -3.37 0.48 0.98 -0.61 29.19 56.96 10.30 9.53 12.95 }
{1320 56548 88 93 88 86 85 97 92 83 90 96 89 92 80 95 86 97 85 97 95 83 95 96 83 82 15.42 6.46 3.54 0.93 1.33 -1.30 29.19 57.25 16.66 8.96 13.08 }
{1324 56701 84 95 86 90 85 97 95 83 94 96 85 88 80 95 86 97 85 97 95 83 95 96 83 82 5.27 5.30 12.47 0.74 0.68 -1.27 29.24 57.04 16.01 15.09 13.61 }
{1328 56858 86 98 85 91 88 94 92 86 96 93 87 85 91 99 85 91 97 86 90 95 96 81 91 85 1.53 2.08 -1.30 1.27 0.27 -1.20 29.19 56.58 14.75 13.64 13.36 }
{1332 57012 90 99 85 91 92 90 90 90 96 89 91 85 99 90 84 97 82 93 93 80 83 83 94 82 -2.29 -2.91 -9.25 1.22 -0.16 -1.72 29.28 57.52 13.27 12.27 13.93 }
{1336 57170 94 95 84 95 88 93 93 86 92 85 94 82 99 90 84 97 82 93 93 80 83 83 94 82 5.61 -1.73 6.98 0.35 0.24 -0.76 29.24 57.00 12.46 17.67 14.08 }
{1340 57327 92 91 87 93 87 90 91 88 88 87 91 85 83 81 97 89 87 86 91 94 82 90 90 94 2.05 -2.91 1.97 0.71 0.15 -1.18 29.19 56.71 11.41 15.70 14.18 }
{1344 57480 88 87 91 89 87 86 91 92 84 90 90 89 83 81 97 89 87 86 91 94 82 90 90 94 1.30 1.07 -2.41 0.56 0.22 -1.69 29.09 56.87 10.24 20.86 13.76 }
{1348 57634 84 83 95 89 87 86 91 94 82 90 90 93 83 81 97 89 87 86 91 94 82 90 90 94 0.19 -0.50 -4.14 1.27 0.59 -1.10 29.19 56.64 9.93 18.65 14.04 }
{1352 57791 85 83 95 91 89 88 93 92 84 88 89 92 99 97 83 99 93 92 99 84 88 83 89 85 1.64 -0.86 1.33 0.93 0.58 -1.33 29.19 57.14 9.03 16.69 13.85 }
{1356 57945 89 87 91 95 93 92 97 88 88 84 89 88 99 97 83 99 93 92 99 84 88 83 89 85 6.43 0.66 5.65 0.92 0.62 -1.35 29.24 57.65 8.76 15.15 14.82 }
{1360 58096 93 91 87 99 93 92 99 84 88 83 89 85 99 97 83 99 93 92 99 84 88 83 89 85 5.73 -4.06 0.55 1.00 -0.24 -0.68 29.19 57.87 8.00 13.46 15.17 }
{1364 58254 91 89 87 97 96 89 96 81 91 86 86 88 80 84 92 96 90 99 89 88 89 92 92 98 0.48 -0.67 3.13 0.46 0.11 -1.74 29.28 58.03 7.49 11.88 15.36 }
{1368 58407 87 85 91 93 92 88 92 85 93 87 85 92 81 82 96 89 85 88 85 88 93 87 85 94 -4.09 0.60 -7.85 1.05 0.09 -0.54 29.24 57.89 6.33 17.26 13.50 }
{1372 58560 83 82 95 89 88 88 88 88 93 87 85 94 81 82 96 89 85 88 85 88 93 87 85 94 0.19 -1.55 -2.17 0.20 0.55 -1.53 29.14 57.00 5.99 22.79 12.90 }
{1376 58718 85 85 93 92 90 91 90 85 90 88 84 97 95 90 83 99 98 99 99 85 83 88 84 97 1.00 -0.45 3.05 0.86 0.68 -1.49 29.24 56.96 5.76 20.72 12.99 }
{1380 58869 89 89 89 96 94 95 94 85 86 88 84 97 91 82 98 97 84 82 96 95 93 90 92 90 9.73 -3.96 10.34 0.97 0.04 -1.84 29.28 56.49 6.21 18.79 13.22 }
{1384 59025 91 85 93 97 90 91 96 89 90 90 88 93 91 82 98 97 84 82 96 95 93 90 92 90 4.05 -0.18 2.98 0.10 0.63 -1.66 29.28 57.92 6.01 16.84 13.74 }
{1388 59180 93 85 93 95 90 87 94 89 90 92 88 89 93 93 88 88 93 82 91 80 85 95 81 84 0.86 1.09 -3.94 0.74 0.72 -0.67 29.19 57.34 5.86 15.34 14.17 }
{1392 59332 93 89 89 91 93 83 91 85 86 95 84 85 93 93 88 88 93 82 91 80 85 95 81 84 8.61 -3.05 -10.27 0.77 0.55 -2.48 29.14 57.85 5.60 13.64 13.96 }
{1396 59490 90 88 88 87 90 85 94 83 82 92 84 87 87 88 88 85 88 98 94 83 81 92 84 95 0.14 1.21 -5.59 0.81 0.39 -1.76 29.24 58.34 5.34 18.95 14.38 }
{1400 59641 87 88 88 85 88 89 94 83 81 92 84 91 87 88 88 85 88 98 94 83 81 92 84 95 9.15 5.35 -9.43 0.63 1.40 -1.46 29.24 57.76 12.84 24.24 14.30 }
{1404 59796 87 88 88 85 88 93 94 83 81 92 84 95 87 88 88 85 88 98 94 83 81 92 84 95 1.16 -1.19 -2.93 0.75 0.13 -1.36 29.19 57.18 12.12 22.14 14.68 }
{1408 59955 90 85 91 87 91 91 91 86 83 95 87 92 96 84 98 87 95 87 83 96 83 96 97 86 2.05 0.11 1.22 0.54 0.35 -1.42 29.19 56.91 11.55 20.10 14.77 }
{1412 60107 94 84 95 87 95 87 87 90 83 96 91 88 96 84 98 87 95 87 83 96 83 96 97 86 -6.84 -3.06 -3.07 1.56 -0.06 -1.15 29.14 56.53 10.48 31.28 14.97 }
{1416 60265 96 84 98 87 95 87 83 94 83 96 95 86 97 82 96 83 81 81 94 88 84 95 87 83 1.56 0.05 -5.82 0.58 0.22 -1.80 29.24 57.40 10.09 35.76 15.33 }
{1420 60420 97 82 96 83 91 83 87 90 84 95 91 83 97 82 96 83 81 81 94 88 84 95 87 83 1.99 -1.29 2.53 0.06 0.66 -1.51 29.19 57.09 9.50 32.47 15.88 }
{1424 60573 97 82 96 83 87 81 91 88 84 95 87 83 97 82 96 83 81 81 94 88 84 95 87 83 0.05 -1.26 1.37 0.36 0.66 -1.33 29.19 57.54 8.90 36.65 16.40 }
{1428 60730 94 85 96 86 89 84 90 85 87 92 89 86 85 93 96 98 91 87 90 80 92 86 89 87 0.61 0.07 -0.76 0.31 0.28 -1.15 29.14 57.56 8.13 40.19 16.44 }
{1432 60881 90 89 96 90 91 87 90 81 91 88 89 87 85 93 96 98 91 87 90 80 92 86 89 87 -1.00 -0.27 -0.92 0.69 0.28 -1.55 29.28 58.43 7.28 43.37 16.55 }
{1436 61037 86 93 96 94 91 87 90 80 92 86 89 87 85 93 96 98 91 87 90 80 92 86 89 87 -1.74 -4.42 -4.18 0.01 0.11 -0.74 29.14 57.96 13.20 46.14 15.70 }
{1440 61197 88 90 98 92 88 90 87 83 95 89 86 90 97 85 98 86 85 97 85 87 99 91 81 99 1.87 2.69 -1.95 0.90 0.58 -1.42 29.24 58.59 12.29 42.06 15.96 }
{1444 61350 92 86 98 88 85 94 85 87 99 91 82 94 97 85 98 86 85 97 85 87 99 91 81 99 11.15 3.58 -5.71 0.56 1.34 -0.81 29.14 57.04 18.62 38.44 16.06 }
{1448 61505 96 85 98 86 85 97 85 87 99 91 81 98 97 85 98 86 85 97 85 87 99 91 81 99 2.16 0.34 1.60 1.01 0.51 -1.95 29.19 57.16 18.37 34.95 17.09 }
{1452 61662 94 85 95 89 84 94 88 84 96 88 84 96 85 85 94 93 84 83 89 81 92 80 93 89 3.13 1.10 -0.59 0.71 1.07 -1.19 29.28 56.76 17.06 31.72 17.46 }
{1456 61815 90 85 94 93 84 90 89 81 92 84 88 92 85 85 94 93 84 83 89 81 92 80 93 89 1.03 1.21 3.01 0.32 0.52 -0.29 29.14 57.63 16.01 29.19 19.55 }
{1460 61968 86 85 94 93 84 86 89 81 92 80 92 89 85 85 94 93 84 83 89 81 92 80 93 89 4.57 -0.93 -1.11 0.99 0.08 -1.56 29.28 57.38 14.65 33.34 19.19 }
{1464 62127 82 88 94 90 87 88 86 84 89 83 90 86 80 99 94 80 96 89 84 98 88 86 86 82 3.64 -1.99 -4.43 0.43 0.61 -1.76 29.19 58.48 13.61 30.32 18.99 }
{1468 62280 80 92 94 86 91 89 84 88 88 86 86 82 80 99 94 80 96 89 84 98 88 86 86 82 -3.57 -5.34 -11.77 0.98 0.30 -1.99 29.19 57.22 19.79 27.63 18.70 }
{1472 62438 80 96 94 82 95 89 84 92 88 86 86 82 80 99 94 80 96 89 84 98 88 86 86 82 -2.16 -2.73 -4.58 1.16 0.65 -2.29 29.24 57.52 18.98 25.63 19.00 }
{1476 62598 83 94 91 84 93 86 87 96 91 85 83 81 98 81 87 95 87 81 89 98 95 85 81 81 5.47 -0.65 3.76 1.29 1.40 -1.06 29.19 56.85 25.14 23.53 19.38 }
{1480 62751 87 90 87 88 89 82 89 98 95 85 81 81 98 81 87 95 87 81 89 98 95 85 81 81 7.19 0.08 16.63 1.25 0.37 -1.79 29.05 56.47 23.48 21.84 21.58 }
{1484 62905 91 86 87 92 87 81 89 98 95 85 81 81 98 81 87 95 87 81 89 98 95 85 81 81 2.61 -3.54 7.24 0.17 0.47 -1.83 29.24 57.11 21.75 19.82 22.60 }
{1488 63063 92 88 90 90 90 84 92 95 92 88 84 84 92 99 94 83 94 91 96 84 83 94 93 91 1.61 -2.42 1.77 0.37 0.84 -1.43 29.28 57.31 20.05 17.73 23.23 }
{1492 63217 89 92 88 92 92 88 95 91 93 86 82 88 88 99 85 92 92 92 95 89 93 83 80 89 -0.79 -1.44 1.22 0.29 0.73 -1.62 29.14 57.31 18.39 16.25 23.97 }
{1496 63371 88 96 85 92 92 92 95 89 93 83 80 89 88 99 85 92 92 92 95 89 93 83 80 89 3.96 1.87 -1.60 1.01 0.56 -0.77 29.14 57.47 23.70 14.73 23.61 }
{1500 63528 85 94 88 89 89 89 92 87 90 80 83 86 84 89 91 89 83 88 85 87 80 80 89 83 3.10 0.60 -1.79 -0.10 0.51 -0.27 29.14 57.36 22.27 12.91 23.95 }
{1504 63682 84 90 91 89 85 88 88 87 86 80 87 83 84 89 91 89 83 88 85 87 80 80 89 83 1.82 -0.16 -7.37 1.04 -0.02 -0.71 29.09 56.78 27.43 10.90 22.16 }
{1508 63839 84 89 91 89 83 88 85 87 82 80 89 83 84 89 91 89 83 88 85 87 80 80 89 83 1.96 -0.83 -5.86 0.86 0.33 -1.50 29.19 56.91 25.43 16.49 22.32 }
{1512 63997 86 86 88 86 82 91 88 84 84 83 92 83 86 85 80 85 82 94 91 83 93 83 98 83 2.13 2.33 -4.99 1.20 1.02 -1.10 29.28 56.67 23.37 14.68 22.47 }
{1516 64152 89 88 89 88 85 92 89 80 88 85 91 86 91 97 89 97 89 92 89 80 91 85 91 93 4.46 3.18 6.06 0.71 0.32 -1.36 29.33 56.31 22.30 20.08 22.73 }
{1520 64304 91 92 89 92 89 92 89 80 91 85 91 90 91 97 89 97 89 92 89 80 91 85 91 93 -1.86 -0.22 1.13 0.90 0.78 -1.30 29.28 56.13 20.69 18.18 23.68 }
{1524 64462 90 90 86 90 86 89 92 83 94 88 92 88 90 84 83 88 82 80 96 85 97 92 92 80 2.26 -0.76 2.46 0.53 0.62 -1.87 29.19 57.70 26.32 16.36 24.23 }
{1528 64616 90 86 83 88 82 85 96 85 97 92 92 84 90 84 83 88 82 80 96 85 97 92 92 80 0.83 -1.12 -7.95 1.19 2.01 -1.60 29.24 57.74 31.48 15.14 24.85 }
{1532 64771 90 84 83 88 82 81 96 85 97 92 92 80 90 84 83 88 82 80 96 85 97 92 92 80 -0.71 -4.01 -3.21 0.61 0.62 -1.60 29.19 57.49 28.89 13.72 24.75 }
{1536 64930 87 81 86 91 85 83 93 82 98 89 89 83 80 81 98 95 99 83 83 81 98 82 87 92 0.00 0.11 -3.74 0.53 0.85 -0.97 29.24 57.96 26.70 12.11 25.10 }
{1540 65087 84 84 90 90 88 85 89 82 95 91 89 87 84 90 93 90 88 85 80 97 85 97 99 99 0.05 -0.24 -6.14 0.86 -0.14 -1.25 29.09 58.18 31.46 24.71 24.77 }
{1544 65241 84 88 93 90 88 85 85 86 91 95 93 91 84 90 93 90 88 85 80 97 85 97 99 99 2.37 -2.19 -10.95 1.11 -0.03 -1.99 29.19 57.87 36.10 22.37 24.87 }
{1548 65400 83 87 96 89 91 88 87 90 93 93 95 95 83 87 99 89 97 89 99 98 98 85 95 97 -2.07 -4.68 -6.55 0.40 0.21 -1.32 29.24 58.16 33.21 20.39 25.09 }
{1552 65557 86 84 95 86 92 92 85 94 97 91 92 93 89 84 95 86 92 96 80 98 99 91 84 85 10.60 3.43 -6.34 1.55 0.89 -1.22 29.24 57.31 30.86 18.43 24.64 }
{1556 65712 89 84 95 86 92 96 81 98 99 91 88 89 89 84 95 86 92 96 80 98 99 91 84 85 7.33 3.94 -4.32 1.53 0.40 -1.19 29.24 57.23 29.21 16.70 24.55 }
{1560 65863 92 87 94 89 89 93 83 95 96 94 90 90 97 98 94 95 88 81 88 85 92 95 91 90 3.81 -3.15 2.49 0.72 0.68 -1.87 29.19 56.69 29.00 20.18 25.10 }
{1564 66022 96 91 94 93 88 89 87 91 92 95 91 90 97 98 94 95 88 81 88 85 92 95 91 90 5.94 0.48 7.89 -0.06 0.13 -1.54 29.28 56.73 26.74 25.79 26.00 }
{1568 66179 94 90 91 91 85 85 91 87 89 92 88 88 82 90 82 90 81 80 95 80 84 86 85 88 -1.64 -2.33 8.08 -0.19 0.75 -1.19 29.19 57.22 24.34 30.35 25.24 }
{1572 66335 90 89 93 87 87 84 89 83 85 94 84 87 84 89 93 84 96 84 81 81 85 98 83 87 -2.00 -0.82 -10.09 1.15 0.92 -1.69 29.14 58.72 29.49 27.87 25.21 }
{1576 66491 86 89 93 84 91 84 85 81 85 98 83 87 84 89 93 84 96 84 81 81 85 98 83 87 -1.66 -1.77 -10.03 0.74 0.41 -1.19 29.19 56.91 27.14 31.94 24.03 }
{1580 66649 84 89 93 84 95 84 81 81 85 98 83 87 84 89 93 84 96 84 81 81 85 98 83 87 1.88 0.36 -12.23 0.54 0.80 -1.51 29.19 56.76 24.99 42.85 24.60 }
{1584 66807 86 91 91 83 98 86 80 83 87 96 85 89 93 95 91 83 98 97 80 96 89 81 99 90 3.16 0.27 -1.42 0.52 0.65 -1.41 29.24 57.27 23.17 39.09 24.58 }
{1588 66962 90 89 91 86 95 90 80 87 91 96 84 93 95 88 91 87 81 93 80 88 95 96 84 93 4.48 -2.21 -1.88 0.88 0.30 -1.05 29.33 57.52 22.55 35.91 24.37 }
{1592 67116 94 88 91 87 91 93 80 88 95 96 84 93 95 88 91 87 81 93 80 88 95 96 84 93 2.42 -0.59 -1.16 0.88 0.84 -1.75 29.24 57.20 21.34 33.23 24.76 }
{1596 67274 92 91 94 90 87 90 83 91 92 93 87 90 87 95 99 93 86 85 91 98 89 90 89 87 3.81 5.15 -0.38 0.87 0.73 0.01 29.19 56.66 19.38 37.32 24.51 }
{1600 67427 88 95 98 93 86 86 87 95 89 90 89 87 87 95 99 93 86 85 91 98 89 90 89 87 -7.58 -4.41 -2.35 0.71 0.55 -0.16 29.28 56.38 17.28 33.89 24.48 }
{1604 67586 90 92 96 93 89 88 85 98 88 87 86 90 94 84 90 93 91 88 84 98 88 87 82 98 -1.37 -5.95 2.20 0.95 0.91 -0.27 29.19 56.49 15.78 31.08 24.63 }
{1608 67739 94 88 92 93 91 88 84 98 88 87 82 94 94 84 90 93 91 88 84 98 88 87 82 98 3.23 -0.57 7.62 1.15 0.65 -1.76 29.19 56.00 14.73 28.18 25.02 }
{1612 67896 95 90 92 96 89 90 81 95 87 84 85 92 95 97 92 97 89 90 80 91 87 81 99 80 0.69 -1.96 -3.51 0.77 0.41 -1.27 29.19 57.54 13.93 25.67 26.40 }
{1616 68050 95 94 92 97 89 90 80 91 87 81 89 88 95 97 92 97 89 90 80 91 87 81 99 80 1.04 -1.15 -1.92 0.25 0.30 -1.35 29.19 57.02 12.82 22.88 26.36 }
{1620 68208 97 96 89 94 86 93 83 94 90 84 93 90 97 96 85 91 84 95 95 99 99 89 99 92 2.66 0.39 1.08 0.69 0.42 -1.31 29.24 56.20 11.90 20.89 26.54 }
{1624 68363 94 93 85 90 82 91 87 92 93 88 91 88 90 86 82 82 81 80 94 87 93 97 81 85 -0.91 3.29 10.73 0.58 1.09 -1.64 29.24 56.08 9.95 19.66 28.16 }
{1628 68517 92 91 83 86 82 87 90 90 92 92 89 86 94 92 88 85 98 82 90 99 90 97 92 96 0.54 3.75 -3.14 0.70 1.69 -2.22 29.28 56.84 15.75 24.45 27.31 }
{1632 68670 94 92 87 85 86 83 90 94 90 96 92 90 94 92 88 85 98 82 90 99 90 97 92 96 1.58 -3.00 0.50 0.73 0.71 -1.64 29.19 57.29 14.44 22.10 27.71 }
{1636 68827 91 90 91 88 90 85 93 93 90 94 89 94 88 90 93 99 97 92 94 93 90 91 85 98 -0.79 0.01 2.29 0.08 0.63 -1.59 29.28 57.99 20.27 27.53 28.83 }
{1640 68980 88 90 93 92 94 89 94 93 90 91 85 98 88 90 93 99 97 92 94 93 90 91 85 98 6.26 1.36 6.92 0.45 0.11 -0.33 29.24 57.72 26.07 25.05 30.59 }
{1644 69135 89 91 92 94 96 93 93 94 91 90 86 97 93 94 84 87 82 94 89 99 94 87 95 88 5.58 0.72 7.34 0.66 0.31 -0.69 29.24 57.90 24.56 22.84 29.61 }
{1648 69289 93 89 88 93 92 91 95 92 89 86 84 97 93 87 80 93 90 83 96 88 86 80 82 97 3.84 -1.29 5.31 1.00 0.81 -1.51 29.19 56.42 22.89 20.26 29.38 }
{1652 69445 91 91 90 90 94 93 93 91 91 87 80 94 91 96 97 81 98 95 88 91 93 87 80 92 -0.10 0.30 -3.86 0.45 0.65 -1.80 29.24 56.71 20.99 18.75 31.13 }
{1656 69601 92 91 93 88 94 97 93 90 91 86 82 90 92 89 93 88 83 98 97 90 88 86 83 85 -1.26 -1.58 -7.72 1.13 0.32 -1.63 29.19 56.60 40.12 16.45 29.21 }
{1660 69755 92 89 93 88 90 98 97 90 88 86 83 86 92 89 93 88 83 98 97 90 88 86 83 85 5.93 0.07 4.43 0.77 0.81 -1.72 29.24 57.40 37.36 14.79 29.76 }
{1664 69911 91 86 90 91 86 95 97 87 86 89 83 82 91 86 83 98 84 87 97 82 86 91 83 80 5.64 1.39 -0.49 0.85 0.65 -1.28 29.09 56.98 34.82 20.43 29.78 }
{1668 70065 91 86 86 95 84 91 97 83 86 91 83 80 91 86 83 98 84 87 97 82 86 91 83 80 6.13 -1.78 6.34 0.65 0.95 -2.48 29.09 56.24 32.74 18.45 30.27 }
{1672 70219 91 86 83 98 84 87 97 82 86 91 83 80 91 86 83 98 84 87 97 82 86 91 83 80 -0.27 -4.22 2.89 1.04 0.62 -1.62 29.09 57.36 36.99 16.81 30.63 }
{1676 70378 88 89 85 95 82 90 94 85 85 88 86 83 84 91 85 89 82 96 88 90 85 82 93 85 0.58 0.68 -0.49 0.72 0.42 -1.36 29.14 57.36 34.15 15.08 30.52 }
{1680 70531 84 91 85 91 82 94 90 89 85 84 90 85 84 91 85 89 82 96 88 90 85 82 93 85 -0.32 0.28 -4.75 0.61 0.44 -1.07 29.24 57.42 31.20 13.62 29.88 }
{1684 70688 87 92 88 87 85 97 86 87 86 86 88 88 95 92 88 86 88 97 82 83 86 96 81 99 -5.05 3.50 -8.90 0.64 -0.19 -1.57 29.19 56.35 35.07 12.22 28.90 }
{1688 70845 87 90 90 88 89 95 84 87 85 90 88 88 82 90 97 88 91 83 84 92 85 98 92 87 8.90 -1.67 1.56 0.36 0.19 -1.34 29.19 56.91 32.45 10.60 28.25 }
{1692 70999 83 90 94 88 91 91 84 91 85 94 92 87 82 90 97 88 91 83 84 92 85 98 92 87 -1.55 -4.31 -5.88 0.18 0.61 -2.25 29.19 56.66 30.17 9.33 28.69 }
{1696 71158 84 89 94 87 92 88 87 92 88 92 93 84 84 91 98 99 83 88 87 92 93 88 81 81 -4.03 -4.67 4.75 0.99 0.08 -2.56 29.14 57.25 27.54 8.09 28.50 }
{1700 71310 84 91 98 91 88 88 87 92 92 88 89 81 84 91 98 99 83 88 87 92 93 88 81 81 2.97 -2.51 5.57 0.54 0.55 -1.68 29.19 56.67 25.26 14.16 28.44 }
{1704 71464 84 91 98 95 84 88 87 92 93 88 85 81 84 91 98 99 83 88 87 92 93 88 81 81 1.44 0.49 -0.95 0.66 0.79 -1.03 29.28 57.09 23.90 12.55 29.50 }
{1708 71620 85 90 97 97 84 87 88 93 92 89 81 82 89 90 81 96 93 87 94 98 89 95 80 87 3.90 -2.77 8.21 0.42 0.50 -1.20 29.19 57.52 22.21 11.50 30.08 }
{1712 71775 89 90 93 96 88 87 92 97 89 93 80 86 89 90 81 96 93 87 94 98 89 95 80 87 8.00 -1.35 9.48 0.97 0.94 -2.06 29.19 57.70 20.79 10.27 30.51 }
{1716 71931 92 88 89 93 87 86 96 95 86 91 83 90 95 88 86 84 87 86 98 87 82 91 99 97 4.78 -1.03 19.39 0.57 1.33 -2.70 29.24 57.31 26.09 22.70 31.79 }
{1720 72088 90 85 91 89 84 83 94 91 88 88 82 88 80 96 82 84 90 81 87 80 88 95 85 87 -4.21 -0.13 -3.21 0.64 0.99 -1.11 29.14 56.76 23.75 20.54 32.28 }
{1724 72243 86 89 87 85 88 81 90 87 88 92 85 87 80 96 82 84 90 81 87 80 88 95 85 87 -3.90 -4.85 -8.41 0.62 1.02 -1.83 29.19 57.29 21.82 18.42 32.34 }
{1728 72399 82 93 83 84 90 81 87 83 88 95 85 87 80 96 82 84 90 81 87 80 88 95 85 87 3.06 -2.28 -1.94 0.51 0.39 -1.84 29.19 57.56 20.10 23.33 32.36 }
{1732 72557 81 93 84 86 92 83 85 82 86 93 87 85 81 85 99 99 97 90 83 82 82 83 99 84 2.97 0.62 1.24 0.36 0.86 -1.09 29.28 58.25 18.45 21.18 32.32 }
{1736 72710 81 89 88 90 96 87 83 82 82 89 91 84 81 85 99 99 97 90 83 82 82 83 99 84 -0.01 0.30 -8.79 0.92 0.39 -1.30 29.19 57.23 17.53 19.55 32.41 }
{1740 72867 84 91 87 88 94 91 86 85 85 88 89 87 84 92 87 84 84 96 94 87 88 88 84 87 6.83 0.85 2.73 -0.07 0.51 -2.02 29.14 56.62 16.18 31.61 31.96 }
{1744 73021 84 92 87 84 90 95 90 87 88 88 85 87 84 92 87 84 84 96 94 87 88 88 84 87 2.63 0.43 -0.30 0.87 0.68 -1.01 29.19 56.58 15.19 35.56 31.42 }
{1748 73177 87 95 90 85 86 94 88 90 85 90 84 90 92 96 97 85 84 94 88 93 83 90 84 90 3.82 -3.90 -1.11 1.19 0.83 -1.77 29.14 56.66 14.20 32.77 31.61 }
{1752 73331 91 96 94 85 84 94 88 93 83 90 84 90 92 96 97 85 84 94 88 93 83 90 84 90 3.56 0.65 -1.22 0.89 -0.01 -1.03 29.24 55.77 13.50 30.37 32.22 }
{1756 73486 92 96 97 85 84 94 88 93 83 90 84 90 92 96 97 85 84 94 88 93 83 90 84 90 2.84 -4.25 3.56 0.65 -0.11 -1.56 29.19 56.27 12.56 27.37 32.30 }
{1760 73647 89 93 98 84 85 91 89 90 82 89 81 87 87 82 90 84 83 80 84 88 87 81 80 82 0.92 -0.93 0.75 0.61 -0.11 -1.06 29.09 56.13 11.71 24.74 32.34 }
{1764 73801 85 89 94 86 85 91 87 89 86 85 82 87 85 89 83 95 88 98 87 89 94 81 97 97 -0.84 -3.06 -2.76 0.68 0.96 -0.75 29.09 55.75 10.50 22.42 32.30 }
{1768 73957 85 89 90 90 88 95 87 89 90 81 86 91 85 89 83 95 88 98 87 89 94 81 97 97 -1.97 0.51 -3.95 1.73 0.46 -1.77 29.19 56.47 10.22 20.56 33.04 }
{1772 74113 85 89 86 94 88 98 87 89 94 81 90 95 85 89 83 95 88 98 87 89 94 81 97 97 0.37 -1.20 -1.82 1.40 1.00 -2.15 29.19 55.71 9.53 25.89 34.65 }
{1776 74269 88 92 82 92 85 95 90 87 91 84 88 93 89 92 82 83 82 81 92 87 87 88 87 93 2.90 -1.29 4.40 0.86 0.73 -1.30 29.24 55.70 8.84 23.46 34.74 }
{1780 74421 89 92 82 88 82 91 92 87 87 88 87 93 89 92 82 83 82 81 92 87 87 88 87 93 4.68 0.45 3.82 0.58 0.37 -2.05 29.14 55.91 8.48 21.64 35.64 }
{1784 74575 86 89 85 87 85 87 90 90 84 85 90 96 81 83 92 87 90 85 90 99 83 85 94 97 -3.06 -1.17 -6.73 0.28 0.56 -1.57 29.19 55.75 7.78 19.53 35.40 }
{1788 74730 82 85 89 87 89 85 90 94 83 85 94 97 81 83 92 87 90 85 90 99 83 85 94 97 -2.10 0.31 -7.10 0.47 0.10 -0.93 29.14 55.62 7.28 17.47 35.27 }
{1792 74887 84 81 93 90 93 88 87 93 86 88 91 98 93 80 94 91 97 99 85 93 92 99 89 98 2.07 -3.38 1.41 0.35 0.60 -1.55 29.19 56.27 6.53 15.78 35.45 }
{1796 75040 88 83 97 90 91 88 86 92 90 92 93 95 98 89 97 90 88 88 86 92 92 97 93 91 5.90 0.98 0.02 0.76 0.40 -1.70 29.09 56.47 6.65 20.92 36.03 }
{1800 75194 91 87 94 87 87 85 89 95 94 90 94 91 91 87 88 83 81 82 97 98 98 86 94 83 3.79 1.18 -0.56 1.07 0.80 -1.62 29.09 55.99 6.67 19.04 36.54 }
{1804 75346 91 87 90 83 83 82 93 98 98 86 94 87 91 87 88 83 81 82 97 98 98 86 94 83 -0.47 0.88 -2.15 1.32 1.19 -0.90 29.19 55.68 13.23 30.51 36.40 }
{1808 75501 91 87 88 83 81 82 97 98 98 86 94 83 91 87 88 83 81 82 97 98 98 86 94 83 4.81 2.59 8.53 0.01 0.82 -1.66 29.24 56.35 12.04 42.22 39.61 }
{1812 75658 90 84 91 86 84 85 94 95 95 88 95 86 90 84 93 87 92 89 87 82 84 88 95 90 2.48 -1.66 -0.78 0.17 0.66 -1.26 29.24 56.73 10.96 38.39 39.40 }
{1816 75811 90 84 93 87 88 89 90 91 91 88 95 90 90 84 93 87 92 89 87 82 84 88 95 90 -3.86 -1.23 -5.08 0.09 0.33 -1.03 29.19 56.67 16.52 42.23 39.17 }
{1820 75970 93 86 90 90 92 88 91 93 91 89 92 93 94 86 90 94 95 88 91 99 91 89 81 96 -1.11 -3.25 7.68 0.93 0.29 -1.75 29.19 56.96 29.41 38.19 39.30 }
{1824 76125 94 86 90 94 95 88 91 97 91 89 88 96 94 86 90 94 95 88 91 99 91 89 81 96 3.99 -1.86 4.99 0.31 0.47 -1.15 29.24 56.91 27.31 34.67 39.92 }
{1828 76279 94 86 90 94 95 88 91 99 91 89 84 96 94 86 90 94 95 88 91 99 91 89 81 96 1.23 -0.99 -3.08 0.92 0.90 -1.31 29.19 57.18 25.32 31.72 40.30 }
{1832 76437 93 89 91 91 92 91 94 99 89 91 86 93 93 92 91 88 80 92 99 99 89 91 94 84 2.98 1.85 5.71 0.63 0.92 -1.33 29.19 56.84 23.39 28.80 40.50 }
{1836 76590 93 92 91 88 88 92 98 99 89 91 90 89 93 92 91 88 80 92 99 99 89 91 94 84 0.57 2.13 -2.69 0.64 1.18 -1.05 29.14 56.91 21.53 26.12 39.92 }
{1840 76744 93 92 91 88 84 92 99 99 89 91 94 85 91 84 91 87 81 99 97 95 86 91 91 98 8.07 0.08 3.39 0.92 0.91 -1.35 29.24 56.15 19.62 23.86 40.10 }
{1844 76900 93 94 88 84 80 90 95 97 85 94 93 89 93 98 83 83 80 88 93 97 80 99 93 89 5.78 0.37 -4.73 1.47 1.40 -2.19 29.19 56.62 25.03 21.73 39.75 }
{1848 77053 93 98 84 83 80 88 93 97 81 98 93 89 93 98 83 83 80 88 93 97 80 99 93 89 0.14 -3.63 1.68 0.77 0.94 -1.53 29.19 55.89 22.89 19.46 39.37 }
{1852 77210 96 95 86 86 81 91 90 95 83 96 96 86 98 86 95 95 81 96 90 95 88 88 97 82 1.71 -0.90 -2.01 1.12 0.53 -1.40 29.19 55.79 21.40 17.68 39.83 }
{1856 77365 98 91 90 90 81 95 90 95 87 92 97 82 98 86 95 95 81 96 90 95 88 88 97 82 10.20 -1.44 13.33 0.45 -0.62 -0.61 29.19 55.97 27.30 15.75 40.86 }
{1860 77522 98 87 94 94 81 96 90 95 88 88 97 82 98 86 95 95 81 96 90 95 88 88 97 82 1.04 -1.34 4.46 0.33 0.52 -0.77 29.24 56.13 25.11 13.67 40.30 }
{1864 77679 95 89 94 95 84 93 93 92 85 86 95 85 87 97 94 95 90 87 96 85 83 86 95 90 0.16 -1.73 2.50 0.56 0.41 -1.39 29.24 56.98 23.18 12.04 39.90 }
{1868 77833 91 93 94 95 88 89 96 88 83 86 95 89 87 97 94 95 90 87 96 85 83 86 95 90 -3.25 -4.12 10.81 0.24 0.07 -2.20 29.19 56.80 28.04 17.50 39.84 }
{1872 77991 93 91 91 92 89 85 93 90 86 83 93 87 95 83 85 92 89 80 93 97 96 83 93 86 3.06 -1.63 1.68 0.25 0.93 -1.48 29.09 56.26 32.50 15.33 39.07 }
{1876 78147 96 87 93 91 86 87 90 88 90 86 96 84 96 82 98 91 86 94 89 82 96 89 96 84 2.86 1.98 -8.20 0.43 0.35 -1.26 29.14 57.42 37.53 20.35 39.42 }
{1880 78300 96 83 97 91 86 91 89 84 94 89 96 84 96 82 98 91 86 94 89 82 96 89 96 84 2.20 -0.28 -4.59 0.09 0.57 -1.47 29.14 57.63 41.70 25.62 39.53 }
{1884 78457 93 85 95 88 84 89 92 86 95 87 93 87 85 98 83 83 84 86 95 90 95 87 83 92 5.01 4.48 -2.35 0.69 2.19 -0.64 29.24 56.91 52.46 22.92 37.94 }
{1888 78611 89 89 91 84 84 86 95 90 95 87 89 91 85 98 83 83 84 86 95 90 95 87 83 92 -3.75 2.20 -5.34 0.96 1.07 -1.46 29.28 56.53 55.64 27.43 38.48 }
{1892 78767 85 93 87 83 84 86 95 90 95 87 85 92 85 98 83 83 84 86 95 90 95 87 83 92 -2.67 -1.41 -6.34 1.22 1.05 -1.76 29.14 57.23 59.32 25.35 39.93 }
{1896 78925 84 91 89 86 87 89 92 87 98 90 82 91 84 87 96 97 91 90 83 80 99 90 82 91 -1.75 -0.02 -6.92 0.91 0.84 -1.43 29.19 56.62 54.33 23.14 39.69 }
{1900 79081 84 87 93 90 91 90 88 83 99 90 82 91 84 87 96 97 91 90 83 80 99 90 82 91 -0.04 -4.44 1.36 -0.09 0.49 -0.76 29.14 57.00 63.71 35.34 39.65 }
{1904 79237 84 87 96 94 91 90 84 80 99 90 82 91 84 87 96 97 91 90 83 80 99 90 82 91 -0.10 3.06 4.09 -0.11 0.54 -1.42 29.19 57.31 65.15 46.01 37.96 }
{1908 79395 82 84 93 94 94 87 86 83 96 93 85 88 82 80 89 94 98 86 97 99 90 99 98 83 1.99 -0.12 1.77 0.97 0.41 -1.76 29.24 57.31 60.24 41.82 37.87 }
{1912 79551 85 81 89 91 92 83 89 87 92 91 89 90 96 81 86 88 80 81 89 91 87 84 96 96 4.00 -2.86 3.77 0.86 1.06 -1.29 29.24 57.80 62.59 38.13 38.34 }
{1916 79704 89 81 86 88 88 81 89 91 88 87 93 94 96 81 86 88 80 81 89 91 87 84 96 96 -8.65 -1.93 -6.27 1.04 1.71 -1.25 29.24 58.12 64.42 35.05 37.90 }
{1920 79862 93 82 85 89 86 82 88 90 86 85 95 96 96 96 82 99 99 99 87 86 80 86 91 96 5.97 0.10 4.84 0.33 0.62 -1.27 29.24 56.73 59.56 32.47 39.39 }
{1924 80015 96 86 82 93 90 86 87 86 82 86 91 96 96 96 82 99 99 99 87 86 80 86 91 96 4.25 -2.30 -0.87 0.64 0.91 -1.09 29.19 56.20 55.61 29.32 39.59 }
{1928 80173 93 90 85 91 90 84 90 87 84 86 94 93 86 90 93 81 90 84 98 87 94 86 97 89 0.77 -4.04 -1.68 0.55 0.56 -1.49 29.14 56.02 64.37 26.59 39.27 }
{1932 80326 89 90 89 87 90 84 94 87 88 86 97 89 86 90 93 81 90 84 98 87 94 86 97 89 -1.11 1.29 -9.68 0.52 0.49 -1.42 29.19 56.60 59.29 24.12 39.46 }
{1936 80484 87 89 91 84 89 85 96 86 90 87 96 90 87 88 80 84 80 88 90 83 83 91 83 96 -1.28 3.26 -4.01 1.29 1.35 -1.53 29.19 56.17 61.68 21.87 39.84 }
{1940 80638 87 88 87 84 85 88 92 83 86 91 92 94 87 88 80 84 80 88 90 83 83 91 83 96 6.61 -1.87 -4.96 0.77 0.71 -1.13 29.24 57.29 63.79 19.62 39.30 }
{1944 80796 90 89 89 82 81 91 94 86 84 90 88 93 92 89 92 82 81 95 95 91 84 90 86 93 7.21 2.04 1.71 1.28 1.22 -1.05 29.19 56.37 65.83 31.73 39.21 }
{1948 80948 92 89 92 82 81 95 95 90 84 90 86 93 92 89 92 82 81 95 95 91 84 90 86 93 3.13 -2.50 0.20 0.85 0.38 -1.39 29.14 55.62 67.71 35.34 39.50 }
{1952 81105 89 92 95 83 84 92 92 89 87 87 89 90 86 93 99 83 86 88 81 89 99 81 95 83 2.02 0.69 -4.05 0.78 0.20 -1.34 29.19 56.22 62.46 32.18 39.40 }
{1956 81258 86 93 99 83 86 88 88 89 91 83 93 86 86 93 99 83 86 88 81 89 99 81 95 83 3.36 -1.98 -5.47 1.18 -0.27 -1.15 29.28 56.46 71.45 42.49 38.33 }
{1960 81415 86 93 99 83 86 88 84 89 95 81 95 83 86 93 99 83 86 88 81 89 99 81 95 83 5.48 -1.00 -5.16 0.80 -0.05 -1.08 29.19 56.15 65.81 38.72 38.10 }
{1964 81574 89 90 96 86 83 85 86 86 93 82 92 86 92 88 81 89 81 83 93 80 93 82 86 90 0.77 -0.61 0.08 0.72 0.57 -1.23 29.14 56.71 60.82 35.30 38.27 }
{1968 81727 92 88 92 89 81 83 90 82 93 82 88 90 92 88 81 89 81 83 93 80 93 82 86 90 4.77 -0.71 8.63 0.35 0.78 -1.27 29.24 56.60 56.64 31.96 39.47 }
{1972 81884 92 86 92 86 82 86 90 84 90 85 90 92 92 86 92 84 82 86 90 99 82 94 95 92 1.74 -2.73 -0.73 0.59 1.23 -1.65 29.09 56.78 59.46 29.09 39.82 }
{1976 82038 92 86 92 84 82 86 90 88 86 89 94 92 92 86 92 84 82 86 90 99 82 94 95 92 1.53 -0.88 -0.49 0.74 0.98 -0.98 29.19 57.56 54.82 26.39 39.97 }
{1980 82196 94 89 89 87 85 89 87 92 86 93 92 95 94 89 83 87 87 95 84 93 86 94 84 98 8.46 -1.84 0.09 1.17 0.68 -1.78 29.19 56.66 50.70 24.14 40.19 }
{1984 82351 91 90 85 90 89 89 85 90 89 91 94 97 86 90 82 92 94 89 85 87 92 80 96 97 -0.38 -1.57 -4.95 1.31 0.27 -1.51 29.19 56.91 46.86 28.63 40.18 }
{1988 82506 87 90 82 92 93 89 85 87 92 87 96 97 86 90 82 92 94 89 85 87 92 80 96 97 -1.11 0.27 9.05 0.75 0.12 -0.52 29.19 56.38 43.27 26.30 41.01 }
{1992 82661 86 90 82 92 94 89 85 87 92 83 96 97 86 90 82 92 94 89 85 87 92 80 96 97 -1.23 1.67 0.99 0.58 0.56 -1.02 29.14 56.85 39.74 24.22 40.71 }
{1996 82816 86 90 82 92 94 89 85 87 92 80 96 97 80 86 80 83 81 94 95 97 82 92 91 88 2.32 1.61 -1.36 1.02 0.68 -1.27 29.19 56.53 36.73 22.09 40.68 }
{2000 82972 82 86 80 88 90 93 89 91 88 84 92 93 80 86 80 83 81 94 95 97 82 92 91 88 1.32 -1.63 -1.27 0.52 0.88 -1.75 29.14 56.53 33.92 20.07 40.70 }
{2004 83127 80 86 80 84 86 94 93 95 84 88 91 89 80 86 80 83 81 94 95 97 82 92 91 88 8.75 3.36 -0.79 0.99 0.85 -0.43 29.24 55.73 31.06 18.19 39.42 }
{2008 83283 81 87 81 84 84 93 94 96 81 92 92 89 97 98 92 97 86 86 92 84 80 99 95 95 7.26 2.25 -7.14 1.18 0.58 -1.06 29.14 55.59 36.72 16.83 40.00 }
{2012 83437 85 91 85 88 86 89 92 92 80 96 95 93 97 98 92 97 86 86 92 84 80 99 95 95 5.32 -1.03 -1.83 0.63 -0.21 -1.35 29.14 55.48 34.10 14.75 39.32 }
{2016 83594 89 95 89 92 86 86 92 88 80 99 95 95 97 98 92 97 86 86 92 84 80 99 95 95 -1.40 -1.86 4.57 -0.41 -0.38 -0.73 29.19 55.64 31.21 20.29 39.18 }
{2020 83755 87 93 88 90 89 85 89 90 83 96 92 92 81 83 88 84 98 85 84 95 86 86 80 83 2.10 -3.40 -5.36 1.03 0.22 -0.90 29.14 56.40 28.72 18.20 39.02 }
{2024 83909 83 89 88 86 93 85 85 94 86 92 88 88 81 83 88 84 98 85 84 95 86 86 80 83 1.93 0.83 -2.23 1.40 0.29 -1.43 29.19 56.00 32.32 16.20 37.68 }
{2028 84065 82 87 87 85 97 86 85 96 87 88 86 86 90 99 80 97 99 98 97 97 90 81 91 91 -1.64 -0.41 -3.88 0.74 0.42 -1.78 29.24 56.53 29.83 14.07 37.52 }
{2032 84221 82 91 89 89 95 90 84 94 87 90 90 90 82 99 92 96 89 96 84 88 87 93 94 97 3.61 0.45 -4.49 0.77 0.69 -1.15 29.19 56.62 28.16 12.86 37.79 }
{2036 84375 82 95 92 93 91 94 84 90 87 93 94 94 82 99 92 96 89 96 84 88 87 93 94 97 9.18 2.08 5.44 -0.19 0.56 -0.45 29.14 55.46 25.93 25.60 37.01 }
{2040 84531 83 97 91 96 90 95 85 87 86 94 93 96 90 96 80 96 90 92 95 82 86 94 86 89 4.40 0.68 0.76 0.89 0.14 -0.90 29.14 55.84 23.58 37.46 36.92 }
{2044 84685 87 93 91 99 87 97 89 89 89 91 93 96 87 87 91 99 85 99 99 91 89 83 93 96 12.05 -0.47 13.59 0.46 0.09 -0.81 29.19 55.84 22.20 34.35 37.58 }
{2048 84841 87 89 91 99 85 99 93 91 89 87 93 96 87 87 91 99 85 99 99 91 89 83 93 96 4.97 -0.06 7.48 1.01 0.45 -1.33 29.19 56.08 20.66 31.44 37.53 }
{2052 84996 87 87 91 99 85 99 97 91 89 83 93 96 87 87 91 99 85 99 99 91 89 83 93 96 0.77 -1.72 5.44 0.53 0.39 -1.11 29.19 55.17 18.91 28.56 37.26 }
{2056 85153 90 88 94 96 82 96 95 88 87 86 96 93 98 88 97 86 81 88 94 83 87 87 98 91 7.07 1.33 -0.84 0.79 0.98 -0.65 29.19 56.17 17.64 26.07 37.47 }
{2060 85308 90 90 92 97 84 92 91 90 90 90 94 89 90 90 83 97 89 87 83 99 94 93 86 89 2.13 -1.78 -5.21 0.88 -0.38 -1.85 29.24 55.71 16.75 23.39 37.20 }
{2064 85464 90 90 88 97 88 88 87 94 94 93 90 89 90 90 83 97 89 87 83 99 94 93 86 89 0.94 -2.61 -4.84 1.07 0.83 -1.15 29.24 55.99 15.68 21.21 37.60 }
{2068 85621 91 93 90 99 86 84 89 94 91 90 87 86 91 95 96 99 86 84 96 94 84 85 87 85 0.02 -1.52 -4.27 0.40 0.76 -1.09 29.14 56.71 21.29 19.06 38.06 }
{2072 85775 91 95 94 99 86 84 93 94 87 86 87 85 91 95 96 99 86 84 96 94 84 85 87 85 -4.70 -0.88 -1.17 0.80 0.54 -1.17 29.19 56.98 20.12 17.36 39.46 }
{2076 85932 91 95 96 99 86 84 96 94 84 85 87 85 91 95 96 99 86 84 96 94 84 85 87 85 2.07 0.97 4.55 0.15 0.38 -1.30 29.24 56.51 18.02 22.53 38.89 }
{2080 86085 91 95 96 99 86 84 96 94 84 85 87 85 80 86 88 93 92 87 90 82 85 91 89 94 3.00 -0.64 -0.96 0.56 0.47 -1.23 29.14 57.09 16.78 20.39 38.92 }
{2084 86244 87 96 98 95 90 85 92 96 87 84 91 89 80 96 99 93 98 85 88 99 87 84 93 89 -1.28 -0.86 -4.21 0.59 0.66 -1.30 29.24 55.77 15.49 18.43 38.90 }
{2088 86401 85 95 98 92 92 86 90 98 86 83 94 90 94 86 91 91 89 98 99 97 85 83 95 95 -2.41 -2.85 -9.62 1.23 0.83 -1.60 29.24 57.85 14.02 16.91 39.10 }
{2092 86558 89 95 94 88 92 87 88 94 86 86 93 88 96 95 85 88 92 87 84 84 86 90 93 85 1.73 -2.06 -3.27 1.24 1.24 -1.54 29.19 56.22 20.09 15.29 39.19 }
{2096 86712 93 95 90 88 92 87 84 90 86 90 93 85 96 95 85 88 92 87 84 84 86 90 93 85 11.00 1.98 3.99 1.24 0.30 -1.21 29.09 56.75 19.35 27.45 38.69 }
{2100 86868 91 92 92 91 95 90 83 92 87 87 90 88 83 83 92 91 96 92 83 96 87 85 83 99 -0.73 0.86 -6.20 1.04 0.40 -1.58 29.09 56.46 18.51 31.81 39.46 }
{2104 87023 87 88 92 91 96 92 83 96 87 85 86 92 83 83 92 91 96 92 83 96 87 85 83 99 -3.28 -3.23 -2.64 0.72 1.00 -1.14 29.24 56.04 16.82 29.27 38.98 }
{2108 87180 83 84 92 91 96 92 83 96 87 85 83 96 83 83 92 91 96 92 83 96 87 85 83 99 0.92 -0.22 -3.10 0.87 0.53 -1.73 29.19 56.37 15.61 26.85 39.45 }
{2112 87337 86 80 89 89 98 95 85 96 84 88 86 94 91 80 89 89 98 97 85 96 83 99 87 88 3.26 -0.57 1.18 0.76 0.53 -1.34 29.19 55.71 14.35 24.38 39.46 }
{2116 87490 90 80 89 89 98 97 85 96 83 92 87 90 91 80 89 89 98 97 85 96 83 99 87 88 10.92 1.78 6.44 1.38 0.31 -1.04 29.19 55.46 14.98 29.21 39.06 }
{2120 87645 91 80 89 89 98 97 85 96 83 96 87 88 91 80 89 89 98 97 85 96 83 99 87 88 4.00 -1.52 -1.66 0.95 0.53 -1.33 29.19 55.46 14.41 27.04 39.76 }
{2124 87803 88 80 86 92 95 94 88 96 86 94 85 85 88 80 80 98 92 81 97 96 88 82 85 84 4.34 -0.76 3.70 1.09 0.90 -1.73 29.14 56.17 13.54 24.65 40.08 }
{2128 87957 88 80 82 96 92 90 92 96 88 90 85 84 88 80 80 98 92 81 97 96 88 82 85 84 13.64 -9.93 16.32 1.14 1.39 -1.22 29.09 55.89 13.58 22.49 41.28 }
{2132 88116 89 83 84 94 95 86 90 93 85 92 88 85 89 95 85 93 95 80 89 87 81 96 90 85 -0.67 -2.85 1.05 0.70 0.11 -1.41 29.14 56.22 12.14 19.92 41.01 }
{2136 88271 86 87 88 95 98 85 86 93 87 90 86 82 86 93 92 95 99 85 86 93 97 89 82 80 0.94 -0.31 -7.72 0.38 0.06 -1.18 29.19 55.55 11.36 25.03 41.38 }
{2140 88426 86 91 92 95 99 85 86 93 91 89 82 80 86 93 92 95 99 85 86 93 97 89 82 80 1.64 3.20 -4.11 0.36 0.18 -0.85 29.19 56.13 10.63 29.64 41.28 }
{2144 88580 86 93 92 95 99 85 86 93 95 89 82 80 82 86 99 96 88 92 96 97 96 99 93 83 1.06 -1.15 -1.25 0.89 0.56 -1.23 29.19 55.91 9.75 27.20 41.57 }
{2148 88736 82 89 96 96 95 89 90 97 96 93 86 83 82 86 99 96 88 92 96 97 96 99 93 83 0.69 0.89 -2.93 0.38 0.27 -0.97 29.19 56.24 9.12 31.96 41.48 }
{2152 88890 82 86 99 96 91 92 94 97 96 97 90 83 82 86 99 96 88 92 96 97 96 99 93 83 4.22 3.24 -2.69 0.69 0.46 -1.04 29.24 56.00 9.29 29.23 41.34 }
{2156 89046 83 89 96 99 87 93 92 94 95 96 88 80 83 95 95 99 81 93 92 84 95 96 83 80 3.81 0.72 4.72 0.81 0.24 -1.40 29.09 56.08 8.58 26.74 40.95 }
{2160 89198 86 87 92 96 83 96 89 96 92 93 85 83 97 83 85 82 81 97 82 98 83 82 85 94 8.23 1.29 -6.40 0.68 0.82 -1.31 29.14 55.77 8.12 24.34 40.51 }
{2164 89351 90 83 88 92 81 97 85 98 88 89 85 87 83 99 83 94 86 92 93 97 89 94 87 88 -1.35 -7.48 1.16 1.08 0.35 -1.03 29.28 55.28 7.34 22.22 40.58 }
{2168 89507 90 87 90 92 85 93 89 94 86 93 87 91 90 92 94 92 88 81 90 81 84 94 87 94 -3.26 -1.34 -2.52 0.64 0.46 -1.85 29.19 55.79 6.55 19.80 40.33 }
{2172 89661 90 91 94 92 88 89 90 90 84 94 87 94 90 92 94 92 88 81 90 81 84 94 87 94 -4.15 -5.11 2.81 0.44 0.38 -1.70 29.19 56.02 6.09 18.03 40.93 }
{2176 89819 93 89 96 89 91 85 93 92 87 91 90 91 97 82 96 81 92 82 93 96 96 90 95 90 -0.21 -3.05 10.41 0.63 -0.64 -2.31 29.14 56.67 5.51 22.93 40.87 }
{2180 89973 97 85 96 85 92 82 93 96 91 90 94 90 97 82 96 81 92 82 93 96 96 90 95 90 0.13 0.75 -1.11 0.74 1.32 -1.47 29.28 57.42 11.79 20.49 40.61 }
{2184 90130 94 86 93 81 95 85 92 94 93 87 97 87 93 86 85 80 97 86 92 94 93 81 97 83 0.65 -0.27 -6.05 1.20 0.90 -1.25 29.19 56.40 11.14 18.67 41.11 }
{2188 90284 93 86 89 80 97 86 92 94 93 83 97 83 93 86 85 80 97 86 92 94 93 81 97 83 1.70 -0.74 -6.01 0.90 0.97 -1.69 29.14 56.62 10.04 23.47 41.13 }
{2192 90442 90 86 90 83 94 84 89 92 90 81 94 86 85 86 90 89 87 84 81 92 81 81 81 87 -0.33 0.57 -4.17 0.70 0.66 -2.03 29.24 57.02 9.18 42.74 40.97 }
{2196 90596 86 86 90 87 90 84 85 92 86 81 90 87 85 86 90 89 87 84 81 92 81 81 81 87 0.32 1.33 -7.17 1.39 0.80 -0.74 29.19 56.26 15.25 38.95 40.83 }
{2200 90753 88 83 87 91 86 81 82 89 88 84 92 90 95 81 81 92 86 80 82 84 99 97 95 95 0.28 -1.00 1.33 0.74 0.94 -1.54 29.14 55.68 20.52 42.25 40.92 }
{2204 90907 86 85 83 89 89 83 85 85 86 88 93 88 86 99 83 85 99 86 87 81 83 91 93 83 0.71 -3.57 3.04 0.28 0.97 -1.60 29.24 56.51 19.03 45.98 42.54 }
{2208 91063 89 89 81 91 93 87 89 87 88 87 90 84 99 97 81 93 95 94 94 96 93 87 81 80 6.39 -1.58 6.89 0.73 0.54 -1.75 29.19 56.91 18.11 48.61 42.42 }
{2212 91218 87 92 82 91 91 91 93 90 88 89 88 82 80 95 82 99 85 95 95 90 88 89 85 97 2.32 2.27 -1.13 0.53 0.46 -1.60 29.19 56.33 24.11 44.58 43.26 }
