N T EM1 EM2 EM3 EM4 EM5 EM6 EM7 EM8 EM9 EM10 EM11 EM12 CM1 CM2 CM3 CM4 CM5 CM6 CM7 CM8 CM9 CM10 CM11 CM12 GyX GyY GyZ AcX AcY AcZ Tmp HCSR X Y Z
{0 5537 93 93 93 93 93 93 93 93 93 93 93 93 87 89 93 98 90 92 84 98 83 89 80 85 1.84 -0.61 -0.34 0.86 0.51 -1.41 29.14 58.72 -1.78 -2.65 -24.04 }
{4 5683 89 89 90 91 89 89 92 91 89 89 95 89 82 87 83 87 89 80 92 83 89 89 97 80 0.92 0.25 -0.41 1.11 1.00 -1.20 29.19 57.85 -1.60 -2.74 -24.10 }
{8 5833 85 87 86 87 89 85 92 87 89 89 97 85 82 87 83 87 89 80 92 83 89 89 97 80 -1.05 -2.73 -9.98 1.87 1.58 -2.55 29.14 58.97 12.41 -2.51 -24.46 }
{12 5989 87 90 88 90 92 86 92 87 90 92 99 87 99 98 96 95 97 86 92 87 90 93 99 89 0.78 -0.25 2.02 0.71 0.76 -1.64 29.05 58.54 11.04 -2.34 -24.09 }
{16 6139 91 94 92 94 96 86 92 87 90 93 99 89 99 98 96 95 97 86 92 87 90 93 99 89 0.42 0.10 3.92 0.83 -0.01 -1.13 29.05 59.15 10.64 -2.65 -23.64 }
{20 6292 95 98 96 95 97 86 92 87 90 93 99 89 99 98 96 95 97 86 92 87 90 93 99 89 0.61 1.35 -4.08 1.04 0.35 -0.39 29.24 58.88 17.04 -2.57 -22.57 }
{24 6447 97 97 95 94 96 85 91 88 91 94 98 88 81 87 92 93 96 85 85 88 91 94 97 81 3.93 0.51 4.69 0.77 0.63 -1.19 29.09 59.53 15.72 -2.80 -22.50 }
{28 6597 93 93 92 93 96 85 87 88 91 94 97 84 81 87 92 93 96 85 85 88 91 94 97 81 6.14 -2.74 -7.33 1.20 0.70 -1.49 29.05 59.10 14.25 -2.65 -23.02 }
{32 6751 89 89 92 93 96 85 85 88 91 94 97 81 81 87 92 93 96 85 85 88 91 94 97 81 -1.39 -0.02 -6.38 1.14 0.47 -1.21 29.19 58.86 13.20 -2.81 -23.23 }
{36 6908 88 85 89 90 93 88 88 85 88 91 94 84 88 84 88 90 84 96 90 83 82 86 89 84 4.60 -3.03 0.49 1.19 0.86 -1.30 29.14 58.68 12.51 -3.01 -23.21 }
{40 7061 91 87 88 88 93 92 86 87 90 87 94 83 85 89 95 94 89 81 97 95 85 84 91 98 3.73 0.75 -3.21 1.03 0.28 -1.72 29.14 58.95 11.44 -3.44 -23.38 }
{44 7213 87 89 92 92 89 88 90 91 86 84 91 87 85 89 95 94 89 81 97 95 85 84 91 98 5.16 7.03 -3.98 0.70 1.13 -0.62 29.05 59.01 10.79 -3.51 -23.20 }
{48 7367 83 86 90 92 86 90 94 95 84 81 94 91 83 85 82 92 86 96 97 98 84 81 97 91 2.54 -1.17 6.37 0.41 0.99 -1.22 29.05 58.39 17.13 3.31 -22.96 }
{52 7517 83 85 86 92 86 94 97 98 84 81 97 91 83 85 82 92 86 96 97 98 84 81 97 91 9.32 5.49 11.99 1.58 0.65 -1.77 29.14 58.50 15.96 16.48 -23.32 }
{56 7671 86 88 88 95 89 92 94 95 85 84 95 94 97 98 97 97 94 84 89 91 85 95 95 98 2.34 -0.35 -0.11 0.17 0.32 -1.15 29.05 57.78 15.27 36.51 -22.10 }
{60 7826 90 88 92 95 93 92 90 95 87 88 93 94 82 85 82 92 87 81 95 92 91 81 90 91 -1.75 -5.20 -4.44 1.07 -0.10 -2.25 29.19 58.61 28.22 32.84 -23.16 }
{64 7982 92 90 90 91 95 94 88 92 91 90 95 94 97 96 90 80 99 95 86 92 98 95 99 94 3.61 -0.79 -4.59 0.88 0.00 -2.15 29.14 58.37 26.12 29.90 -23.24 }
{68 8133 96 94 90 87 99 95 86 92 95 94 99 94 97 96 90 80 99 95 86 92 98 95 99 94 0.71 0.51 -6.27 0.53 -0.61 -1.28 29.00 58.72 24.56 26.98 -23.36 }
{72 8289 94 92 87 86 96 92 89 90 98 94 96 91 89 80 85 86 83 86 93 90 98 94 80 84 -1.63 -0.48 -5.04 0.95 0.63 -1.44 29.09 58.57 23.04 25.33 -22.72 }
{76 8443 94 88 89 83 98 88 90 90 99 91 92 87 94 86 94 83 98 84 90 90 99 83 87 85 -0.70 2.36 -6.12 1.44 0.83 -1.07 29.14 57.63 20.89 23.42 -22.55 }
{80 8596 94 86 93 83 98 84 90 90 99 87 88 85 94 86 94 83 98 84 90 90 99 83 87 85 -5.84 -5.14 2.14 0.37 0.83 -0.30 29.14 59.12 18.89 21.25 -22.60 }
{84 8752 92 88 92 85 96 85 88 88 97 87 89 87 92 99 87 85 96 85 83 80 84 88 95 95 -1.75 -1.37 -4.41 0.72 0.83 -1.33 28.95 59.08 17.33 19.17 -22.72 }
{88 8905 92 92 88 85 96 85 84 84 93 88 93 91 92 99 87 85 96 85 83 80 84 88 95 95 -4.00 -1.58 3.89 0.51 0.57 -1.59 29.05 58.23 22.65 16.93 -23.86 }
{92 9059 92 96 87 85 96 85 83 80 89 88 95 95 92 99 87 85 96 85 83 80 84 88 95 95 2.80 2.56 3.91 0.47 0.82 -1.61 29.19 58.86 21.11 21.76 -23.74 }
{96 9212 94 94 90 88 93 84 86 83 91 91 95 92 94 82 91 99 92 84 95 98 96 92 95 91 2.86 -1.05 0.79 0.73 0.77 -1.65 29.09 58.90 19.91 19.96 -23.42 }
{100 9364 94 90 91 92 92 84 90 87 95 92 95 91 94 82 91 99 92 84 95 98 96 92 95 91 3.67 0.86 11.95 0.52 1.51 -2.13 29.19 57.92 26.42 18.53 -20.61 }
{104 9520 91 92 93 90 89 87 88 91 93 95 92 88 89 97 93 87 85 90 82 91 88 97 81 85 0.92 0.17 -7.76 0.86 0.41 -1.21 29.05 58.23 24.52 16.64 -20.41 }
{108 9672 89 96 93 87 85 90 84 91 89 97 88 85 89 97 93 87 85 90 82 91 88 97 81 85 5.35 0.63 -10.32 0.65 1.36 -1.12 29.00 57.92 29.52 14.91 -20.64 }
{112 9829 88 95 96 87 88 93 86 94 85 94 84 88 88 95 96 87 99 94 91 96 81 92 80 94 4.32 5.55 -6.85 1.33 -0.02 -0.37 29.09 58.81 27.46 13.70 -20.64 }
{116 9981 88 95 96 87 92 94 90 96 81 92 80 92 88 95 96 87 99 94 91 96 81 92 80 94 4.19 -6.82 10.92 0.66 0.88 -0.40 29.09 57.81 25.46 11.94 -20.70 }
{120 10136 88 95 96 87 96 94 91 96 81 92 80 94 88 95 96 87 99 94 91 96 81 92 80 94 3.18 0.74 -3.39 0.94 0.12 -1.99 29.14 58.61 24.58 10.51 -19.59 }
{124 10294 91 92 93 90 94 91 88 95 84 89 83 91 95 89 87 95 93 89 80 95 95 86 83 82 4.25 -1.11 0.58 1.03 0.20 -1.25 29.14 57.89 23.03 9.45 -19.63 }
{128 10447 91 89 91 90 95 88 88 93 88 85 85 91 88 89 91 84 98 88 97 91 89 83 91 91 5.96 1.75 8.21 0.87 0.48 -0.79 29.14 58.61 21.71 21.99 -19.51 }
{132 10602 93 88 92 88 93 89 90 93 92 87 89 88 96 84 97 88 84 90 90 96 92 94 97 84 1.68 2.17 0.32 0.98 0.37 -1.32 29.05 58.19 19.88 20.12 -19.20 }
{136 10754 96 84 96 88 89 90 90 96 92 91 93 84 96 84 97 88 84 90 90 96 92 94 97 84 6.20 3.29 1.25 0.73 -0.04 -1.11 29.19 58.19 18.52 17.64 -18.93 }
{140 10907 96 84 97 88 85 90 90 96 92 94 97 84 96 84 97 88 84 90 90 96 92 94 97 84 2.77 -5.25 -0.24 0.24 0.16 -1.82 29.09 58.09 17.37 16.00 -18.12 }
{144 11066 93 85 98 91 87 89 93 93 89 91 94 82 88 85 98 99 89 89 93 83 87 87 93 82 2.69 1.99 3.42 0.48 0.40 -1.16 29.05 58.65 15.96 14.23 -18.10 }
{148 11219 93 87 96 91 87 87 91 90 85 91 95 84 96 93 84 90 86 80 84 90 85 96 98 95 1.29 -1.20 -1.47 0.63 0.43 -1.51 29.09 58.36 14.52 12.94 -18.21 }
{152 11376 97 91 98 87 89 89 93 93 88 95 93 88 97 96 98 86 97 91 98 94 99 97 93 91 3.16 -1.31 3.24 0.46 0.50 -1.17 29.24 58.57 13.44 11.20 -18.11 }
{156 11529 97 95 98 86 93 91 97 94 92 97 93 91 97 96 98 86 97 91 98 94 99 97 93 91 3.41 0.83 8.90 0.65 0.32 -1.72 29.05 58.32 12.51 10.10 -16.92 }
{160 11684 95 94 97 88 93 89 96 96 92 98 91 93 82 93 97 91 88 89 93 97 84 98 80 94 1.82 -0.04 -4.82 0.62 0.35 -1.42 29.09 58.74 12.44 9.21 -16.38 }
{164 11838 91 93 97 91 89 89 93 97 88 98 87 94 82 93 97 91 88 89 93 97 84 98 80 94 -1.97 -0.61 -7.42 0.73 0.53 -1.33 29.09 59.17 11.55 8.14 -16.59 }
{168 11994 87 93 97 91 88 89 93 97 84 98 83 94 82 93 97 91 88 89 93 97 84 98 80 94 1.79 -0.57 1.66 0.42 0.77 -1.35 29.14 58.81 10.34 6.93 -17.25 }
{172 12150 89 90 94 90 91 86 90 98 81 95 85 97 95 87 80 90 95 86 87 98 80 86 95 97 3.61 -5.19 -2.41 0.95 0.32 -1.50 29.09 58.12 9.71 6.03 -16.96 }
{176 12304 93 92 90 93 95 89 86 95 83 91 83 97 94 93 80 94 98 97 85 89 95 83 82 97 3.39 -0.06 2.83 1.12 0.84 -1.59 29.14 58.41 8.86 11.46 -17.19 }
{180 12455 94 93 86 94 98 93 85 91 87 87 82 97 94 93 80 94 98 97 85 89 95 83 82 97 -3.60 -5.38 0.12 1.02 0.39 -1.91 29.05 58.66 9.04 10.80 -16.37 }
{184 12610 94 93 82 94 98 97 85 89 91 83 82 97 94 93 80 94 98 97 85 89 95 83 82 97 3.32 -0.44 -1.31 0.71 0.35 -1.17 29.24 58.75 8.43 9.49 -17.28 }
{188 12766 96 91 82 92 96 95 87 87 91 85 84 99 99 87 87 89 95 83 93 83 88 85 98 99 -0.06 0.40 3.56 0.84 0.90 -1.37 29.14 58.59 7.86 8.69 -17.42 }
{192 12918 99 87 86 89 95 91 91 83 88 85 88 99 99 87 87 89 95 83 93 83 88 85 98 99 -2.56 -3.89 7.12 0.55 0.71 -1.81 29.09 59.44 7.18 7.53 -17.07 }
{196 13074 96 84 90 92 92 93 89 86 91 82 86 96 90 84 92 93 83 97 80 90 91 80 83 80 0.60 -0.38 -3.72 0.21 0.87 -1.15 29.14 59.71 6.61 6.52 -17.19 }
{200 13225 92 84 92 93 88 97 85 90 91 80 83 92 90 84 92 93 83 97 80 90 91 80 83 80 7.45 2.62 -4.47 1.46 -0.40 -0.98 29.14 58.09 5.82 5.13 -20.00 }
{204 13381 93 87 89 96 90 94 81 93 92 83 86 88 93 98 83 96 90 94 80 99 92 94 89 82 3.59 -0.56 -7.47 1.44 -0.00 -1.46 29.14 57.83 5.50 4.38 -20.22 }
{208 13536 91 90 91 93 90 91 83 91 91 87 90 86 91 90 99 83 90 80 83 90 91 89 98 86 -4.39 -8.48 -1.33 -0.07 0.42 -1.96 29.14 58.48 5.44 3.90 -19.16 }
{212 13690 91 90 95 89 90 87 83 90 91 89 94 86 91 90 99 83 90 80 83 90 91 89 98 86 1.44 1.00 -6.50 0.68 0.18 -1.51 29.05 58.41 5.45 3.18 -18.58 }
{216 13843 91 90 99 85 90 83 83 90 91 89 98 86 91 90 99 83 90 80 83 90 91 89 98 86 0.97 -0.85 2.55 0.73 1.04 -2.31 29.14 58.05 5.20 2.16 -18.06 }
{220 13998 90 87 96 84 87 85 86 91 88 86 98 89 90 81 96 84 84 98 96 91 84 80 98 91 -0.64 -1.41 0.96 0.72 1.07 -1.35 29.19 59.70 5.03 1.87 -17.26 }
{224 14152 87 89 93 85 83 89 90 89 90 82 95 92 83 91 81 85 80 98 94 89 93 80 85 92 2.17 -2.22 5.79 1.02 1.19 -1.46 29.09 59.01 11.65 1.35 -17.33 }
{228 14306 88 93 89 88 84 93 94 91 90 84 91 93 88 97 88 90 84 95 97 91 90 86 90 93 6.23 0.46 0.66 0.59 0.92 -1.63 29.14 58.03 10.50 0.87 -16.24 }
{232 14456 88 97 88 90 84 95 97 91 90 86 90 93 88 97 88 90 84 95 97 91 90 86 90 93 2.94 0.08 9.05 0.63 0.51 -1.01 29.09 58.16 9.54 7.74 -13.80 }
{236 14611 85 94 85 87 87 92 94 90 87 89 87 91 85 80 82 83 92 87 81 90 80 99 87 91 2.66 -2.15 -0.12 0.93 0.66 -1.51 29.09 57.47 8.75 6.85 -13.91 }
{240 14763 85 90 82 83 91 88 90 90 83 93 87 91 85 80 82 83 92 87 81 90 80 99 87 91 -8.96 -0.18 -14.43 1.32 0.60 -1.96 29.14 58.45 21.85 13.35 -15.70 }
{244 14922 88 86 81 86 89 84 92 93 85 93 84 91 94 85 81 97 88 82 95 94 85 93 80 91 2.49 -1.48 1.83 0.67 0.89 -1.51 29.05 58.56 20.46 12.09 -15.37 }
{248 15075 92 85 81 90 88 82 95 94 85 93 80 91 94 85 81 97 88 82 95 94 85 93 80 91 8.13 0.68 13.57 0.39 0.50 -2.01 29.14 59.10 19.23 10.66 -14.25 }
{252 15233 94 85 84 93 89 85 96 91 82 96 83 88 94 85 89 93 89 86 96 84 80 98 92 80 2.84 2.11 6.81 0.60 0.67 -1.31 29.09 58.28 17.96 9.27 -13.81 }
{256 15383 94 85 88 93 89 86 96 87 80 98 87 84 94 85 89 93 89 86 96 84 80 98 92 80 3.04 -0.71 3.70 -0.18 -0.19 -1.34 29.05 58.45 16.63 15.22 -13.59 }
{260 15540 94 85 89 93 89 86 96 84 80 98 91 80 94 85 89 93 89 86 96 84 80 98 92 80 3.45 -2.04 -2.30 0.66 0.49 -1.94 29.14 58.47 15.87 20.45 -14.50 }
{264 15698 91 87 92 96 92 83 93 87 83 95 89 83 80 87 92 99 98 81 91 96 91 91 88 91 0.95 -1.17 -0.30 0.36 0.27 -1.42 29.19 60.02 14.83 18.29 -14.45 }
{268 15853 87 87 92 99 96 81 91 91 87 91 88 87 80 87 92 99 98 81 91 96 91 91 88 91 -3.66 -1.05 -8.40 1.07 1.19 -1.51 29.05 59.64 21.58 30.42 -11.69 }
{272 16009 83 87 92 99 98 81 91 95 91 91 88 91 80 87 92 99 98 81 91 96 91 91 88 91 -1.03 1.72 -2.20 0.65 0.60 -1.59 29.09 59.77 19.43 27.33 -11.95 }
{276 16167 85 84 89 98 95 84 90 93 88 94 91 88 85 80 80 98 93 87 90 91 83 94 93 87 2.48 -0.57 -0.66 0.61 0.80 -1.33 29.14 59.59 17.85 24.84 -12.47 }
{280 16324 88 86 85 96 91 88 87 89 90 91 89 84 95 91 82 96 86 95 84 81 97 81 83 84 13.56 8.01 -4.06 1.70 0.64 -0.26 29.14 58.66 23.18 23.98 -12.78 }
{284 16478 92 90 82 96 87 92 84 85 94 87 85 84 95 91 82 96 86 95 84 81 97 81 83 84 8.13 2.92 2.52 1.35 0.64 -0.45 29.14 59.04 21.03 28.67 -13.21 }
{288 16633 96 88 85 93 89 90 87 81 92 89 87 85 96 81 95 90 96 85 93 81 80 91 89 85 0.84 -0.47 3.77 0.66 0.35 -1.47 29.19 58.90 19.53 26.06 -13.27 }
{292 16787 96 84 89 90 93 86 91 81 88 91 89 85 96 81 95 90 96 85 93 81 80 91 89 85 -0.38 0.43 -7.31 1.18 0.78 -1.83 29.05 58.16 24.36 31.11 -14.35 }
{296 16942 96 81 93 90 96 85 93 81 84 91 89 85 96 81 95 90 96 85 93 81 80 91 89 85 -0.47 -1.72 2.79 0.01 0.63 -1.54 29.05 59.46 22.52 28.02 -14.48 }
{300 17100 96 83 93 88 94 87 95 83 84 89 87 83 96 88 85 84 87 89 96 86 96 86 87 80 5.61 -3.37 2.92 -0.74 0.57 0.42 29.19 59.75 20.96 38.82 -15.60 }
{304 17255 93 87 95 90 90 91 98 87 85 87 89 85 91 90 98 91 84 98 98 94 85 87 89 98 1.16 2.54 -1.59 0.21 0.70 -1.34 29.19 58.65 19.43 35.31 -15.29 }
{308 17409 91 90 98 91 86 95 98 91 85 87 89 89 85 98 88 89 94 87 80 94 80 96 95 83 3.00 -0.62 0.75 0.22 0.71 -1.00 29.09 58.95 17.62 45.86 -16.75 }
{312 17565 87 91 94 87 90 97 95 89 87 91 92 90 85 91 92 84 96 97 95 85 90 95 92 90 -4.32 -0.42 -12.81 1.31 0.55 -1.23 29.09 58.83 16.80 42.02 -16.12 }
{316 17723 89 94 90 89 93 99 92 85 91 89 89 89 97 99 87 95 93 99 89 84 99 81 85 89 4.26 2.80 -8.53 1.02 0.29 -1.61 29.24 58.19 15.89 38.67 -15.63 }
{320 17876 93 98 87 93 93 99 89 84 95 85 85 89 97 99 87 95 93 99 89 84 99 81 85 89 0.03 -1.86 0.76 1.38 0.66 -0.89 29.19 57.74 14.74 35.16 -15.96 }
{324 18033 93 96 89 91 96 96 92 83 98 87 82 92 93 80 89 90 97 86 98 83 98 96 81 99 -3.77 -4.38 3.24 1.42 -0.22 -1.54 29.14 58.37 12.85 32.27 -16.62 }
{328 18188 93 92 89 90 97 92 96 83 98 91 81 96 93 80 89 90 97 86 98 83 98 96 81 99 3.44 -0.67 -0.59 0.62 0.71 -1.88 29.14 58.34 11.43 29.73 -16.11 }
{332 18347 90 88 92 87 95 94 94 84 95 89 84 94 87 88 99 87 95 95 92 84 89 84 94 87 -4.38 -1.34 -10.34 1.28 0.38 -1.11 29.14 58.81 10.45 27.36 -15.74 }
{336 18504 92 85 96 84 92 98 91 83 97 91 88 90 95 85 96 81 85 99 91 83 98 98 99 84 6.07 4.69 -13.28 1.23 0.60 -0.52 29.09 57.80 9.82 25.04 -16.27 }
{340 18657 95 85 96 81 88 99 91 83 98 95 92 86 95 85 96 81 85 99 91 83 98 98 99 84 16.66 2.94 4.26 1.57 0.42 -1.71 29.19 58.30 9.79 22.90 -16.31 }
{344 18813 98 85 93 84 84 96 88 86 95 93 90 88 99 85 91 87 84 85 81 94 86 90 83 92 3.52 -0.31 2.24 1.12 0.44 -0.73 29.14 58.19 9.18 20.62 -16.09 }
{348 18967 96 88 95 88 81 92 85 87 91 95 92 92 81 94 97 97 80 89 85 87 82 99 97 96 2.20 -1.83 -3.97 0.62 0.54 -1.56 29.09 58.81 8.74 18.63 -14.79 }
{352 19121 92 92 97 92 80 89 85 87 87 99 96 96 81 94 97 97 80 89 85 87 82 99 97 96 5.04 -2.10 -2.14 0.25 -0.00 -1.64 29.09 58.65 7.97 16.69 -14.54 }
{356 19275 88 94 97 96 80 89 85 87 83 99 97 96 81 94 97 97 80 89 85 87 82 99 97 96 3.09 -1.99 -0.63 0.99 0.40 -1.51 29.14 58.83 7.33 14.95 -14.12 }
{360 19433 84 91 99 94 83 92 82 90 85 96 97 96 82 89 99 88 83 97 81 92 86 81 97 96 -1.22 -0.65 -7.25 1.17 0.00 -1.05 29.05 58.63 6.69 13.48 -13.66 }
{364 19587 82 89 99 90 83 96 81 92 86 92 97 96 82 89 99 88 83 97 81 92 86 81 97 96 5.82 -4.94 1.66 0.48 -0.16 -1.51 29.24 59.03 5.98 11.93 -14.02 }
{368 19741 82 89 99 88 83 97 81 92 86 88 97 96 82 89 99 88 83 97 81 92 86 81 97 96 1.59 -0.77 -2.64 0.92 0.57 -1.27 29.09 58.72 5.55 10.27 -15.14 }
{372 19899 85 92 96 85 86 94 84 92 84 90 98 93 90 94 95 81 92 93 87 92 84 91 98 92 -0.47 0.40 -6.06 1.32 0.78 -1.76 29.09 58.99 5.10 9.02 -15.30 }
{376 20050 89 94 95 81 90 93 87 92 84 91 98 92 90 94 95 81 92 93 87 92 84 91 98 92 5.30 -0.94 4.20 0.76 0.26 -1.37 29.24 58.94 14.00 28.33 -15.90 }
{380 20208 90 91 98 84 94 90 90 89 83 92 95 95 90 83 99 94 99 86 95 81 83 92 86 99 -0.44 -1.72 4.12 0.52 0.55 -2.48 29.19 59.08 13.64 25.94 -15.08 }
{384 20362 90 87 99 88 98 86 94 85 83 92 91 99 90 83 99 94 99 86 95 81 83 92 86 99 -2.88 -2.36 7.07 -0.02 0.04 -2.05 29.05 58.72 12.57 37.46 -14.01 }
{388 20520 90 83 96 86 96 89 92 87 86 95 91 99 90 83 89 85 83 91 91 92 96 99 91 99 3.71 -1.35 -4.67 0.69 0.40 -1.17 29.05 59.99 17.94 33.65 -14.98 }
{392 20677 93 86 97 88 92 93 90 85 90 93 91 96 96 91 97 93 88 97 90 83 96 89 91 94 12.11 3.44 -2.67 -0.02 -0.01 -0.95 29.14 58.65 17.90 37.56 -17.28 }
{396 20833 96 90 97 92 88 97 90 83 94 89 91 94 96 91 97 93 88 97 90 83 96 89 91 94 1.32 -0.41 2.00 1.13 0.54 -1.38 29.05 58.95 16.95 41.04 -17.32 }
{400 20989 93 88 94 90 85 94 90 84 93 86 88 97 84 86 91 90 82 84 90 84 93 81 87 99 0.02 -0.97 0.72 0.98 -0.03 -0.69 29.09 57.90 15.42 37.52 -17.81 }
{404 21143 89 86 91 90 82 90 90 84 93 82 87 99 84 86 91 90 82 84 90 84 93 81 87 99 2.19 1.44 -0.41 1.21 1.11 -1.45 29.14 57.96 21.22 41.27 -17.81 }
{408 21301 91 89 88 87 85 86 92 87 94 84 87 97 97 90 81 81 85 82 92 92 94 99 87 97 -6.64 -3.78 -8.35 1.01 1.01 -1.91 29.14 59.19 19.59 37.88 -17.50 }
{412 21457 91 92 88 87 83 86 90 91 92 88 89 95 90 99 90 97 81 96 80 99 92 99 96 90 -7.80 4.02 6.26 1.47 0.77 -2.45 29.19 58.90 18.63 62.10 -14.79 }
{416 21611 90 96 90 91 81 90 86 95 92 92 93 91 90 99 90 97 81 96 80 99 92 99 96 90 5.04 3.15 -13.54 1.05 -0.02 -1.32 29.09 58.07 17.61 57.13 -15.13 }
{420 21768 90 99 90 95 81 94 82 99 92 96 96 90 90 99 90 97 81 96 80 99 92 99 96 90 2.13 -1.40 -7.62 1.10 -0.02 -0.56 29.05 58.37 16.17 52.33 -15.71 }
{424 21927 88 96 87 98 84 92 84 96 91 94 93 87 88 94 84 98 90 81 95 81 91 81 85 81 3.39 -3.44 3.57 1.27 0.92 -1.03 29.09 58.48 21.88 48.22 -15.24 }
{428 22080 88 94 84 98 88 88 88 92 91 90 89 83 88 94 84 98 90 81 95 81 91 81 85 81 -4.76 -2.77 2.12 1.20 0.78 -1.62 29.14 58.68 34.30 45.44 -13.55 }
{432 22238 89 93 85 97 91 86 92 88 90 88 87 80 90 88 85 93 97 89 96 83 81 95 98 80 -14.61 -5.60 -2.23 0.88 0.64 -1.74 29.19 58.68 38.49 41.72 -11.86 }
{436 22394 90 89 85 93 95 89 96 84 86 92 91 80 90 88 85 93 97 89 96 83 81 95 98 80 0.07 -3.06 6.37 0.45 0.27 -1.38 29.14 58.52 35.69 37.77 -11.89 }
{440 22549 90 88 85 93 97 89 96 83 82 95 95 80 90 88 85 93 97 89 96 83 81 95 98 80 -0.47 -4.94 -6.29 0.49 0.50 -1.66 29.09 59.26 32.75 34.17 -13.01 }
{444 22708 87 91 83 90 94 90 95 86 84 94 93 83 82 94 83 83 89 90 95 95 84 94 83 98 3.99 0.86 -4.35 1.22 0.79 -1.23 29.19 59.66 30.52 31.33 -12.91 }
{448 22861 83 94 83 86 90 90 95 90 84 94 89 87 82 94 83 83 89 90 95 95 84 94 83 98 2.74 3.15 -6.69 1.21 1.41 -1.33 29.14 59.24 36.07 29.22 -13.54 }
{452 23015 82 94 83 83 89 90 95 94 84 94 85 91 82 94 83 83 89 90 95 95 84 94 83 98 -1.71 -4.16 -11.86 1.19 0.79 -1.60 29.24 58.18 33.87 27.09 -12.52 }
{456 23176 84 96 85 81 87 90 93 93 86 96 85 91 92 96 94 80 80 90 88 81 87 96 87 81 1.76 -0.06 -0.84 0.83 0.66 -1.44 29.09 58.32 31.25 24.59 -12.48 }
{460 23330 88 96 89 80 83 90 89 89 87 96 87 87 92 96 94 80 80 90 88 81 87 96 87 81 10.95 10.37 0.34 1.18 0.34 0.26 29.19 58.19 36.21 22.51 -13.55 }
{464 23484 92 96 93 80 80 90 88 85 87 96 87 83 92 96 94 80 80 90 88 81 87 96 87 81 6.13 4.30 0.32 1.19 0.75 -0.81 29.09 57.58 33.37 20.28 -13.22 }
{468 23641 89 93 91 83 83 91 89 87 90 93 84 84 88 91 88 95 93 91 89 93 99 91 80 84 1.88 -1.03 -0.30 1.14 0.74 -1.80 29.14 58.56 30.94 18.15 -13.03 }
{472 23795 88 91 88 87 87 91 89 91 94 91 80 84 88 91 88 95 93 91 89 93 99 91 80 84 0.74 -2.97 -2.64 1.27 0.61 -1.59 29.09 58.09 28.78 16.59 -12.62 }
{476 23953 90 90 85 91 85 94 86 89 92 93 83 81 90 90 80 93 82 98 82 84 88 93 95 80 -0.82 -1.51 -1.07 0.91 0.51 -1.49 29.24 58.43 26.90 15.21 -11.41 }
{480 24108 90 90 81 93 82 98 82 85 88 93 87 80 90 90 80 93 82 98 82 84 88 93 95 80 4.03 -0.82 0.06 0.76 0.31 -1.30 29.14 58.37 24.58 13.79 -11.96 }
{484 24264 92 88 82 91 83 96 84 82 86 91 87 82 96 87 90 87 83 93 92 81 84 80 80 98 1.12 -1.22 0.46 0.89 0.19 -1.28 29.05 58.37 22.98 12.39 -11.96 }
{488 24418 96 87 86 87 83 93 88 81 84 87 83 86 96 87 90 87 83 93 92 81 84 80 80 98 -5.20 -6.27 15.50 0.21 0.47 -0.89 29.09 58.01 20.85 10.40 -11.85 }
{492 24574 96 87 90 87 83 93 92 81 84 83 80 90 96 87 90 87 83 93 92 81 84 80 80 98 -0.67 -0.42 0.93 0.65 0.27 -1.28 29.14 58.56 19.02 9.12 -12.01 }
{496 24731 93 90 93 85 82 90 90 84 87 85 83 88 83 98 94 85 82 89 90 89 98 90 95 83 0.48 -0.31 -0.64 0.45 0.44 -1.01 29.14 58.65 17.84 15.03 -12.14 }
{500 24886 89 94 94 85 82 89 90 88 91 89 87 84 83 98 94 85 82 89 90 89 98 90 95 83 4.29 0.11 -5.98 1.09 1.03 -1.34 29.09 58.12 16.10 13.32 -13.53 }
{504 25040 85 98 94 85 82 89 90 89 95 90 91 83 85 94 95 81 91 86 91 99 83 94 97 99 -2.62 -0.42 -5.76 1.05 0.94 -1.42 29.09 59.66 15.10 12.37 -12.70 }
{508 25199 84 96 94 83 84 85 92 91 91 92 93 86 80 97 85 98 84 82 95 80 87 80 87 86 -1.84 1.03 -7.59 1.21 0.82 -1.71 29.09 58.85 13.77 11.17 -12.49 }
{512 25356 82 94 90 87 83 87 93 87 90 88 95 83 82 83 89 90 83 98 93 81 90 80 98 80 0.97 -1.14 -1.68 0.83 0.74 -1.36 29.14 58.68 18.97 9.74 -12.27 }
{516 25508 82 90 89 90 83 91 93 83 90 84 98 80 82 83 89 90 83 98 93 81 90 80 98 80 4.08 -1.29 5.94 1.13 0.56 -0.77 29.05 59.19 17.93 22.47 -11.42 }
{520 25665 83 88 90 89 84 93 94 82 89 82 97 81 87 96 91 86 91 84 99 96 84 92 88 94 5.81 2.01 -4.55 1.34 0.41 -1.32 29.09 58.18 16.61 20.32 -11.51 }
{524 25821 87 88 91 90 83 89 92 83 91 86 93 85 99 88 91 90 83 87 84 83 94 88 81 92 1.32 -3.22 -0.79 0.37 0.85 -1.04 29.00 59.41 15.39 25.26 -11.38 }
{528 25974 91 88 91 90 83 87 88 83 94 88 89 89 99 88 91 90 83 87 84 83 94 88 81 92 -0.45 -2.74 -1.01 0.52 0.73 -1.72 29.14 58.65 21.64 22.67 -11.09 }
{532 26134 89 91 94 93 86 84 87 86 97 88 85 87 83 99 99 99 96 81 87 93 99 88 84 80 -2.18 -0.39 -2.90 0.67 0.38 -1.11 29.09 59.24 20.07 20.43 -10.62 }
{536 26289 85 95 98 97 90 81 87 90 99 88 84 83 83 99 99 99 96 81 87 93 99 88 84 80 -0.13 -0.04 -4.64 0.44 0.37 -1.34 29.05 59.48 17.91 18.68 -10.26 }
{540 26448 83 94 96 95 88 84 90 88 96 89 86 85 83 94 96 89 87 94 99 84 91 89 86 87 -1.74 -0.22 -10.88 0.72 1.24 -1.03 29.09 60.73 30.25 17.28 -9.39 }
{544 26605 84 93 95 91 88 88 94 86 92 90 87 88 89 87 93 81 95 96 94 95 91 92 88 98 2.60 0.02 4.83 1.06 0.65 -1.26 29.14 60.15 27.77 22.50 -9.05 }
{548 26757 88 89 93 87 92 92 94 90 91 92 88 92 89 87 93 81 95 96 94 95 91 92 88 98 8.68 7.84 2.57 1.50 1.14 -1.02 29.19 58.77 33.11 20.36 -8.74 }
{552 26908 89 87 93 83 95 96 94 94 91 92 88 96 89 87 93 81 95 96 94 95 91 92 88 98 -1.63 -7.61 -5.80 1.50 0.88 -1.46 29.09 58.74 31.82 19.13 -8.05 }
{556 27067 87 90 90 85 92 93 92 92 92 89 91 94 87 97 89 86 90 91 92 83 92 81 91 90 -1.54 -2.02 -6.58 0.86 0.89 -1.65 29.05 59.03 29.64 17.47 -7.74 }
{560 27223 90 88 90 83 94 94 92 94 90 91 94 96 93 88 90 80 99 94 92 94 90 92 99 97 1.07 -1.51 -3.59 1.21 0.51 -1.52 29.14 59.26 27.42 15.89 -7.44 }
{564 27375 93 88 90 80 98 94 92 94 90 92 98 97 93 88 90 80 99 94 92 94 90 92 99 97 -0.30 -0.27 -2.93 1.28 0.26 -1.27 29.19 58.81 25.73 20.84 -6.52 }
{568 27531 93 88 90 80 99 94 92 94 90 92 99 97 92 92 83 81 93 82 81 96 98 91 80 96 1.67 -0.54 1.16 0.67 0.43 -1.25 29.09 59.01 23.93 18.75 -6.41 }
{572 27685 92 92 86 81 95 90 88 96 94 91 95 96 92 92 83 81 93 82 81 96 98 91 80 96 3.79 -1.95 -6.15 1.66 0.52 -1.34 29.14 58.88 22.22 17.04 -6.77 }
{576 27840 92 92 83 81 93 86 84 96 98 91 91 96 92 92 83 81 93 82 81 96 98 91 80 96 1.52 -0.70 -3.19 1.18 0.94 -1.76 29.14 58.97 20.47 15.41 -6.87 }
{580 27998 89 95 86 84 95 88 86 99 95 94 88 93 84 99 89 84 95 90 96 99 80 98 88 92 -2.52 0.27 -6.81 0.85 0.60 -1.62 29.05 58.52 18.78 13.85 -6.79 }
{584 28152 85 93 84 87 92 86 90 99 97 98 85 89 80 82 80 89 85 83 95 99 98 99 81 82 4.84 1.96 8.37 0.60 0.55 -1.45 29.19 58.90 16.96 12.75 -6.53 }
{588 28304 81 89 80 89 88 83 94 99 98 99 81 85 80 82 80 89 85 83 95 99 98 99 81 82 -1.34 0.51 1.85 0.96 1.41 -1.86 29.09 59.04 22.29 11.85 -6.96 }
{592 28456 80 85 80 89 85 83 95 99 98 99 81 82 80 82 80 89 85 83 95 99 98 99 81 82 -2.64 1.39 -2.53 0.43 0.98 -1.80 29.28 58.63 20.50 10.71 -7.01 }
{596 28614 83 81 81 90 88 86 92 96 95 96 84 85 94 80 81 90 88 91 84 89 95 89 90 92 3.58 -1.81 2.11 0.71 0.65 -1.52 29.24 58.88 18.85 9.50 -6.80 }
{600 28765 87 80 81 90 88 90 88 92 95 92 88 89 94 80 81 90 88 91 84 89 95 89 90 92 5.94 -0.54 1.05 0.84 -0.17 -1.43 29.09 58.95 17.20 8.37 -6.84 }
{604 28920 85 83 84 91 85 88 89 90 94 90 92 87 85 99 90 91 83 86 89 90 94 90 92 84 -2.70 -3.44 -4.14 0.36 0.59 -0.66 29.14 59.30 15.99 7.25 -6.77 }
{608 29076 82 87 82 88 81 85 92 89 91 87 89 89 81 99 80 82 81 85 94 89 90 82 80 93 -1.66 -0.64 5.66 0.27 1.05 -1.27 29.09 59.15 14.52 13.20 -7.20 }
{612 29229 81 91 80 84 81 85 94 89 90 83 85 93 81 99 80 82 81 85 94 89 90 82 80 93 -4.06 0.65 1.15 0.29 1.90 -1.41 29.09 59.41 12.75 11.86 -7.27 }
{616 29382 81 95 80 82 81 85 94 89 90 82 81 93 81 99 80 82 81 85 94 89 90 82 80 93 4.00 2.14 -1.31 0.60 1.39 -1.87 29.24 59.50 26.00 10.73 -7.19 }
{620 29539 82 93 83 85 83 82 97 92 93 84 83 96 82 81 86 88 83 82 99 97 93 84 98 96 0.92 0.88 3.22 0.65 1.61 -1.35 29.09 59.39 37.99 9.77 -6.99 }
{624 29688 82 89 86 88 83 82 99 96 93 84 87 96 82 81 86 88 83 82 99 97 93 84 98 96 -1.03 -0.10 -6.17 0.60 0.95 -1.30 29.14 59.79 49.02 9.04 -6.09 }
{628 29843 82 85 86 88 83 82 99 97 93 84 91 96 82 81 86 88 83 82 99 97 93 84 98 96 3.74 -0.38 0.86 0.86 0.71 -1.31 29.05 60.06 51.81 7.93 -6.43 }
{632 29999 81 87 89 89 86 80 96 94 96 87 89 93 81 95 96 89 88 80 82 92 96 87 86 91 1.15 -1.32 -0.35 0.88 1.05 -1.34 29.19 59.39 47.82 6.98 -6.15 }
{636 30150 81 91 93 89 88 80 92 92 96 87 86 91 81 95 96 89 88 80 82 92 96 87 86 91 4.05 -2.04 -1.48 0.25 1.01 -1.43 29.19 60.55 50.87 13.37 -6.19 }
{640 30307 84 89 96 86 87 83 88 93 93 85 83 93 91 83 96 85 87 93 86 93 92 85 80 93 2.26 0.08 -3.21 1.09 0.50 -1.09 29.14 60.22 47.09 11.75 -6.18 }
{644 30459 88 85 96 85 87 87 86 93 92 85 80 93 91 83 96 85 87 93 86 93 92 85 80 93 3.42 -2.85 -4.67 0.62 1.09 -1.65 29.09 59.51 57.70 10.55 -6.46 }
{648 30616 92 87 99 88 90 91 83 96 89 88 83 92 93 95 99 91 98 94 80 98 89 95 98 92 1.90 -1.80 -5.59 0.34 0.28 -0.96 29.19 59.08 60.12 9.19 -6.57 }
{652 30769 93 91 99 91 94 94 80 98 89 92 87 92 93 95 99 91 98 94 80 98 89 95 98 92 12.22 2.94 -6.14 1.44 0.29 -1.72 29.05 59.39 63.31 8.21 -6.38 }
{656 30921 93 95 99 91 98 94 80 98 89 95 91 92 82 96 96 86 93 84 84 92 99 82 88 99 2.94 -1.78 -1.91 0.63 0.39 -1.94 29.14 60.06 58.84 7.29 -6.35 }
{660 31077 89 96 96 87 94 90 84 94 93 91 88 96 82 96 96 86 93 84 84 92 99 82 88 99 1.35 1.53 0.03 0.78 0.45 -1.45 29.05 59.84 54.24 6.64 -6.20 }
{664 31229 85 96 93 89 90 86 87 96 92 87 88 94 85 96 87 92 88 80 90 98 92 85 88 80 -4.42 -1.20 6.06 0.97 1.92 -0.96 29.05 59.15 57.23 12.62 -5.53 }
{668 31385 88 93 89 92 86 88 85 94 93 89 91 96 92 83 83 92 81 89 81 86 93 89 91 97 7.64 1.41 2.57 1.08 1.25 -0.66 29.19 59.15 59.83 11.60 -4.44 }
{672 31536 92 89 85 92 82 89 81 90 93 89 91 97 92 83 83 92 81 89 81 86 93 89 91 97 8.03 -2.45 7.54 1.01 1.11 -1.24 29.14 59.35 55.29 10.62 -4.29 }
{676 31691 89 91 87 94 84 92 84 92 90 92 94 94 86 96 96 94 94 94 95 97 86 97 97 80 7.27 2.48 1.30 0.35 0.39 -2.16 29.00 58.48 51.45 9.19 -3.19 }
{680 31842 86 95 91 94 88 94 88 96 86 96 97 90 86 96 96 94 94 94 95 97 86 97 97 80 -0.74 -0.48 -3.28 0.73 0.19 -0.60 29.09 59.21 54.49 8.38 -2.50 }
{684 31998 89 93 94 91 92 91 86 94 89 94 99 89 91 91 94 83 97 84 84 93 90 87 99 89 1.96 -1.40 -2.59 0.36 -0.65 -1.80 29.19 59.66 51.37 7.71 -2.28 }
{688 32153 90 90 93 89 96 89 85 92 89 92 98 90 84 84 91 92 99 94 87 83 80 99 90 93 -5.48 -6.68 -1.56 0.62 0.38 -2.67 29.19 59.71 47.74 6.53 -2.33 }
{692 32307 86 86 91 92 99 93 87 88 85 96 94 93 84 84 91 92 99 94 87 83 80 99 90 93 1.64 -1.09 -3.95 0.51 0.48 -1.45 29.05 59.64 44.20 5.72 -2.39 }
{696 32460 84 84 91 92 99 94 87 84 81 99 90 93 84 84 91 92 99 94 87 83 80 99 90 93 7.42 1.12 -0.61 0.55 -0.79 -1.08 29.24 59.46 41.73 4.90 -3.46 }
{700 32616 81 85 93 89 96 93 84 86 83 96 87 90 81 85 93 89 96 93 81 98 91 83 80 88 1.16 0.31 -0.24 0.67 0.21 -1.45 29.09 58.85 38.68 4.15 -3.82 }
{704 32766 81 85 93 89 96 93 81 90 87 92 83 88 81 85 93 89 96 93 81 98 91 83 80 88 5.38 0.63 1.28 1.19 -0.10 -0.69 29.14 58.88 36.34 9.99 -3.94 }
{708 32919 81 85 93 89 96 93 81 94 91 88 80 88 81 85 93 89 96 93 81 98 91 83 80 88 1.24 -2.51 0.38 0.44 0.39 -1.36 29.19 57.60 34.05 9.14 -3.78 }
{712 33075 84 88 96 86 93 91 84 92 90 90 82 91 86 92 99 81 84 91 92 85 90 94 82 96 2.02 0.37 -2.43 0.93 0.37 -1.38 29.14 58.77 31.48 8.17 -3.63 }
{716 33226 86 92 99 82 89 91 88 88 90 94 82 95 86 92 99 81 84 91 92 85 90 94 82 96 7.32 6.54 1.85 0.87 0.31 -1.76 29.09 59.28 29.16 13.99 -4.28 }
{720 33378 86 92 99 81 85 91 92 85 90 94 82 96 86 92 99 81 84 91 92 85 90 94 82 96 0.54 -2.48 0.02 0.00 0.77 -1.23 29.19 58.36 26.74 26.31 -4.00 }
{724 33534 86 93 96 84 87 94 89 88 88 97 85 93 86 93 84 91 99 95 89 88 88 98 97 83 3.01 0.52 1.77 0.66 0.28 -1.49 29.05 59.12 24.58 23.65 -4.06 }
{728 33685 86 93 92 88 91 95 89 88 88 98 89 89 86 93 84 91 99 95 89 88 88 98 97 83 -1.72 3.20 -8.72 1.37 0.60 -0.57 29.19 59.10 23.20 28.59 -3.53 }
{732 33840 86 93 88 91 95 95 89 88 88 98 93 85 86 93 84 91 99 95 89 88 88 98 97 83 4.49 -1.86 2.20 0.83 -0.09 -1.72 29.14 58.10 21.31 26.45 -3.56 }
{736 33997 88 90 86 88 93 98 92 89 91 95 96 87 88 89 86 88 86 99 95 89 96 88 96 99 3.73 -1.35 3.24 0.74 0.08 -1.12 29.14 58.05 20.01 24.09 -3.37 }
{740 34149 88 89 86 88 89 99 95 89 95 91 96 91 88 89 86 88 86 99 95 89 96 88 96 99 4.37 4.78 2.50 0.48 0.74 -0.78 29.14 58.94 19.26 22.27 -2.75 }
{744 34301 88 89 86 88 86 99 95 89 96 88 96 95 97 96 98 91 83 98 80 88 81 91 98 97 3.99 2.51 -4.26 -0.01 0.32 -1.02 29.24 58.57 17.78 27.61 -1.83 }
{748 34457 92 93 90 91 83 98 91 88 92 91 98 97 97 96 98 91 83 98 80 88 81 91 98 97 2.81 0.23 0.89 0.81 0.34 -0.81 29.14 58.12 16.61 25.23 -1.46 }
{752 34612 90 97 88 88 86 95 88 88 94 94 95 97 81 98 88 83 95 86 88 88 99 99 83 97 1.32 1.04 -4.95 0.79 -0.02 -0.79 29.09 58.30 15.11 22.36 -1.86 }
{756 34765 86 98 88 84 90 91 88 88 98 98 91 97 81 98 88 83 95 86 88 88 99 99 83 97 -5.58 0.45 -20.24 2.20 0.61 -2.09 29.19 58.18 20.37 27.68 -2.19 }
{760 34922 88 98 91 86 91 93 85 85 96 99 91 95 93 98 93 95 91 95 84 82 92 99 91 95 0.02 -1.37 -10.17 0.90 0.33 -1.37 29.14 58.88 19.80 25.40 -0.17 }
{764 35077 92 98 93 90 91 95 84 82 92 99 91 95 93 98 93 95 91 95 84 82 92 99 91 95 2.86 0.66 2.90 0.68 0.34 -1.12 29.09 59.08 18.52 23.39 0.57 }
{768 35230 90 95 94 90 94 92 85 85 95 96 88 92 88 90 94 90 98 85 85 99 95 87 87 83 -0.88 4.13 4.43 0.91 0.03 -0.44 29.05 59.08 17.20 21.32 0.18 }
{772 35383 86 94 91 93 92 94 88 89 92 93 86 93 86 94 83 95 84 95 96 99 84 93 86 93 3.26 0.94 0.73 0.79 0.46 -1.61 29.14 58.97 15.83 19.46 0.41 }
{776 35533 86 94 87 95 88 95 92 93 88 93 86 93 86 94 83 95 84 95 96 99 84 93 86 93 0.11 -0.64 -0.63 0.58 0.15 -1.20 29.05 58.59 15.83 17.66 1.13 }
{780 35689 87 94 89 92 85 92 90 91 90 92 83 90 87 94 90 87 85 90 82 85 94 92 81 85 -4.91 -3.60 1.89 1.31 0.95 -0.92 29.09 57.87 14.46 16.26 0.39 }
{784 35842 87 94 90 88 85 90 86 87 94 92 81 86 87 94 90 87 85 90 82 85 94 92 81 85 -0.50 -1.23 -5.57 0.81 0.22 -1.70 29.05 59.01 13.23 14.67 1.04 }
{788 35995 87 94 90 87 85 90 82 85 94 92 81 85 87 94 90 87 85 90 82 85 94 92 81 85 2.11 -0.56 -5.01 1.34 0.42 -1.41 29.14 58.52 12.53 13.45 1.40 }
{792 36152 86 91 87 90 83 90 85 82 91 89 84 88 86 80 80 92 83 90 85 80 85 87 84 88 1.38 0.22 2.05 0.89 0.40 -1.40 29.09 57.99 11.71 12.04 1.72 }
{796 36301 86 87 83 92 83 90 85 80 87 87 84 88 86 80 80 92 83 90 85 80 85 87 84 88 3.32 -3.95 9.82 0.80 0.95 -1.77 29.14 58.56 10.74 10.71 2.21 }
{800 36454 86 83 80 92 83 90 85 80 85 87 84 88 86 80 80 92 83 90 85 80 85 87 84 88 5.00 -0.68 4.02 0.87 0.66 -1.16 29.14 58.37 9.87 9.37 1.82 }
{804 36608 86 80 83 95 82 88 83 83 88 84 87 91 86 80 95 99 82 88 83 97 96 82 89 98 -0.58 -1.11 4.18 0.34 0.67 -1.26 29.19 58.57 9.05 15.35 1.76 }
{808 36760 89 82 87 93 85 91 81 87 92 82 86 89 89 82 95 85 99 91 81 94 94 82 86 83 2.92 0.80 -3.04 0.20 -0.30 -0.52 29.05 58.05 8.06 13.47 0.89 }
{812 36914 92 81 90 89 89 94 82 91 96 80 88 85 99 81 90 84 95 98 82 91 96 80 88 84 3.61 2.80 -4.26 0.90 0.40 -1.22 29.14 58.74 7.63 11.95 1.19 }
{816 37065 90 84 93 85 93 96 85 88 93 82 91 87 88 91 97 80 94 96 99 85 93 82 99 94 -2.04 -4.79 -1.13 0.87 0.26 -1.06 29.19 58.95 13.68 10.60 0.62 }
{820 37220 86 88 91 82 93 93 89 88 91 85 89 91 86 96 90 82 93 93 95 88 91 98 81 91 -1.05 2.51 -5.27 0.72 0.85 -1.77 29.09 58.47 12.47 9.77 0.84 }
{824 37370 86 92 90 82 93 93 93 88 91 89 85 91 86 96 90 82 93 93 95 88 91 98 81 91 6.75 0.57 5.10 0.38 0.52 -1.94 29.09 58.09 11.48 8.57 0.85 }
{828 37522 86 96 90 82 93 93 95 88 91 93 81 91 86 96 90 82 93 93 95 88 91 98 81 91 3.96 0.20 -1.91 0.82 0.29 -1.51 29.05 59.41 17.82 7.38 1.83 }
{832 37676 84 97 92 83 95 91 93 90 93 93 83 89 80 97 92 83 95 88 93 95 96 91 87 89 0.20 -0.27 -2.92 0.60 0.44 -1.37 29.24 58.27 16.43 6.52 2.45 }
{836 37829 86 94 89 86 92 93 90 94 91 89 87 92 94 88 83 99 86 94 87 97 83 81 87 94 1.04 2.48 -6.44 1.53 0.49 -1.31 29.09 59.84 15.28 5.73 2.60 }
{840 37979 90 90 85 90 88 94 87 97 87 85 87 94 94 88 83 99 86 94 87 97 83 81 87 94 5.10 -1.02 6.05 1.70 1.06 -0.51 29.14 58.79 14.61 18.81 3.20 }
{844 38131 94 88 83 94 86 94 87 97 83 81 87 94 94 88 83 99 86 94 87 97 83 81 87 94 10.29 3.62 4.67 1.15 0.31 -0.71 29.14 58.23 13.54 16.87 2.62 }
{848 38286 96 91 86 92 83 91 90 94 84 82 84 91 96 99 98 90 83 86 96 85 84 82 83 81 2.39 0.37 -1.11 0.88 0.23 -1.39 29.09 59.44 12.65 15.38 2.78 }
{852 38437 96 95 90 90 83 87 94 90 84 82 83 87 96 99 98 90 83 86 96 85 84 82 83 81 3.82 0.51 1.34 0.31 0.22 -0.78 29.09 59.04 11.43 13.71 3.66 }
{856 38589 96 99 94 90 83 86 96 86 84 82 83 83 96 99 98 90 83 86 96 85 84 82 83 81 -2.44 -0.77 -5.16 -0.18 0.17 -0.79 29.05 59.77 10.69 19.33 3.64 }
{860 38747 93 96 95 93 86 88 93 88 87 85 86 85 91 82 95 96 94 88 80 91 90 95 94 92 3.32 -0.04 -0.66 0.72 0.52 -1.21 29.19 60.49 9.83 17.32 3.31 }
{864 38898 91 92 95 96 90 88 89 91 90 89 90 89 91 82 95 96 94 88 80 91 90 95 94 92 1.36 0.95 -1.31 0.72 0.00 -1.76 29.14 60.09 16.06 15.72 2.43 }
{868 39051 91 88 95 96 94 88 85 91 90 93 94 92 91 82 95 96 94 88 80 91 90 95 94 92 -4.85 -4.48 -5.56 0.92 -0.19 -0.49 29.14 60.60 28.87 14.70 3.66 }
{872 39208 94 89 92 99 91 90 87 89 93 91 97 89 97 89 85 99 81 90 88 89 99 87 99 86 3.19 0.86 6.49 0.81 0.50 -1.51 29.24 60.66 26.99 13.32 4.36 }
{876 39359 97 89 88 99 87 90 88 89 97 87 99 86 97 89 85 99 81 90 88 89 99 87 99 86 5.50 5.91 -3.80 0.92 1.05 -0.50 29.14 60.31 32.66 12.19 5.33 }
{880 39511 97 89 85 99 83 90 88 89 99 87 99 86 97 89 85 99 81 90 88 89 99 87 99 86 4.66 1.50 -0.52 1.21 0.79 -1.14 29.09 59.73 30.12 10.90 5.85 }
{884 39666 95 91 87 97 82 88 86 87 97 85 97 88 82 93 80 96 94 97 81 81 98 85 92 80 0.19 0.34 0.53 0.59 0.34 -1.64 29.00 60.22 27.70 9.65 5.91 }
{888 39816 91 93 83 96 86 92 82 83 98 85 93 84 82 93 80 96 94 97 81 81 98 85 92 80 1.47 -0.71 -3.17 0.82 0.42 -1.20 29.05 59.77 24.73 8.60 4.46 }
{892 39970 87 90 84 95 90 92 83 82 95 82 89 86 81 82 84 95 95 92 83 82 93 81 81 99 -2.44 -6.09 0.93 1.01 0.17 -2.05 29.14 60.18 29.60 7.95 3.90 }
{896 40123 83 89 87 92 88 92 86 85 91 84 91 90 90 84 91 96 81 84 85 82 93 83 96 98 -2.76 1.04 -8.56 0.22 0.66 -0.93 29.14 60.37 33.67 14.04 4.23 }
{900 40275 87 85 91 96 84 88 85 82 93 83 95 94 90 84 91 96 81 84 85 82 93 83 96 98 -1.17 1.23 -2.38 0.75 0.95 -0.77 29.09 60.13 31.37 12.84 4.53 }
{904 40428 90 84 91 96 81 84 85 82 93 83 96 98 90 84 91 96 81 84 85 82 93 83 96 98 5.15 0.97 6.23 0.55 1.26 -1.34 29.05 60.15 28.86 11.13 4.29 }
{908 40583 88 83 94 93 83 87 88 85 96 86 93 97 88 83 99 82 83 90 99 92 97 92 82 97 -0.48 0.07 -3.30 0.66 0.43 -1.17 29.09 61.40 26.89 9.88 4.88 }
{912 40734 88 83 98 89 83 90 92 89 97 90 89 97 88 83 99 82 83 90 99 92 97 92 82 97 1.68 -1.08 -7.34 0.58 0.99 -1.68 28.95 60.89 24.76 8.93 4.70 }
{916 40889 91 86 99 90 86 93 96 87 94 90 85 94 93 90 99 90 91 95 98 82 85 90 82 88 3.01 1.72 6.26 1.22 0.29 -1.68 29.14 61.51 22.92 8.04 5.19 }
{920 41037 93 90 99 90 90 95 98 83 90 90 82 90 93 90 99 90 91 95 98 82 85 90 82 88 1.04 -3.70 6.95 0.40 0.43 -1.93 29.14 60.64 20.61 6.46 4.37 }
{924 41188 93 90 99 90 91 95 98 82 86 90 82 88 93 90 99 90 91 95 98 82 85 90 82 88 3.16 -1.31 -1.08 0.46 0.42 -1.31 29.14 60.96 19.26 5.36 4.36 }
{928 41344 96 89 96 90 91 92 95 85 88 93 85 85 99 89 93 90 91 85 82 97 93 99 96 84 5.96 -0.45 1.92 1.11 0.33 -1.35 29.19 60.11 18.16 4.29 3.99 }
{932 41494 99 89 93 90 91 88 91 89 92 97 89 84 99 89 93 90 91 85 82 97 93 99 96 84 6.05 2.77 -1.76 0.82 0.16 -2.26 29.09 60.53 17.48 10.50 4.55 }
{936 41649 96 86 95 89 94 84 87 92 94 95 87 87 82 83 95 89 97 82 84 92 94 86 87 95 -1.31 -1.84 -11.69 0.97 0.91 -1.40 29.09 60.94 16.44 16.56 5.52 }
{940 41802 92 83 95 89 97 82 84 92 94 91 87 91 82 83 95 89 97 82 84 92 94 86 87 95 -4.30 -1.92 -13.28 0.78 -0.04 -0.88 29.09 60.46 14.96 14.67 5.79 }
{944 41959 88 83 95 89 97 82 84 92 94 87 87 95 82 83 95 89 97 82 84 92 94 86 87 95 -4.42 -0.80 1.10 0.61 0.71 -0.83 29.19 60.58 13.26 12.86 4.89 }
{948 42116 90 86 92 89 94 85 87 95 91 83 86 92 92 86 82 89 86 89 99 98 90 83 86 83 3.79 0.42 -0.17 1.12 0.72 -1.33 29.05 60.98 12.17 11.35 4.88 }
{952 42268 88 89 88 92 91 89 85 93 93 83 89 88 85 98 87 97 91 96 81 83 94 83 92 82 11.97 4.97 4.99 0.49 0.81 -0.60 29.00 59.21 11.76 17.47 6.14 }
{956 42420 85 93 87 96 91 93 81 89 94 83 92 84 85 98 87 97 91 96 81 83 94 83 92 82 5.33 -4.06 0.29 1.06 -0.10 -1.47 29.19 59.79 11.24 22.94 6.89 }
{960 42572 85 97 87 97 91 96 81 85 94 83 92 82 85 98 87 97 91 96 81 83 94 83 92 82 4.80 5.58 -4.75 0.72 0.25 -0.73 29.14 59.70 10.43 21.12 6.72 }
{964 42727 86 97 86 96 92 95 80 84 95 84 91 81 91 91 82 93 93 90 80 84 95 87 90 81 2.57 -0.01 4.18 0.44 0.22 -1.59 29.19 60.35 9.40 18.78 6.07 }
{968 42880 86 93 82 98 96 91 83 87 92 86 92 84 86 93 80 99 96 82 98 94 86 86 92 95 1.78 -8.31 1.73 1.17 0.46 -3.87 29.19 59.19 9.06 23.96 6.04 }
{972 43032 88 91 82 97 94 91 87 91 88 88 94 84 97 81 98 94 80 97 87 91 82 92 97 84 4.55 1.79 13.41 0.31 0.78 -1.68 29.09 60.29 8.05 21.38 6.06 }
{976 43182 92 87 86 94 90 95 87 91 84 92 97 84 97 81 98 94 80 97 87 91 82 92 97 84 7.50 0.88 0.66 0.62 0.33 -1.29 29.09 60.15 7.85 19.42 6.06 }
{980 43334 90 87 84 97 92 93 90 88 85 95 94 87 85 87 83 98 99 83 97 81 85 97 85 97 4.26 -1.86 8.02 0.14 0.69 -1.36 29.14 60.17 7.04 16.89 5.09 }
{984 43485 86 87 83 98 96 89 94 84 85 97 90 91 85 87 83 98 99 83 97 81 85 97 85 97 3.70 -7.06 11.42 0.13 0.49 -1.48 29.09 60.02 7.32 15.19 4.98 }
{988 43639 84 84 86 99 96 85 92 86 82 94 92 89 84 84 99 99 96 80 91 86 82 93 95 89 0.92 2.75 -2.79 0.98 0.08 -1.41 29.14 60.35 6.69 13.16 4.99 }
{992 43791 87 87 90 96 96 84 90 89 85 96 95 86 87 97 88 80 84 94 95 83 89 86 85 83 2.57 1.03 -3.33 0.87 0.46 -1.09 29.14 60.28 13.18 11.76 5.49 }
{996 43942 87 91 88 92 92 88 94 85 89 92 91 83 87 97 88 80 84 94 95 83 89 86 85 83 0.36 0.28 -1.60 0.99 0.42 -1.47 29.19 60.73 12.73 10.62 6.22 }
{1000 44097 90 89 91 88 88 91 92 86 90 88 87 86 92 81 98 84 82 91 80 86 90 83 87 88 1.06 4.74 -1.31 0.52 0.57 -0.82 29.19 60.15 12.14 8.75 5.48 }
{1004 44248 92 85 95 84 84 91 88 86 90 84 87 88 92 81 98 84 82 91 80 86 90 83 87 88 -0.09 0.31 -7.43 0.47 0.64 -1.03 29.14 60.35 11.46 7.42 4.66 }
{1008 44403 95 87 93 87 83 94 84 88 93 86 90 85 97 89 85 93 83 96 80 88 99 97 94 85 6.14 -1.02 0.95 1.01 0.32 -1.33 29.09 60.17 10.90 6.24 4.90 }
{1012 44555 97 89 89 91 83 96 80 88 97 90 94 85 97 89 85 93 83 96 80 88 99 97 94 85 5.87 0.30 -6.40 1.78 -0.04 -1.80 29.14 59.80 10.56 5.55 5.17 }
{1016 44710 94 86 87 94 86 93 83 89 95 89 91 86 87 85 87 94 95 88 97 89 95 89 86 86 -2.50 -2.79 -6.44 1.12 0.59 -1.41 29.14 59.57 10.06 5.17 6.49 }
{1020 44863 90 85 87 94 90 89 87 89 95 89 87 86 87 85 87 94 95 88 97 89 95 89 86 86 -2.19 -2.42 0.46 0.37 0.70 -1.77 29.24 59.77 9.00 4.06 6.41 }
{1024 45016 87 85 87 94 94 88 91 89 95 89 86 86 87 85 87 94 95 88 97 89 95 89 86 86 -0.48 -0.04 -1.74 0.74 0.47 -0.94 29.09 59.95 8.93 3.73 7.18 }
{1028 45171 86 84 88 93 96 87 93 88 96 88 87 87 85 82 98 93 99 83 83 83 99 81 94 94 0.45 1.21 2.63 0.63 0.74 -1.12 29.19 59.91 8.72 3.38 7.53 }
{1032 45323 82 86 92 95 94 89 90 90 94 84 85 87 82 96 99 95 90 93 90 92 88 83 81 87 -1.86 -1.80 -11.95 0.40 0.56 -1.19 29.09 61.05 7.56 9.89 7.50 }
{1036 45476 82 90 96 95 90 93 90 92 90 83 81 87 82 96 99 95 90 93 90 92 88 83 81 87 3.78 -0.45 -3.82 0.39 0.42 -1.21 29.19 61.02 6.82 8.51 6.91 }
{1040 45628 82 94 99 95 90 93 90 92 88 83 81 87 82 96 99 95 90 93 90 92 88 83 81 87 3.81 -0.71 1.85 0.81 0.35 -1.18 29.19 60.62 6.48 7.22 6.67 }
{1044 45783 85 98 96 92 93 90 90 95 91 86 84 90 97 98 94 96 88 92 93 80 84 84 93 93 2.31 -0.88 0.67 0.94 0.35 -1.07 29.14 60.00 6.16 6.39 6.98 }
{1048 45933 89 98 94 96 89 92 93 91 87 84 88 93 97 98 94 96 88 92 93 80 84 84 93 93 -0.18 0.68 10.60 1.22 1.12 -1.31 29.28 59.95 5.61 5.69 7.45 }
{1052 46087 93 97 91 93 91 93 93 93 83 87 92 90 99 97 89 87 91 93 93 99 80 94 97 84 7.15 -2.93 6.00 1.46 0.59 -1.42 29.14 60.58 5.30 4.90 7.50 }
{1056 46239 97 94 88 95 88 96 92 93 80 91 90 92 98 80 88 98 81 97 92 93 80 96 80 94 2.43 -2.31 4.05 1.46 0.69 -2.16 29.14 60.33 5.38 17.60 7.71 }
{1060 46392 97 90 89 97 85 96 91 92 81 93 88 93 90 83 89 94 85 91 91 90 97 90 94 85 13.15 -0.30 8.15 1.00 0.59 -0.63 29.19 59.68 5.33 16.03 7.79 }
{1064 46545 94 92 92 93 86 92 88 88 85 91 86 89 94 92 94 90 86 87 81 85 89 91 85 80 -7.16 -1.55 -14.63 0.57 0.28 -1.16 29.19 60.37 5.19 21.84 7.85 }
{1068 46700 94 92 94 90 86 88 84 85 89 91 85 85 94 92 94 90 86 87 81 85 89 91 85 80 -5.31 0.33 -17.46 1.14 -0.05 -1.61 29.05 60.73 4.42 19.65 6.08 }
{1072 46858 95 89 94 87 89 90 86 88 86 94 88 87 95 89 94 83 94 94 94 94 83 95 97 97 -0.65 -1.44 -6.75 1.04 0.55 -1.88 29.14 59.42 4.24 17.81 6.23 }
{1076 47012 93 91 92 87 93 90 90 90 86 93 92 91 82 94 92 99 99 83 97 90 90 86 96 92 -0.68 -4.53 5.15 0.71 0.07 -1.78 29.09 61.34 3.89 16.09 7.19 }
{1080 47165 89 94 92 91 97 86 94 90 90 89 96 92 82 94 92 99 99 83 97 90 90 86 96 92 3.38 0.04 2.49 0.40 0.49 -0.89 29.14 60.80 3.92 21.05 7.48 }
{1084 47319 87 95 91 93 98 84 96 91 89 87 95 91 98 96 81 84 87 98 80 92 87 95 81 86 -2.03 -5.08 2.99 -0.07 1.04 -1.78 29.19 60.71 4.03 19.08 9.01 }
{1088 47474 90 95 93 95 94 83 92 89 88 91 91 87 90 95 98 99 92 83 92 86 88 93 86 86 0.57 1.64 -4.09 0.56 0.49 -1.19 29.14 60.78 3.82 17.02 9.17 }
{1092 47625 90 95 97 99 92 83 92 86 88 93 87 86 90 95 98 99 92 83 92 86 88 93 86 86 4.74 3.30 8.24 -0.05 0.39 -1.43 29.14 60.28 3.97 22.71 9.95 }
{1096 47779 93 92 96 96 89 86 95 84 85 90 89 89 93 81 96 92 81 89 97 84 82 80 92 95 4.11 -1.31 0.83 0.84 0.33 -1.23 29.14 60.62 3.77 20.30 9.88 }
{1100 47931 93 88 96 92 85 89 97 84 82 86 92 93 93 81 96 92 81 89 97 84 82 80 92 95 2.26 2.63 -0.64 0.64 0.82 -0.05 29.14 61.14 3.31 32.24 9.79 }
{1104 48082 93 84 96 92 81 89 97 84 82 82 92 95 93 81 96 92 81 89 97 84 82 80 92 95 5.33 -0.44 4.17 -0.24 1.01 -1.65 29.19 60.08 2.61 43.05 9.32 }
{1108 48239 92 86 93 93 84 92 94 85 81 84 89 92 92 91 92 93 97 97 86 85 81 99 89 87 1.84 -2.16 -1.43 0.61 0.80 -1.73 29.05 61.42 2.70 39.29 9.61 }
{1112 48391 92 90 92 93 88 96 90 85 81 88 89 88 92 91 92 93 97 97 86 85 81 99 89 87 7.88 -0.54 -2.58 0.30 -0.30 -1.15 29.19 60.22 3.41 43.13 9.47 }
{1116 48545 92 91 92 93 92 97 86 85 81 92 89 87 92 91 92 93 97 97 86 85 81 99 89 87 2.14 0.05 -6.64 0.63 0.09 -1.76 29.09 60.28 3.90 45.93 10.13 }
{1120 48702 90 94 89 90 90 99 89 88 84 90 86 88 90 96 85 81 87 99 97 93 85 89 82 88 3.90 0.39 -3.71 0.74 0.46 -1.04 29.14 59.70 3.91 41.98 10.28 }
{1124 48854 90 96 85 86 87 99 93 92 85 89 82 88 99 88 87 84 91 97 86 80 92 81 90 98 5.45 3.75 2.57 1.23 1.04 -0.78 29.09 60.35 11.60 45.84 9.29 }
{1128 49007 94 92 87 84 91 97 89 88 89 85 86 92 99 88 87 84 91 97 86 80 92 81 90 98 -3.57 1.10 -1.17 0.45 0.72 -1.20 29.19 59.93 10.43 42.03 9.91 }
{1132 49162 98 88 87 84 91 97 86 84 92 81 90 96 99 88 87 84 91 97 86 80 92 81 90 98 -0.74 1.20 2.28 0.92 0.39 -1.12 29.14 59.24 9.92 38.72 10.51 }
{1136 49314 99 88 87 84 91 97 86 80 92 81 90 98 89 94 87 92 99 97 90 91 84 84 80 95 0.97 -0.51 0.83 0.95 0.24 -1.41 29.05 59.26 9.28 35.43 10.65 }
{1140 49470 95 92 87 88 95 97 90 84 88 84 86 95 89 94 87 92 99 97 90 91 84 84 80 95 -0.44 -3.20 -0.88 0.91 -0.22 -1.65 29.14 60.15 8.80 32.35 10.60 }
{1144 49628 93 95 88 90 97 98 91 86 86 85 84 94 97 95 95 84 80 98 97 83 97 94 88 87 -3.97 -3.52 -5.10 0.48 -0.18 -1.08 29.19 59.93 7.22 29.22 10.07 }
{1148 49784 97 95 92 86 93 98 95 83 90 89 88 90 97 95 95 84 80 98 97 83 97 94 88 87 6.39 1.84 4.03 0.70 -0.01 -0.66 29.14 59.90 6.71 26.57 9.90 }
{1152 49939 94 92 96 88 89 95 93 86 88 87 90 86 99 80 82 97 95 92 94 95 90 91 83 91 2.54 0.74 -3.37 0.89 0.44 -1.25 29.09 60.28 6.98 23.93 10.98 }
{1156 50091 98 88 92 92 93 92 94 90 90 91 86 90 99 80 82 97 95 92 94 95 90 91 83 91 0.54 -1.40 -5.40 1.12 0.40 -1.36 29.24 60.37 6.87 21.71 11.68 }
{1160 50245 99 84 88 96 95 92 94 94 90 91 83 91 99 80 82 97 95 92 94 95 90 91 83 91 0.34 -4.59 8.15 1.14 -0.05 -1.59 29.19 60.11 6.12 19.63 11.42 }
{1164 50400 99 80 84 97 95 92 94 95 90 91 83 91 99 80 82 97 95 92 94 95 90 91 83 91 1.81 -0.48 -0.24 0.85 0.19 -1.39 29.14 60.18 5.90 17.81 11.89 }
{1168 50557 96 83 86 94 94 89 91 92 91 92 86 94 91 90 89 87 94 88 83 88 91 92 99 96 0.52 -0.73 -2.90 0.61 0.41 -1.31 29.05 60.28 5.59 16.13 11.88 }
{1172 50712 92 83 89 96 94 86 87 92 88 89 84 92 82 83 89 99 94 86 87 92 80 86 81 85 -6.04 -0.59 -14.24 0.33 0.69 -1.47 29.14 59.48 5.44 14.28 12.54 }
{1176 50867 88 83 89 99 94 86 87 92 84 86 81 88 82 83 89 99 94 86 87 92 80 86 81 85 -2.84 -4.57 -1.56 1.05 0.76 -1.24 29.14 61.11 4.57 12.52 11.56 }
{1180 51022 84 83 89 99 94 86 87 92 80 86 81 85 82 83 89 99 94 86 87 92 80 86 81 85 3.50 -0.94 -1.40 0.72 0.09 -1.15 29.14 60.55 3.95 10.87 10.63 }
{1184 51179 83 84 90 98 95 86 86 91 81 85 82 86 96 94 97 95 95 86 84 91 91 80 96 99 1.81 0.23 -1.48 0.89 0.77 -1.21 29.19 60.49 3.81 9.48 10.52 }
{1188 51332 87 88 94 95 95 86 84 91 85 81 86 90 96 94 97 95 95 86 84 91 91 80 96 99 5.78 -2.79 -1.68 0.46 0.45 -1.34 29.05 61.04 3.74 8.26 10.53 }
{1192 51485 91 92 97 95 95 86 84 91 89 80 90 94 96 94 97 95 95 86 84 91 91 80 96 99 -6.61 0.74 -2.64 0.70 0.32 -1.28 29.19 60.22 4.68 6.62 10.40 }
{1196 51641 95 90 94 92 92 89 87 88 92 83 93 96 93 97 93 83 88 94 86 83 90 81 86 85 4.00 -0.45 0.83 0.72 0.62 -1.46 29.19 60.49 4.51 5.63 10.71 }
{1200 51792 93 94 93 88 88 93 86 84 90 81 89 92 93 97 93 83 88 94 86 83 90 81 86 85 3.15 2.28 -16.92 0.91 0.99 -0.33 29.14 60.89 4.00 4.93 9.60 }
{1204 51944 93 97 93 84 88 94 86 83 90 81 86 88 93 97 93 83 88 94 86 83 90 81 86 85 6.39 1.12 -4.66 1.09 0.07 -0.77 29.09 59.57 3.74 4.66 9.06 }
{1208 52099 91 98 91 85 86 94 84 85 92 83 88 88 85 98 85 99 81 94 80 96 92 93 93 95 1.59 1.09 -3.53 0.95 0.71 -1.44 29.09 60.60 3.77 4.08 9.22 }
{1212 52249 87 98 87 89 82 94 80 89 92 87 92 92 85 98 85 99 81 94 80 96 92 93 93 95 6.84 4.11 -1.56 0.93 1.26 -1.63 29.24 61.09 17.64 3.83 8.81 }
{1216 52404 89 95 88 87 84 91 83 87 89 87 96 90 95 82 88 85 92 90 91 80 83 87 99 90 1.88 -0.35 -2.64 1.24 0.22 -1.30 29.09 60.33 16.59 3.28 9.34 }
{1220 52557 93 91 91 89 88 87 87 89 85 84 94 91 99 82 99 96 89 81 96 90 81 80 82 91 1.38 -0.07 3.02 0.23 0.24 -1.38 29.14 59.26 15.49 10.12 9.76 }
{1224 52710 97 87 95 93 89 83 91 90 81 80 90 91 99 82 99 96 89 81 96 90 81 80 82 91 0.05 -1.58 5.36 0.02 -0.08 -0.95 29.19 60.98 21.11 16.13 10.15 }
{1228 52866 99 83 99 96 89 81 95 90 81 80 86 91 99 82 99 96 89 81 96 90 81 80 82 91 5.99 -0.45 11.76 -0.02 0.24 -0.51 29.14 61.23 19.68 14.15 10.30 }
{1232 53024 96 85 97 93 92 84 93 87 84 83 86 90 90 94 97 93 95 88 81 86 93 98 86 90 0.19 -1.12 -3.71 0.50 0.49 -1.41 29.19 61.63 18.23 12.64 10.41 }
{1236 53182 96 85 94 94 90 88 89 85 84 86 89 93 98 83 88 94 89 96 83 82 83 86 99 95 1.16 1.75 -12.09 0.97 -0.02 -1.78 29.14 61.22 24.05 11.33 10.27 }
{1240 53336 98 83 90 94 89 92 85 82 83 86 93 95 98 83 88 94 89 96 83 82 83 86 99 95 -3.10 1.06 -3.80 0.73 0.27 -1.52 29.05 61.23 22.65 9.61 9.59 }
{1244 53491 95 86 92 91 92 94 87 85 86 89 91 93 82 91 97 91 99 94 87 96 96 96 87 93 4.87 2.94 -0.93 0.47 0.09 -1.30 29.19 61.18 21.18 8.37 9.46 }
{1248 53643 91 90 96 91 96 94 87 89 90 93 87 93 82 91 97 91 99 94 87 96 96 96 87 93 -0.30 -0.16 -11.34 0.31 0.09 -1.30 29.09 61.29 20.14 7.51 10.01 }
{1252 53798 87 91 97 91 99 94 87 93 94 96 87 93 82 91 97 91 99 94 87 96 96 96 87 93 5.88 3.53 -3.31 0.55 0.12 -1.16 29.14 61.23 18.88 6.74 9.36 }
{1256 53954 89 88 97 88 96 93 90 95 92 93 86 90 97 80 97 80 96 93 93 95 90 82 86 86 -2.39 1.32 -2.61 1.06 0.62 -1.53 29.14 60.78 17.76 5.99 9.53 }
{1260 54108 91 86 97 86 95 92 92 94 91 89 87 88 87 93 97 96 95 84 86 88 93 81 97 91 3.59 1.84 5.82 0.88 0.27 -1.23 29.19 61.02 16.57 11.63 9.03 }
{1264 54259 87 90 97 90 95 88 88 90 93 85 91 91 87 93 97 96 95 84 86 88 93 81 97 91 -2.00 -2.45 -5.98 0.68 0.78 -0.56 29.09 59.97 15.37 10.10 8.67 }
{1268 54417 90 94 94 94 98 90 90 86 90 83 89 94 94 94 89 95 99 98 94 80 87 83 82 95 11.18 -0.44 14.26 0.30 0.78 -1.61 29.14 60.40 13.73 8.89 7.91 }
{1272 54569 94 94 90 95 99 94 94 82 87 83 85 95 94 94 89 95 99 98 94 80 87 83 82 95 2.28 -0.06 4.18 0.75 0.63 -2.04 29.09 61.18 12.97 7.98 8.84 }
{1276 54725 91 91 92 92 96 92 91 84 90 86 84 92 91 80 92 89 90 83 85 98 94 98 84 81 0.00 4.19 -3.80 0.57 0.10 -1.53 29.14 60.58 11.86 14.70 8.67 }
{1280 54877 91 87 92 89 92 88 87 88 94 90 84 88 91 80 92 89 90 83 85 98 94 98 84 81 -0.01 1.96 -13.76 0.98 0.37 -1.34 29.14 60.93 10.62 13.18 7.31 }
{1284 55032 91 83 92 89 90 84 85 92 94 94 84 84 90 98 95 98 94 87 82 88 80 82 85 94 3.84 -2.27 -0.96 0.25 1.02 -2.19 29.14 60.64 16.92 18.82 7.68 }
{1288 55188 90 87 95 93 94 87 82 88 90 90 85 88 90 98 95 98 94 87 82 88 80 82 85 94 2.00 -0.09 -1.36 0.90 0.16 -1.16 29.05 60.06 15.67 17.12 7.67 }
{1292 55344 89 89 94 95 95 86 82 89 88 86 86 92 86 83 80 90 95 82 82 90 98 82 95 95 -3.52 -4.82 4.12 0.74 0.59 -0.78 29.00 59.86 14.30 15.43 8.20 }
{1296 55498 86 85 90 91 95 82 82 90 92 82 90 95 86 83 80 90 95 82 82 90 98 82 95 95 -6.96 -2.36 6.17 0.74 0.93 -0.97 29.09 60.18 12.85 13.58 7.80 }
{1300 55652 86 83 86 90 95 82 82 90 96 82 94 95 86 83 80 90 95 82 82 90 98 82 95 95 -1.75 6.05 0.05 1.07 1.45 -2.42 29.19 61.20 26.02 12.63 7.95 }
{1304 55809 89 86 88 87 92 85 85 87 94 85 95 98 94 87 94 80 90 96 86 81 83 92 95 98 3.18 -1.83 1.07 0.81 1.15 -1.49 29.14 60.47 30.77 11.44 7.82 }
{1308 55960 93 87 92 83 90 89 86 83 90 89 95 98 94 87 94 80 90 96 86 81 83 92 95 98 -0.91 -0.24 -3.98 0.32 0.16 -1.50 29.09 60.94 35.59 9.95 8.69 }
{1312 56115 94 87 94 80 90 93 86 81 86 92 95 98 94 87 94 80 90 96 86 81 83 92 95 98 -0.55 -1.48 -3.88 1.19 0.43 -1.77 29.05 60.55 33.10 8.26 8.73 }
{1316 56271 92 89 92 82 88 97 88 83 86 94 93 96 80 95 86 97 85 97 95 83 95 96 83 82 6.42 1.64 2.73 0.62 0.58 -1.23 29.24 60.89 30.93 7.38 8.52 }
{1320 56423 88 93 88 86 85 97 92 83 90 96 89 92 80 95 86 97 85 97 95 83 95 96 83 82 -2.97 1.58 -2.85 0.37 1.02 -1.34 29.05 59.95 29.05 20.56 8.39 }
{1324 56577 84 95 86 90 85 97 95 83 94 96 85 88 80 95 86 97 85 97 95 83 95 96 83 82 5.01 6.86 13.39 1.05 0.46 -0.97 29.14 59.70 27.14 25.80 9.10 }
{1328 56732 86 98 85 91 88 94 92 86 96 93 87 85 91 99 85 91 97 86 90 95 96 81 91 85 -1.08 1.49 -1.60 0.87 0.21 -1.24 29.09 60.37 25.04 23.56 9.27 }
{1332 56886 90 99 85 91 92 90 90 90 96 89 91 85 99 90 84 97 82 93 93 80 83 83 94 82 -0.99 -4.35 6.03 1.46 -0.12 -1.64 29.09 60.24 23.10 21.95 9.18 }
{1336 57042 94 95 84 95 88 93 93 86 92 85 94 82 99 90 84 97 82 93 93 80 83 83 94 82 5.55 -2.28 12.73 0.67 0.66 -0.20 29.14 60.42 21.02 19.70 8.74 }
{1340 57199 92 91 87 93 87 90 91 88 88 87 91 85 83 81 97 89 87 86 91 94 82 90 90 94 1.96 0.16 -0.56 0.83 0.24 -1.35 29.14 60.37 19.45 17.94 8.91 }
{1344 57351 88 87 91 89 87 86 91 92 84 90 90 89 83 81 97 89 87 86 91 94 82 90 90 94 -4.85 -0.96 -6.76 0.38 0.28 -0.90 29.09 60.98 17.93 15.87 8.96 }
{1348 57506 84 83 95 89 87 86 91 94 82 90 90 93 83 81 97 89 87 86 91 94 82 90 90 94 3.21 -2.94 -0.61 0.88 0.49 -1.74 29.14 61.00 15.73 13.89 7.63 }
{1352 57663 85 83 95 91 89 88 93 92 84 88 89 92 99 97 83 99 93 92 99 84 88 83 89 85 1.58 0.28 -2.52 0.79 0.40 -1.48 29.14 59.95 14.87 12.35 7.87 }
{1356 57817 89 87 91 95 93 92 97 88 88 84 89 88 99 97 83 99 93 92 99 84 88 83 89 85 8.42 -1.15 8.02 0.83 -0.14 -1.59 29.05 60.60 14.44 10.98 8.96 }
{1360 57970 93 91 87 99 93 92 99 84 88 83 89 85 99 97 83 99 93 92 99 84 88 83 89 85 5.21 -1.58 2.21 0.93 0.38 -1.22 29.19 61.33 13.92 9.44 9.11 }
{1364 58126 91 89 87 97 96 89 96 81 91 86 86 88 80 84 92 96 90 99 89 88 89 92 92 98 -5.00 -1.73 2.09 1.05 -0.31 -1.91 29.09 61.00 12.89 8.10 9.02 }
{1368 58280 87 85 91 93 92 88 92 85 93 87 85 92 81 82 96 89 85 88 85 88 93 87 85 94 -5.80 -1.19 -13.72 0.63 0.25 -0.28 29.19 60.37 11.65 6.88 7.81 }
{1372 58434 83 82 95 89 88 88 88 88 93 87 85 94 81 82 96 89 85 88 85 88 93 87 85 94 0.28 -1.44 -9.59 0.42 1.16 -1.57 29.09 60.69 18.19 5.80 7.40 }
{1376 58591 85 85 93 92 90 91 90 85 90 88 84 97 95 90 83 99 98 99 99 85 83 88 84 97 1.55 -1.58 2.14 0.80 0.89 -1.53 29.09 61.25 16.86 5.05 7.46 }
{1380 58741 89 89 89 96 94 95 94 85 86 88 84 97 91 82 98 97 84 82 96 95 93 90 92 90 8.63 -0.74 11.41 0.53 0.58 -1.37 29.14 61.11 15.56 4.45 8.16 }
{1384 58896 91 85 93 97 90 91 96 89 90 90 88 93 91 82 98 97 84 82 96 95 93 90 92 90 2.52 -0.09 2.52 0.81 0.18 -1.41 29.09 60.66 14.66 3.68 8.68 }
{1388 59051 93 85 93 95 90 87 94 89 90 92 88 89 93 93 88 88 93 82 91 80 85 95 81 84 -0.39 -0.44 -4.05 1.61 0.43 -1.44 29.05 61.16 13.87 3.14 9.38 }
{1392 59204 93 89 89 91 93 83 91 85 86 95 84 85 93 93 88 88 93 82 91 80 85 95 81 84 4.89 0.20 -9.57 0.52 0.14 -2.04 29.14 61.58 13.14 2.48 9.43 }
{1396 59358 90 88 88 87 90 85 94 83 82 92 84 87 87 88 88 85 88 98 94 83 81 92 84 95 -1.14 1.81 -8.34 1.08 0.44 -1.40 29.14 60.96 12.53 21.71 9.55 }
{1400 59510 87 88 88 85 88 89 94 83 81 92 84 91 87 88 88 85 88 98 94 83 81 92 84 95 12.20 2.43 -3.33 0.42 1.23 -1.04 29.14 61.52 18.90 20.11 9.09 }
{1404 59665 87 88 88 85 88 93 94 83 81 92 84 95 87 88 88 85 88 98 94 83 81 92 84 95 1.71 -1.15 -0.41 0.69 0.32 -1.27 29.09 59.82 17.57 17.95 9.15 }
{1408 59823 90 85 91 87 91 91 91 86 83 95 87 92 96 84 98 87 95 87 83 96 83 96 97 86 2.43 0.83 1.10 0.85 0.29 -1.24 29.14 60.35 16.65 15.88 9.16 }
{1412 59974 94 84 95 87 95 87 87 90 83 96 91 88 96 84 98 87 95 87 83 96 83 96 97 86 -8.35 -3.99 -3.39 1.28 0.05 -2.13 29.14 61.09 22.07 21.06 9.95 }
{1416 60130 96 84 98 87 95 87 83 94 83 96 95 86 96 84 98 87 95 87 83 96 83 96 97 86 5.21 0.27 -5.10 0.45 0.27 -1.40 29.14 60.82 20.83 26.24 10.21 }
{1420 60286 97 82 96 84 92 84 86 92 84 95 93 83 97 82 96 83 81 81 94 88 84 95 87 83 4.00 1.30 2.47 0.74 0.19 -1.12 29.14 61.23 19.53 23.81 10.50 }
{1424 60438 97 82 96 83 88 81 90 88 84 95 89 83 97 82 96 83 81 81 94 88 84 95 87 83 0.89 -1.57 1.57 -0.29 1.11 -1.64 29.19 60.98 18.12 28.82 11.68 }
{1428 60594 97 82 96 83 84 81 94 88 84 95 87 83 85 93 96 98 91 87 90 80 92 86 89 87 3.87 -0.80 3.21 0.48 0.72 -0.87 29.05 61.14 16.73 26.13 11.55 }
{1432 60750 93 86 96 87 88 85 90 84 88 91 89 87 85 93 96 98 91 87 90 80 92 86 89 87 -0.59 1.14 -0.99 0.17 0.50 -1.74 29.05 60.75 15.52 30.67 11.87 }
{1436 60906 89 90 96 91 91 87 90 80 92 87 89 87 85 93 96 98 91 87 90 80 92 86 89 87 3.48 -1.75 10.15 0.89 -0.45 -1.60 29.09 60.60 21.58 35.04 12.44 }
{1440 61065 91 88 98 89 88 90 87 83 95 89 86 90 97 85 98 86 85 97 85 87 99 91 81 99 -3.84 -3.25 -2.87 0.34 0.31 -1.47 29.14 60.71 26.27 38.81 12.10 }
{1444 61220 95 85 98 86 85 94 85 87 99 91 82 94 97 85 98 86 85 97 85 87 99 91 81 99 1.61 4.39 -11.28 0.98 0.93 -0.65 29.09 60.51 24.86 35.37 12.45 }
{1448 61375 97 85 98 86 85 97 85 87 99 91 81 98 97 85 98 86 85 97 85 87 99 91 81 99 3.55 -1.09 -2.99 0.84 0.52 -1.53 29.19 61.40 23.45 32.47 13.21 }
{1452 61534 94 85 95 89 84 94 88 84 96 88 84 96 85 85 94 93 84 83 89 81 92 80 93 89 5.38 -0.04 0.37 0.34 1.01 -1.76 29.14 61.02 21.94 29.51 13.38 }
{1456 61686 90 85 94 93 84 90 89 81 92 84 88 92 85 85 94 93 84 83 89 81 92 80 93 89 2.11 0.19 0.67 0.39 0.79 -1.04 29.14 61.90 20.03 34.34 15.27 }
{1460 61840 86 85 94 93 84 86 89 81 92 80 92 89 85 85 94 93 84 83 89 81 92 80 93 89 1.45 0.62 -2.69 1.01 0.54 -1.30 29.19 60.64 18.41 31.22 15.09 }
{1464 61998 82 88 94 90 87 88 86 84 89 83 90 86 80 99 94 80 96 89 84 98 88 86 86 82 1.29 -1.51 -5.45 0.59 0.76 -1.25 29.19 61.34 17.08 28.29 15.04 }
{1468 62151 80 92 94 86 91 89 84 88 88 86 86 82 80 99 94 80 96 89 84 98 88 86 86 82 -4.26 -1.69 -8.49 0.69 0.65 -1.50 29.14 61.31 22.82 25.68 14.51 }
{1472 62308 80 96 94 82 95 89 84 92 88 86 86 82 80 99 94 80 96 89 84 98 88 86 86 82 0.03 0.23 -7.77 0.98 0.93 -2.08 29.14 61.25 21.64 30.49 14.95 }
{1476 62466 83 94 91 84 93 86 87 96 91 85 83 81 98 81 87 95 87 81 89 98 95 85 81 81 4.03 -0.30 4.52 0.71 1.19 -1.66 29.14 60.33 20.60 28.23 15.18 }
{1480 62618 87 90 87 88 89 82 89 98 95 85 81 81 98 81 87 95 87 81 89 98 95 85 81 81 5.64 0.43 10.72 0.54 1.04 -1.41 29.24 60.46 19.21 26.31 17.16 }
{1484 62773 91 86 87 92 87 81 89 98 95 85 81 81 98 81 87 95 87 81 89 98 95 85 81 81 3.42 -2.47 0.93 0.72 0.83 -1.82 29.14 61.00 17.98 23.98 18.24 }
{1488 62930 92 88 90 90 90 84 92 95 92 88 84 84 92 99 94 83 94 91 96 84 83 94 93 91 1.82 0.98 2.78 0.49 0.67 -1.18 29.24 60.98 16.66 21.63 18.99 }
{1492 63084 89 92 88 92 92 88 95 91 93 86 82 88 88 99 85 92 92 92 95 89 93 83 80 89 -1.26 0.08 0.20 0.53 1.02 -1.22 29.14 60.53 15.17 19.47 19.36 }
{1496 63237 88 96 85 92 92 92 95 89 93 83 80 89 88 99 85 92 92 92 95 89 93 83 80 89 -0.07 -3.46 -0.66 0.80 0.26 -1.57 29.24 60.56 20.46 17.48 18.90 }
{1500 63396 85 94 88 89 89 89 92 87 90 80 83 86 84 89 91 89 83 88 85 87 80 80 89 83 -0.62 1.44 -2.32 0.73 0.88 -1.41 29.19 59.95 18.73 16.26 18.63 }
{1504 63550 84 90 91 89 85 88 88 87 86 80 87 83 84 89 91 89 83 88 85 87 80 80 89 83 7.90 7.24 -3.69 0.58 1.10 -0.02 29.19 60.93 23.72 14.98 17.84 }
{1508 63705 84 89 91 89 83 88 85 87 82 80 89 83 84 89 91 89 83 88 85 87 80 80 89 83 2.36 0.40 -5.62 0.88 0.58 -1.23 29.14 60.06 22.36 13.35 18.00 }
{1512 63862 86 86 88 86 82 91 88 84 84 83 92 83 86 85 80 85 82 94 91 83 93 83 98 83 2.69 0.80 1.04 1.04 1.00 -1.36 29.19 60.18 20.77 12.00 18.26 }
{1516 64016 89 88 89 88 85 92 89 80 88 85 91 86 91 97 89 97 89 92 89 80 91 85 91 93 6.25 2.80 7.79 1.22 -0.36 -1.04 29.19 60.55 19.65 31.23 17.07 }
{1520 64168 91 92 89 92 89 92 89 80 91 85 91 90 91 97 89 97 89 92 89 80 91 85 91 93 -0.01 -2.01 7.24 0.89 0.01 -1.95 29.09 60.76 18.16 28.03 17.53 }
{1524 64327 90 90 86 90 86 89 92 83 94 88 92 88 90 84 83 88 82 80 96 85 97 92 92 80 2.95 -1.08 -0.88 -0.10 0.99 -1.95 29.19 60.13 16.74 39.50 17.99 }
{1528 64483 90 86 83 88 82 85 96 85 97 92 92 84 90 84 83 88 82 80 96 85 97 92 92 80 1.67 3.33 -3.88 0.80 1.02 -2.47 29.14 60.44 15.16 36.23 17.85 }
{1532 64636 90 84 83 88 82 81 96 85 97 92 92 80 90 84 83 88 82 80 96 85 97 92 92 80 -0.85 -4.76 -3.02 0.33 0.72 -2.09 29.14 60.84 14.43 32.90 18.48 }
{1536 64796 87 81 86 91 85 83 93 82 98 89 89 83 80 81 98 95 99 83 83 81 98 82 87 92 -1.45 -0.01 -4.95 0.48 0.46 -1.09 29.19 60.80 13.28 29.95 18.77 }
{1540 64955 84 84 90 90 88 85 89 82 95 91 89 87 84 90 93 90 88 85 80 97 85 97 99 99 -2.12 0.28 -10.85 0.58 0.03 -0.91 29.09 60.75 18.89 27.10 17.52 }
{1544 65108 84 88 93 90 88 85 85 86 91 95 93 91 84 90 93 90 88 85 80 97 85 97 99 99 -0.36 -1.00 -5.36 1.03 0.75 -1.26 29.14 61.04 17.42 24.48 17.49 }
{1548 65267 83 87 96 89 91 88 87 90 93 93 95 95 83 87 99 89 97 89 99 98 98 85 95 97 2.69 -3.86 3.88 1.05 0.55 -1.44 29.09 61.45 22.80 28.81 17.03 }
{1552 65422 86 84 95 86 92 92 85 94 97 91 92 93 89 84 95 86 92 96 80 98 99 91 84 85 0.49 -0.86 -6.20 0.94 0.44 -1.17 29.05 60.71 28.08 26.06 17.46 }
{1556 65576 89 84 95 86 92 96 81 98 99 91 88 89 89 84 95 86 92 96 80 98 99 91 84 85 10.84 4.98 1.28 1.56 0.39 -1.06 29.14 60.87 26.46 23.54 16.92 }
{1560 65733 92 87 94 89 89 93 83 95 96 94 90 90 97 98 94 95 88 81 88 85 92 95 91 90 4.10 -0.70 0.93 0.99 0.41 -1.28 29.19 59.93 24.73 21.29 17.24 }
{1564 65886 96 91 94 93 88 89 87 91 92 95 91 90 97 98 94 95 88 81 88 85 92 95 91 90 6.75 -1.34 14.17 -0.21 0.46 -0.93 29.05 59.48 22.97 26.32 17.94 }
{1568 66045 94 90 91 91 85 85 91 87 89 92 88 88 82 90 82 90 81 80 95 80 84 86 85 88 -0.21 -2.90 7.56 0.19 0.68 -1.11 29.09 60.49 20.62 30.57 17.55 }
{1572 66201 90 89 93 87 87 84 89 83 85 94 84 87 84 89 93 84 96 84 81 81 85 98 83 87 -5.32 -1.83 -17.40 1.24 1.01 -2.02 29.14 61.42 18.77 27.93 16.67 }
{1576 66357 86 89 93 84 91 84 85 81 85 98 83 87 84 89 93 84 96 84 81 81 85 98 83 87 4.08 1.24 -8.00 0.66 0.76 -1.65 29.09 60.53 17.79 25.20 16.37 }
{1580 66511 84 89 93 84 95 84 81 81 85 98 83 87 84 89 93 84 96 84 81 81 85 98 83 87 -0.03 -1.31 -10.24 0.39 0.20 -1.68 29.14 62.19 16.82 29.51 16.77 }
{1584 66672 86 91 91 83 98 86 80 83 87 96 85 89 93 95 91 83 98 97 80 96 89 81 99 90 2.23 -0.71 -1.27 0.59 0.92 -1.04 29.14 61.29 15.95 27.10 16.65 }
{1588 66828 90 89 91 86 95 90 80 87 91 96 84 93 95 88 91 87 81 93 80 88 95 96 84 93 6.00 2.22 1.76 0.76 0.54 -1.06 29.19 60.91 15.68 24.57 16.49 }
{1592 66979 94 88 91 87 91 93 80 88 95 96 84 93 95 88 91 87 81 93 80 88 95 96 84 93 10.11 6.91 -0.73 1.18 0.81 -1.03 29.14 61.04 15.03 22.58 17.13 }
{1596 67138 92 91 94 90 87 90 83 91 92 93 87 90 87 95 99 93 86 85 91 98 89 90 89 87 3.52 1.15 2.99 1.48 0.87 -0.87 29.14 60.62 13.70 27.46 16.44 }
{1600 67291 88 95 98 93 86 86 87 95 89 90 89 87 87 95 99 93 86 85 91 98 89 90 89 87 2.17 1.56 -3.98 0.15 0.32 -0.83 29.14 60.75 12.55 31.66 16.33 }
{1604 67446 90 92 96 93 89 88 85 98 88 87 86 90 94 84 90 93 91 88 84 98 88 87 82 98 0.63 -3.98 0.23 0.86 0.54 -0.94 29.05 60.00 11.11 28.66 16.40 }
{1608 67600 94 88 92 93 91 88 84 98 88 87 82 94 94 84 90 93 91 88 84 98 88 87 82 98 4.46 1.00 9.82 1.20 0.39 -1.75 29.19 60.46 10.34 26.29 16.70 }