58.297465004441
69.433190645645
87.1443505893473
97.90741491350157
98.50370475289914
99.0286384171773
99.08284753868783
99.08759889926189
99.10455032732004
99.11203062779192
99.126985895499
99.13758019780784
99.14449417719968
99.15410669636506
99.16506425102128
99.17659669478456
99.1827464892347
99.18598872758447
99.18755205713954
99.20216185322988
99.20764976167568
99.2138302507695
99.21063377125571
99.22658524394286
99.2338691526789
99.23817725463314
99.2504127878247
99.26107547513048
99.26554828657304
99.28268713694767
99.29435692405315
99.30757491992712
99.32418951013265
99.33751509550464
99.35032992711957
99.36337816764245
99.37648009884057
99.38899544724472
99.39822318978423
99.40686057027555
99.41203692129821
99.4169786341072
99.42169170510542
99.42622097276718
99.4306018705749
99.43474750503698
99.43876080970317
99.44265134864393
99.44651147949209
99.45016851898957
99.45367628145107
99.45704663152074
99.46025486383347
99.46332062074522
99.46627644602046
99.4690906804938
99.47180315437501
99.47446548990963
99.47691737351381
99.47932443420765
99.48166843525726
99.48396490041691
99.4861944996434
99.48837073322305
99.4904677337483
99.49248294674842
99.49449635957723
99.49639937306335
99.49829693212783
99.50003493692934
99.50183605859527
99.50344268096917
99.50514326319747
99.50670365265039
99.50832620027637
99.50970503172259
99.5113274329715
99.51240329612749
99.51317379163457
99.51002219206845
99.51116413173563
99.51698808361161
99.51861140748684
99.5198431188788
99.52105821708936
99.52211949859169
99.52332388801155
99.52418056118819
99.5252839212331
99.52540057380843
99.52602239486382
99.52334172152457
99.52979753599429
99.53089334767226
99.5317799006605
99.53271998622994
99.53357013044656
99.53449913119388
99.53527274330936
99.53617894939995
99.53686206751239
99.53780535657549
99.53835646176925
99.53908938442977
99.53856376524601
99.53822694297844
99.53346591934498
99.54273265895533
99.54356129014622
99.54423703900723
99.54500147454746
99.54565192462303
99.54637552708814
99.54702123058865
99.54773426189114
99.54831430526355
99.54900723953246
99.54938012551332
99.5500309927491
99.54968383415654
99.54960429649748
99.5456498063156
99.55311013642111
99.55369389334933
99.55422930923287
99.55474924252606
99.55530468022211
99.55578074549149
99.55638857501509
99.55677379130665
99.5574347648684
99.55776371691604
99.55843456979377
99.55874804765898
99.55943205022282
99.55961185482738
99.56029527232603
99.56030279414352
99.56070843566539
99.56021069893166
99.56033550538389
99.55794514633203
99.5634442179894
99.56383776040924
99.5642643652464
99.56460916160022
99.56504959575389
99.56536416429104
99.5658537953096
99.56618400328622
99.56664498918616
99.56699426493975
99.5674122310686
99.56782473547557
99.56817834283827
99.56855527106046
99.56901930361195
99.56929337416655
99.56975023233596
99.57005738700458
99.5705377160853
99.57085678308859
99.57130816070888
99.57129345760296
99.57119830280594
99.5702411272202
99.56982203966427
99.5686510357631
99.57387333807173
99.57414534473294
99.57460313341966
99.57497841962429
99.57526867748618
99.57562921987811
99.57591404031702
99.57625087693182
99.57650181223033
99.57684832058322
99.57714236935298
99.57746583972269
99.57772501446817
99.5780560496549
99.57834912428893
99.5786728537952
99.57898560141027
99.57928932036732
99.57962542653857
99.57992512359364
99.58024367905084
99.58054385976631
99.58086701226718
99.58116410769902
99.58149737113598
99.58176439350098
99.58208453887204
99.58229767377951
99.58263858639388
99.58281343101166
99.58316607819904
99.58306811411649
99.58297081559843
99.58211078720251
99.58453601271115
99.58476690488729
99.58499937623795
99.58526064726011
99.58546518966232
99.58568626060418
99.58589949865357
99.58612348886595
99.5863448842173
99.58657672563248
99.5867970796165
99.58703481676476
99.58723319738742
99.58743908108825
99.5876670399596
99.58789982708328
99.5880809596871
99.58828931432112
99.58848822062262
99.58869582143548
99.58892731971238
99.58913147813942
99.58932606370831
99.58952568977735
99.58973326621397
99.58995115053074
99.59012435184391
99.59033085346792
99.59049055546882
99.59070851794642
99.5908836576357
99.59111484619145
99.59132222040223
99.59155861803825
99.59172437898621
99.59195400555248
99.59210742894928
99.59234955077386
99.59246206466132
99.59271520205797
99.59287594976203
99.59310250520907
99.59323682462322
99.5935014537939
99.59362132750508
99.59384470513581
99.59388354963353
99.59416745245711
99.59416075943214
99.59437373707553
99.5942035983541
99.59441293405482
99.5941828206774
99.59415356641978
99.59321991908158
99.59216100331687
99.59585599033146
99.59597022682017
99.59608082381723
99.59620303589372
99.5963294271293
99.59645622797872
99.59658507263536
99.59670792036867
99.59682742625236
99.59696117710065
99.59708703746001
99.59721527632185
99.59733685653231
99.59747158107328
99.59759537363595
99.59773586395492
99.59785915869281
99.59800131829614
99.59812658237274
99.59825536399649
99.59838213966086
99.59852251601063
99.59863926093229
99.59877626644257
99.59888276602469
99.59900744950205
99.59911263161324
99.59924262702796
99.59935267143806
99.59948904403088
99.59960591195554
99.5997308843189
99.59982869347934
99.59995690185328
99.60004550685163
99.600155532867
99.60024197987094
99.60038916543024
99.60061627396708
99.60077421571575
99.6009392974623
99.60106158550185
99.60120801239079
99.60131212160232
99.60144432552926
99.60153589176032
99.60167599685926
99.6017681283577
99.60191453505148
99.60201648719693
99.60216922349082
99.60227575248128
99.60243255629648
99.60251778940392
99.60267541079759
99.60276638289798
99.60292554611763
99.60302705018947
99.60319152648933
99.60328016936724
99.60344371216078
99.60353506020118
99.60365903486135
99.60370556867714
99.60385629239013
99.60390917920469
99.60403387539765
99.60409910793916
99.60427018633833
99.60435256569785
99.60450412902358
99.60458955183114
99.60475049084235
99.60484144964693
99.60502322968779
99.60508699965777
99.60524731396603
99.60527603051847
99.60541440845526
99.60543571252816
99.60557654487067
99.60564048774607
99.60582012940039
99.60591041246028
99.60609825855852
99.60619817538199
99.60637914226812
99.60647336399137
99.60649247273183
99.60655312905428
99.60662050949793
99.6067368533543
99.60672969900564
99.60685594860085
99.60687747578044
99.6068863953642
99.60672896807681
99.60682820447163
99.60685574443391
99.60690669687764
99.60675709710955
99.60678136764767
99.60691979023323
99.60710504737462
99.60673103526865
99.60671187719548
99.60670792987453
99.6070490918848
99.60668043077024
99.60550649736207
99.60177464727813
99.60786282586702
99.6081182091983
99.60834070853498
99.60853133249547
99.60877421665106
99.6088872380477
99.60898869068045
99.60921832285197
99.60937106112212
99.60953407715024
99.6097279131389
99.60992955034355
99.61014087341198
99.61024534177938
99.61044482781858
99.61067415849402
99.61087190223265
99.6110837633509
99.611305229693
99.61151369523331
99.61163400831128
99.61179597788018
99.6120311055881
99.61223557166858
99.61243682145894
99.61264222469232
99.61284201787865
99.61303009689809
99.61322734443301
99.6134367761161
99.61363342012784
99.61381579267827
99.61402031269104
99.61418602976035
99.61433376765693
99.61448684256338
99.61468167227807
99.61485406163916
99.61502596494161
99.61521106311693
99.61540536184995
99.6156071175917
99.61581740303431
99.61600993599772
99.61617835738204
99.61656226731125
99.61673807621862
99.61691152479672
99.61708597888462
99.61727516317642
99.61745975921225
99.61763989727773
99.61779731199721
99.61795908987216
99.61813187916621
99.61831162850224
99.61849457854335
99.61867121441819
99.61885003736526
99.61903513808652
99.61920846464974
99.61939476069695
99.61958066394614
99.61978025630266
99.61996501599202
99.6201646394659
99.6203723508475
99.62059332638017
99.62078879550025
99.62099137403186
99.62119660932512
99.62140162942377
99.62159813741098
99.62179904196373
99.62201280226338
99.6222196322916
99.62240757643286
99.62260776150292
99.62282561237092
99.62304715632528
99.62325340024745
99.6234466232606
99.62366192553745
99.62386901609476
99.62407498074147
99.62429075187784
99.624505352381
99.62471508546876
99.62493796356218
99.62514746762149
99.6253824970965
99.62561058949215
99.62584000942292
99.62607405799646
99.62630735781964
99.6265368567886
99.62678785072973
99.62703548042825
99.62726679507448
99.62749734914793
99.62773382820457
99.627963008517
99.628227350792
99.62847040302488
99.62872886385954
99.62896702006516
99.6292042027346
99.62944470976444
99.6296797002188
99.62992273809387
99.630168809555
99.63042175523307
99.63066463407175
99.63090829075615
99.63115392973401
99.63138933732219
99.6316338074409
99.63188651065406
99.63214264745305
99.63238583002254
99.63263479347157
99.63287961068282
99.6331390662598
99.63339569272534
99.63364368355423
99.63390543915986
99.63415412508463
99.63440837738355
99.63465567988578
99.63490406888413
99.63515916520191
99.6353966984171
99.63565289504727
99.63591494838285
99.636161311879
99.63640846447713
99.63664511953542
99.63689470085838
99.63714813782587
99.63740610466697
99.63766506935542
99.63793092946521
99.63819073393168
99.63843224155526
99.63895543715176
99.63922030896319
99.63948153110098
99.63973586230975
99.63998456722352
99.64024099538588
99.64048070847329
99.64072680238364
99.64097308669211
99.64122207823432
99.64148587515402
99.64175212140866
99.64201140626749
99.64226417031753
99.64252949966014
99.64278149493873
99.64303796583513
99.64328967378201
99.6435343604263
99.6438002542152
99.64403273379618
99.64429925276454
99.64455050223253
99.64479150471706
99.64505645268316
99.64531955767005
99.64559830122609
99.6458679058631
99.64612536032644
99.6463892330017
99.64665630273547
99.6469196684466
99.64718277892622
99.64744488948551
99.6476944708876
99.6479624927246
99.64820509588166
99.6484580900731
99.64871567681418
99.6489392142268
99.6492014071843
99.64945011568136
99.64971151172851
99.64997304725514
99.65023838519906
99.65048829418252
99.65074488089952
99.65100923205189
99.65127037662488
99.65152916358508
99.65179089325139
99.65204374654623
99.65229567550045
99.65254925604765
99.6528085089364
99.6530573134844
99.65331667944737
99.65357262850844
99.65382625240505
99.65408485989634
99.65433788165701
99.65457692016194
99.65481215234979
99.65505324309098
99.65530286664337
99.65554449968228
99.65578895570516
99.65604427799734
99.65628618526556
99.65653077084265
99.65677421480629
99.65702449883129
99.6572606840771
99.65750839650437
99.6577468393472
99.65799189648448
99.65822872857125
99.65845834513311
99.65870411920011
99.6589454515359
99.65918050115857
99.65941152577594
99.65964393477411
99.65988270817499
99.66011979040668
99.6603618398357
99.66059262657188
99.66086770728857
99.66111139079494
99.66135113170476
99.66158125078944
99.66181242287927
99.6620387310737
99.6622673710172
99.66249854654613
99.66273172435092
99.66294569767726
99.66316045731529
99.66337586309449
99.66358799092909
99.66381059125386
99.66402517881812
99.66423874451569
99.66445926371279
99.66468481147862
99.6649030230673
99.66512079825358
99.66536300155153
99.66558455154895
99.66580499368939
99.66602436156404
99.66623539858253
99.66645897405755
99.6666753085501
99.66689630324234
99.66711436695769
99.6673296776987
99.66754158477387
99.6677535285523
99.66797347350268
99.66818604711814
99.66841089614324
99.66862404173202
99.6688350374125
99.66905428494964
99.66927239849178
99.66948475510867
99.66969725840329
99.66993039816326
99.67013747432411
99.6703521775138
99.67055269624345
99.6707637485516
99.67097661534493
99.67119867326295
99.67140259064571
99.67161969935852
99.67180672623083
99.67222177652829
99.67240938612206
99.67267989518757
99.6728669404933
99.67306671826158
99.67327033633902
99.67346428815529
99.67365511970598
99.67384897197945
99.67406743570514
99.67426477105366
99.67446546543157
99.67466928649438
99.67487137967417
99.67507795272496
99.67527172794703
99.67547097822023
99.67566628730347
99.67586306844215
99.67605713760342
99.67624730143405
99.67644031157874
99.67663709642382
99.67683076440903
99.67703730538247
99.67724424073108
99.67745351543667
99.67765251831483
99.6778498608985
99.67804920856594
99.67824694055774
99.67843381914531
99.67862276400339
99.67882283889506
99.67900709796578
99.6791944555333
99.67938588110917
99.67956126604139
99.67975369155168
99.67994746225331
99.68013267540178
99.68031541571816
99.68049252352418
99.68069012328398
99.68088280568203
99.68107991390451
99.68127681913633
99.68147125338751
99.68167671141471
99.68188405505146
99.68209346328312
99.68231385469481
99.68251889187125
99.68271828705163
99.68291345302637
99.68310042811322
99.68327179794606
99.6834566906393
99.68363808464082
99.68382257201911
99.68401293066633
99.68420440790635
99.684388607647
99.68457807617955
99.68475543327597
99.684933041036
99.68511122306386
99.68529053483704
99.68547703389426
99.68566391242203
99.68585084174363
99.68602977343085
99.68619743661603
99.68636890331388
99.68654245279917
99.68673328919382
99.68688566425011
99.68705100413105
99.68727160952766
99.68742239522744
99.68753375349353
99.68774617612709
99.6879459704
99.68806148059001
99.6882919799259
99.68845113443172
99.68857311144197
99.68879849023206
99.68893431429593
99.68908953037047
99.68930782322504
99.68943943709692
99.68962303224536
99.68983163968802
99.68993612247297
99.69006848687984
99.69027841724925
99.69051455056012
99.69060346366206
99.69071140811549
99.69088506687194
99.69116116684259
99.69125905324606
99.69143238162906
99.69169819951645
99.69171908261552
99.69187889340405
99.69220144090481
99.69250133125558
99.69263770640315
99.6925625664964
99.69268451711196
99.69309029559552
99.69331795243801
99.69336591172818
99.69365916711816
99.69387640629593
99.69399443984808
99.6941197587326
99.69432337700694
99.69449791918446
99.69460794064247
99.69471017659437
99.69489532596614
99.69511788995511
99.69530124830194
99.695438376446
99.6954962173836
99.69564559358083
99.69589970394752
99.69605338837276
99.69621628846248
99.69629964378456
99.69638536250756
99.69659830327886
99.69682664521285
99.69698925058626
99.69709132316417
99.69716847708298
99.69726972311366
99.69737981358263
99.69750207538219
99.69769858921202
99.69786640141162
99.69789552800162
99.69824045621294
99.69847030831228
99.69854842412246
99.69853442396824
99.69863187477459
99.69877717382941
99.6990288076805
99.69934421111655
99.69952346185416
99.69951461199344
99.69948762085721
99.69954246524082
99.69969543010954
99.69990752461317
99.6999876121515
99.70016041987193
99.70031209229123
99.70038511182634
99.70077497629826
99.70099643219817
99.70085349507791
99.70082858115023
99.70087525722529
99.7007968541256
99.70089842469059
99.70096470884825
99.70104242639754
99.70124633865328
99.70173476593621
99.7019907492865
99.70183895742463
99.70154601139538
99.70135877732845
99.70115631865083
99.70104015088228
99.70101477367047
99.70109820789537
99.70174598269148
99.70232791498245
99.70306175003458
99.70353583646546
99.70376437237736
99.70410395422674
99.70460096922199
99.70487880231872
99.70504056492511
99.70516429036343
99.70527571722026
99.70538066061157
99.70545135443541
99.70550010621044
99.70533495173775
99.70484699166511
99.70413380493416
99.70634478741991
99.7065172157067
99.70665504320336
99.7067741216956
99.70689236595359
99.70700690159818
99.7071355972035
99.70727227368012
99.70739953378555
99.70751941750814
99.7076429111101
99.70777009920678
99.70788974281697
99.70801500606018
99.70814053730325
99.708265388988
99.70839678765735
99.70852111298018
99.70863743641019
99.70877059058365
99.70883766107055
99.70893615265523
99.70906494381302
99.70919771142141
99.70930730368143
99.70947323429611
99.7096072052955
99.70953511683504
99.70958871448086
99.7098273790185
99.71006745377342
99.71019255242243
99.7103034349534
99.71048207997704
99.71063582979478
99.71074205086627
99.71084163374883
99.71092852318593
99.71103352863521
99.71114838287833
99.7112410079721
99.71134630166125
99.711475665435
99.7115906569466
99.71171387440981
99.71182924867199
99.71193834902017
99.71204733474865
99.71216325022635
99.71228454271478
99.7123920725926
99.71250635061536
99.71261762366568
99.71273475017482
99.71284295245667
99.71294701605241
99.7129599089369
99.7130276323307
99.71310638362097
99.7131475388814
99.71326283942142
99.71334878837023
99.71339581626751
99.71346434271757
99.71356052114658
99.71363792434087
99.71378388019271
99.71376384174022
99.71380436826782
99.71374532586097
99.7136679184636
99.71368077223953
99.71367289010135
99.71365149576212
99.71366120080745
99.71364463467572
99.71361602886697
99.71360784121865
99.71359863367195
99.71351855103559
99.71342308664224
99.71335476687865
99.71328598005773
99.71321189708054
99.71302534080667
99.71290508948778
99.7128513937207
99.71285788909478
99.71287958651341
99.71282535537078
99.71273014055444
99.71268650876523
99.71258477396911
99.71260146138516
99.71259172647437
99.71249512845087
99.71248809950785
99.71235587892949
99.71225594955744
99.71233504931082
99.7095426477778
99.70945105280653
99.70959925576133
99.70988571171584
99.70862303686543
99.70726597648527
99.70445131899763
99.70134238195092
99.71143148819377
99.71302428576195
99.71344734624323
99.71362541192741
99.71371954805157
99.713799426012
99.71398488099067
99.7142303866666
99.71443891179985
99.7146624058824
99.71494173309348
99.7151891068537
99.71545084451736
99.71576185912411
99.71610354188842
99.71637996796525
99.71669056372126
99.71698912393298
99.71728550662147
99.71756978595035
99.71791730832642
99.71826476950781
99.71852844006713
99.71870072269773
99.71887905899627
99.71903815895882
99.71890184944816
99.71809692603438
99.71622453612909
99.72054839674911
99.72172967500781
99.7223064799143
99.7227648501585
99.72320561987243
99.72364611566474
99.72408620194517
99.72451463052992
99.72494725926624
99.72540276899771
99.7257862571944
99.7261802445573
99.72658386073697
99.72697389515692
99.72738185131227
99.72773269869228
99.72808734372298
99.72841135096802
99.7287132344808
99.72904591368071
99.72924573425337
99.72949391691247
99.72966529625566
99.72982404438366
99.73003875438037
99.73009294939995
99.72979863302066
99.72915029518309
99.728096860444
99.72682531963618
99.73374408114148
99.73458448282273
99.73497883670585
99.73536175304437
99.73575428038257
99.73612951409666
99.73650958111628
99.73687075711402
99.73723906389647
99.73760795166234
99.73797053126987
99.73833665627502
99.73871160466973
99.73907313800441
99.73944167326849
99.73980845554013
99.74015548217054
99.74048735777703
99.74082084287804
99.74115132796135
99.74148161981132
99.74179571773071
99.7420721561715
99.74240356686924
99.74275604820528
99.74311181440373
99.74348074560608
99.74378526073238
99.74407398242369
99.74430203259608
99.74452517083353
99.74463501594087
99.74473459888848
99.74490721308726
99.74513174592263
99.74531308680241
99.7454548019884
99.74555496710887
99.74563829967667
99.74563961999156
99.74546835223603
99.74491759630013
99.74847651460831
99.74926355768623
99.74965740232656
99.74991983059734
99.75017859333337
99.75046271830716
99.75076713786693
99.75108570174875
99.75137945864438
99.75165665506366
99.75198915652652
99.75225922540064
99.7525973366996
99.75284379567084
99.75311868654589
99.75338923656524
99.75365312791916
99.75395601785691
99.75422242469344
99.75443686055404
99.7546876622034
99.75491844400946
99.75516248119828
99.75542975519215
99.75567943407552
99.75591771400062
99.75615668408537
99.75642411465498
99.75670400530402
99.75709411313318
99.75743698233461
99.75772855145472
99.75788120765986
99.75806460745193
99.75831407907738
99.75857495384656
99.7589329244236
99.75922651287273
99.75938384166612
99.75958832561385
99.75988303492743
99.76019140241385
99.7604230089263
99.76048781751288
99.76059177488276
99.76071515344478
99.76091746180336
99.76113960850728
99.76136952040878
99.76160820310466
99.76181793958757
99.76202148754109
99.76223784970747
99.76251576128153
99.76273022980234
99.76290754207243
99.76309157192833
99.76323917934235
99.76335099071764
99.76355464645307
99.76372538731309
99.76387163377134
99.76410911633513
99.76441013779299
99.7645713557746
99.76480764469596
99.76501312176843
99.76517640944036
99.76531348501302
99.76532782018508
99.76546423242183
99.76557209888321
99.76567457440157
99.76557715870467
99.76537525143334
99.76523029324251
99.76521539478286
99.76517435629862
99.76522617597
99.76517578248861
99.76998545812309
99.77027472463696
99.770476813575
99.77068747785611
99.77089591938237
99.7711043668163
99.77130871525115
99.77150826480332
99.77171384250869
99.7719228979766
99.77211488212976
99.77232704420786
99.7725390529357
99.77272987291983
99.7729500226024
99.77314077408809
99.77332638502271
99.77354987326261
99.77379545862114
99.77400453882485
99.77420509686526
99.77441397959568
99.77461387754765
99.77481052695279
99.77499420784184
99.77515226346297
99.77528412809164
99.77547058332294
99.77565939042815
99.77584794230184
99.77608718432576
99.7763194894374
99.77651411422912
99.77665230939239
99.77682727610944
99.77705804449751
99.77728653102834
99.77749938113068
99.7777164092466
99.77785641453197
99.77799613275903
99.77812744279811
99.77828922477326
99.77845312117893
99.77865459834322
99.77894267164193
99.779177762658
99.77938760248678
99.77958246461729
99.77976530179517
99.77992761979553
99.78003337031606
99.78012642206016
99.78022609069389
99.78036628344728
99.78055128073213
99.78084977425729
99.78116217487913
99.78139998679745
99.78163088293928
99.78183570847717
99.78198654866043
99.78212916870132
99.78226183792557
99.78236459135148
99.78249931110739
99.78274989484125
99.78299255372927
99.78320232822536
99.78339488550701
99.78357442442467
99.78376863533619
99.78397820014975
99.78419483020082
99.78438345240328
99.78453300574327
99.7846710083695
99.78469355079163
99.78465066324024
99.784657190522
99.78474513060732
99.78485648320749
99.78500449827578
99.78516119855874
99.78533892974991
99.78562593574544
99.78594836352758
99.78612314654629
99.78616797926233
99.78734612781622
99.78756035500027
99.78775723925295
99.78795278818015
99.78814581338766
99.78833711349624
99.78852371393677
99.78871136033301
99.78889569594378
99.78906838731227
99.78924858456173
99.78942374098204
99.78960431860392
99.7897803082735
99.78995622155541
99.7901380742398
99.79031037365928
99.79047958713426
99.79065398893047
99.79083131729584
99.7910163967925
99.7911914677467
99.7913413381974
99.7915120392303
99.79167985575144
99.79184339214605
99.79199137816191
99.79215574146376
99.7923275695279
99.79251837194616
99.79270331870444
99.79285146076751
99.79300360663429
99.79316724619703
99.79333724528331
99.79351138042496
99.79368837522318
99.79383268281966
99.7939892109589
99.79415146326323
99.79430902470693
99.79449799181091
99.7946797915984
99.79483657568022
99.79498137987078
99.79513870057009
99.79530324933937
99.79546022552512
99.79558248794615
99.79574976742592
99.7959322293007
99.79610614710344
99.79625776693436
99.79639652989718
99.79651147709231
99.79670448192707
99.79685218499488
99.796961993055
99.7971038547289
99.79730769585827
99.79749034739693
99.79763552750931
99.79776943481407
99.79788620707568
99.79806360619004
99.79825561560475
99.79843230816529
99.79859668763311
99.79874104837687
99.79889135114038
99.7990463080486
99.79919389636794
99.79932078726638
99.79946411182586
99.79962160666732
99.79979075329346
99.79993936224348
99.80008364109585
99.80021791852617
99.80036712429478
99.80053338247806
99.80068636977698
99.80083542098377
99.80098000008299
99.80113136725723
99.80126364729722
99.80139653537701
99.80154577724639
99.80170778445517
99.80186306736756
99.80200648054962
99.80213327326223
99.80226177106954
99.80233686445722
99.80251523393854
99.80267802765698
99.80284614590848
99.80299850505932
99.80314805249917
99.80345389021188
99.80358015788077
99.80370299635005
99.80383081335337
99.80395096499257
99.8040859165041
99.80421297074454
99.80433579589958
99.8044635420039
99.80459986445406
99.80472998032862
99.80484735560083
99.80496781768493
99.80509774686736
99.80523154641743
99.80535570655098
99.80547295027765
99.80559816240509
99.805729436947
99.8058603754967
99.80597693334707
99.80609848285536
99.80621388448685
99.80633977389327
99.80646578483
99.80659020911146
99.80671810668207
99.80684572800862
99.80695003367163
99.80706820069274
99.80720482397584
99.80733096251765
99.807456562242
99.80757006613564
99.80769840225702
99.80783177546496
99.8079707944491
99.80809686816387
99.80820649243236
99.80832378167487
99.80844884274302
99.80856399751316
99.80866991057644
99.80881290249619
99.8089521516909
99.80908332803666
99.8092002655655
99.80931177818208
99.8094273519433
99.80955318843779
99.80967566603434
99.80979978058734
99.8099217138693
99.81004488994184
99.81017076823866
99.81029444684128
99.81040255776075
99.81051884989431
99.81063441395915
99.81074082211046
99.81086909106604
99.8109931540753
99.81111356875493
99.81123293159071
99.81135122192106
99.81147077489332
99.81159564222776
99.811714112414
99.81182916690243
99.8119324618806
99.81204408094275
99.8121693050219
99.81230376340622
99.81245262231498
99.81257998775335
99.81269030737697
99.81277790752358
99.81288303217634
99.81298876568286
99.81310130467666
99.8132130026125
99.81330925481278
99.81341568734574
99.81353735088511
99.81364599976588
99.8142955268053
99.81440741587633
99.81460675375524
99.81472166506717
99.81485114880537
99.81497652232805
99.81509554275645
99.81520493566937
99.81529292358448
99.8155621455438
99.81566594712379
99.81576886624201
99.81587124282926
99.81597681785978
99.81608020572826
99.8161768105237
99.81627451022942
99.81636932458969
99.81648033146999
99.81658452752812
99.81667436765584
99.81678293335581
99.81688677189274
99.8169761868074
99.81707245454909
99.81717977580053
99.81727610783099
99.81737002581605
99.81747396624388
99.81757747397252
99.81766842267362
99.81775505288462
99.81786186301332
99.81796449491296
99.81806079687149
99.8181462581983
99.81824528387634
99.81835339177437
99.81844638981275
99.8185458060594
99.81862976254547
99.81872348893486
99.81884408617486
99.8189422706449
99.8190389495774
99.81913581366508
99.81922318106075
99.81932333880013
99.81940765683598
99.81948805037784
99.81958344139404
99.81969653886068
99.81978892927658
99.81988499423895
99.81997936975495
99.82006888204987
99.82014635315058
99.82022529619464
99.82032049526725
99.82043650604602
99.8205340886617
99.82062320890167
99.82071629527286
99.82078706677015
99.82089012405633
99.82099438797702
99.82108848054027
99.82118178693801
99.8212702976706
99.82136680264664
99.82147182132178
99.82155604196514
99.82164510242222
99.821731026583
99.82180128194054
99.82191698779963
99.8220158717528
99.82210645942176
99.82219814624716
99.82228953251906
99.82237819374642
99.82247733038628
99.82256493097455
99.82265593189364
99.8227485630539
99.82284057661491
99.82293196754185
99.82302557432989
99.82310193323278
99.82305807689461
99.82307110039062
99.82311282101625
99.82322806803998
99.82333345080998
99.82341657078241
99.82350751174329
99.82361058100837
99.82372703538115
99.82384196804765
99.82394022840086
99.8240950539614
99.82423232144319
99.82434284374393
99.82446905115357
99.8245629968174
99.82463326307823
99.82468774211794
99.82473605591548
99.82482421921713
99.82493882398427
99.82504606993675
99.82514643275576
99.82522259162414
99.82523034267663
99.82522514261753
99.82524372370509
99.82529646104666
99.82538548321051
99.82551363721225
99.82572931044167
99.8259248320211
99.82608226588688
99.82622080724587
99.82636052425964
99.82646908629673
99.82655097531213
99.8266267245426
99.8266627596068
99.8266755743453
99.82667839076008
99.8267071080702
99.82672373065617
99.82676492280683
99.8268036119378
99.8269518088474
99.82710881263411
99.82723179961667
99.82731071818624
99.82737171760647
99.82743869696178
99.82750128733029
99.82751570217332
99.82747582442589
99.82744718463722
99.82852620243344
99.82865439479595
99.82874524649654
99.82883389357129
99.82890628445242
99.82898378386489
99.82906752560211
99.82915053842567
99.82923452034552
99.8293182641711
99.82940228207265
99.82947961142034
99.82956111945191
99.82964458579937
99.8297280006378
99.82981182537483
99.82989116294483
99.82997538203433
99.8300541722983
99.83013693826146
99.83022525939113
99.83030356702137
99.830384894354
99.83046591623336
99.83054855716837
99.83063133106775
99.83071604779319
99.83079750519252
99.83088629439068
99.83096156060952
99.83104313923438
99.83112360518506
99.83120992255986
99.83129219594532
99.8313636645082
99.83144521173325
99.83152897625793
99.83160915222362
99.83169853220126
99.83179876816538
99.83187857704199
99.83194079893163
99.83200449726773
99.8320861132162
99.83216840284547
99.8322628039997
99.83235343558374
99.83242849315478
99.83248363021664
99.8325550073746
99.83264762652692
99.83274455283467
99.83282448264046
99.83289948733896
99.83294705416917
99.8330173183088
99.83310391014028
99.83321048684942
99.83332331674063
99.83340093172586
99.83347744674536
99.8335601426741
99.83363385617602
99.83369466643313
99.83373786620876
99.83382431672611
99.83393370420286
99.83403014554186
99.8341153913987
99.83419017864951
99.8342609657426
99.8343383225215
99.83441678125794
99.83450903685835
99.83457457407313
99.83464238440554
99.83470430380244
99.8347883275537
99.83488006311144
99.83496506363267
99.83505014765915
99.83511801050588
99.83518283984554
99.83521154052362
99.83528745288513
99.83537703393536
99.83545089584365
99.83556036573036
99.83566966529254
99.835758229691
99.83583881897154
99.8359098692551
99.83598948099765
99.83606221472128
99.83612551354912
99.83620293640324
99.83627043217118
99.83631756970908
99.83638044322726
99.83663207037125
99.8367050985989
99.83677026904903
99.83683745989823
99.83690746188454
99.83697370639958
99.83704293304864
99.83711408196345
99.8371819081552
99.83725342143214
99.8373195742
99.83738198547688
99.83745718014403
99.83752684842719
99.83759793631664
99.83766489852698
99.83771853254201
99.83778821303943
99.83785730290559
99.83792713802954
99.83799653148655
99.83806789323063
99.83813094190562
99.83819837859214
99.83826942813768
99.83833338676848
99.83840265066142
99.83847630898768
99.83853426290695
99.83859676684158
99.83867719316363
99.83874963675132
99.83881253531226
99.83887334503015
99.83894259695828
99.83902488527843
99.83909567740822
99.83914661693262
99.83921184979884
99.83929376489696
99.83936560944544
99.8394161217284
99.83947405074557
99.83954722609299
99.83963244294317
99.83969297177514
99.83975360261334
99.8398308463252
99.83990356865603
99.839964562295
99.84001649178171
99.84009637618983
99.84017036334663
99.8402324965293
99.8402799489355
99.8403452595904
99.84042479861752
99.84050006860895
99.84054941278045
99.84060308885098
99.8406829996663
99.84074737607472
99.84080761965643
99.84088768211808
99.84096024746488
99.8410181929134
99.84106865165333
99.84112629976207
99.84120248711288
99.8412742981891
99.84133595867075
99.84138944240857
99.8414560746096
99.84153246149886
99.8415956766986
99.84164960781146
99.84171402976104
99.84179533079525
99.84187421238349
99.84194082467877
99.84199747443321
99.84204597646362
99.84211450963024
99.84218235669923
99.84224563366705
99.84231555368508
99.84237936548492
99.84243780872222
99.84251140336924
99.8425805756913
99.84263419358349
99.84269971242857
99.84277247497786
99.84283676263522
99.84286891966185
99.8429400111551
99.84300814653704
99.84307160417097
99.84313423096755
99.84328752661362
99.84334968962254
99.84341662765753
99.84331584634538
99.84344686571461
99.84350350523815
99.84357748644113
99.843649811474
99.84373634014014
99.8438482095624
99.84395813322622
99.84404754120523
99.84412037815417
99.8441906586098
99.84425919912655
99.84432592529441
99.84439432896355
99.84446248082
99.84453149768562
99.84460153944869
99.84466712673868
99.84472993836594
99.84479416479533
99.84485352912431
99.8448995370259
99.84492501508724
99.84496817326216
99.84510937292657
99.84519408779433
99.8452646759135
99.84533066568255
99.84539585645477
99.84546210742909
99.84552815734202
99.84559479232537
99.84565954526326
99.8457202552096
99.84578026467408
99.8458395186836
99.84589767092223
99.84596921337274
99.84605585947025
99.84612818465973
99.8461949709687
99.84625929867664
99.84631825984104
99.84637168311801
99.846446621791
99.8465201167368
99.84659145630201
99.84665588625721
99.84672185357732
99.84677968561837
99.8468356127768
99.8469060678566
99.84697297310859
99.8470416439893
99.84711748367849
99.84718476567662
99.84724910093536
99.84730569780321
99.84736321730719
99.8474251815907
99.84748987799318
99.84755842534805
99.84763212812109
99.84771248822729
99.84776345478063
99.84781178748334
99.84787721871672
99.84794685178342
99.84801874136853
99.84807838334912
99.84813308046763
99.8481896862329
99.84824749427209
99.84830058025901
99.848387309226
99.8484643202563
99.8485378586014
99.84860665328648
99.84866779163426
99.8487274224171
99.8487860788175
99.84884328884807
99.84890630437245
99.84897312551529
99.84904762941011
99.84911023825616
99.84916429117222
99.8492224124546
99.84925525854685
99.84928999528657
99.84934553196078
99.84941436438957
99.84947721913952
99.84952425196482
99.84957450707114
99.84964447644137
99.84971466358094
99.84979149599882
99.84987650907378
99.84993390763731
99.85010109915747
99.85017033192912
99.85022871432203
99.85028784342158
99.85034467808454
99.85040640708893
99.85046317692952
99.85052190027912
99.85058254467727
99.85064128660191
99.85069871929319
99.85075939731549
99.85081643315891
99.85087588234538
99.85093295245628
99.85099963642796
99.85105911255333
99.85111568442436
99.85117512430548
99.85123553090007
99.851274004743
99.8513015858722
99.85133335013869
99.85136932071156
99.85141325861618
99.8514900302206
99.85160863335058
99.85169852986554
99.85176244222373
99.85182119772894
99.85187653842067
99.85193645651024
99.85199309664613
99.85204681228716
99.8520827167145
99.8521302245402
99.85218482709732
99.85226157031589
99.85234177718252
99.85240774462079
99.85246179409437
99.85251915476131
99.85258328818975
99.85263298828448
99.85268276702786
99.85274766932677
99.85281963054892
99.85287670552864
99.85293326187231
99.85299233324831
99.85304707188502
