0.038543060421943665
0.03826800361275673
0.03800502046942711
0.03775016590952873
0.037509188055992126
0.0372941680252552
0.03708783537149429
0.03688740357756615
0.03669270873069763
0.03650385141372681
0.03632021322846413
0.03614213317632675
0.035969968885183334
0.035803113132715225
0.03564213961362839
0.03548595309257507
0.035333458334207535
0.035185493528842926
0.035047803074121475
0.034914493560791016
0.03478466346859932
0.03465792164206505
0.034533560276031494
0.03441085293889046
0.03428949415683746
0.03416937217116356
0.034050263464450836
0.03393203020095825
0.033814914524555206
0.033699095249176025
0.03358481451869011
0.033472031354904175
0.033360958099365234
0.03325207903981209
0.033145442605018616
0.03304116427898407
0.03293950483202934
0.032840579748153687
0.03274453431367874
0.032651275396347046
0.03256092593073845
0.032474711537361145
0.03239249438047409
0.03231363743543625
0.03223809599876404
0.03216584771871567
0.032096631824970245
0.03203023970127106
0.031966518610715866
0.03433578461408615
0.03423226997256279
0.03413325920701027
0.03403962403535843
0.033950842916965485
0.03386589139699936
0.03378375619649887
0.03370390459895134
0.03362632542848587
0.0335511639714241
0.03347858414053917
0.03340737521648407
0.03333749994635582
0.03327018395066261
0.033204518258571625
0.03314001113176346
0.03307638317346573
0.033013325184583664
0.032950300723314285
0.03288703039288521
0.032823558896780014
0.032759714871644974
0.03269602358341217
0.03263295069336891
0.03257026523351669
0.03250817209482193
0.03244629502296448
0.03238470479846001
0.03232352063059807
0.03226272389292717
0.032202403992414474
0.03214244917035103
0.03208261355757713
0.03202279284596443
0.03196295350790024
0.03190336003899574
0.031843893229961395
0.03178417310118675
0.03172393888235092
0.03166298195719719
0.03160116448998451
0.03153841197490692
0.031474750488996506
0.031410008668899536
0.031343985348939896
0.03127666562795639
0.031208612024784088
0.031139684841036797
0.031069261953234673
0.030579224228858948
0.030085459351539612
0.029514389112591743
0.028867853805422783
0.0282062329351902
0.027638433501124382
0.02719889022409916
0.026886340230703354
0.02665739692747593
0.026486847549676895
0.02636084146797657
0.026267217472195625
0.026195470243692398
0.02613889053463936
0.026093751192092896
0.026056574657559395
0.02603287249803543
0.026014193892478943
0.02600177563726902
0.025983303785324097
0.025914451107382774
0.02588869072496891
0.025862889364361763
0.02584780380129814
0.025815075263381004
0.02579469606280327
0.025774860754609108
0.025755828246474266
0.025740521028637886
0.025736035779118538
0.02568765915930271
0.025667350739240646
0.025646602734923363
0.025625411421060562
0.02560296282172203
0.025580834597349167
0.02556300163269043
0.025555917993187904
0.025505799800157547
0.02548263967037201
0.025458786636590958
0.025434240698814392
0.025409052148461342
0.025383057072758675
0.025356125086545944
0.02532881125807762
0.02530226856470108
0.025280185043811798
0.025262419134378433
0.02520810440182686
0.025181038305163383
0.025153204798698425
0.025124521926045418
0.025094976648688316
0.025064505636692047
0.025033013895154
0.025000540539622307
0.024967335164546967
0.024933436885476112
0.02489905245602131
0.024864202365279198
0.024827828630805016
0.024800561368465424
0.024796735495328903
0.024718381464481354
0.02468940243124962
0.024660231545567513
0.024631217122077942
0.024602649733424187
0.024574322625994682
0.02454611472785473
0.024517979472875595
0.02449013851583004
0.02446257323026657
0.024435246363282204
0.024408008903265
0.024380991235375404
0.02435418590903282
0.024327632039785385
0.024301670491695404
0.0242758896201849
0.024250153452157974
0.024224640801548958
0.02420034632086754
0.024177780374884605
0.024158887565135956
0.024143636226654053
0.024133771657943726
0.024115843698382378
0.02410484105348587
0.024087022989988327
0.024077989161014557
0.02405061386525631
0.024044157937169075
0.024019360542297363
0.024013785645365715
0.023983966559171677
0.02397771179676056
0.023947859182953835
0.023935647681355476
0.02390705980360508
0.02387458086013794
0.02376633696258068
0.02375110052525997
0.023736122995615005
0.023721346631646156
0.02370673045516014
0.02369222231209278
0.023677783086895943
0.023663410916924477
0.023649070411920547
0.023634810000658035
0.02362060360610485
0.02360648475587368
0.023592403158545494
0.023578345775604248
0.0235642921179533
0.02355026639997959
0.023536259308457375
0.0235222689807415
0.023508263751864433
0.023494191467761993
0.023480083793401718
0.023465970531105995
0.023451926186680794
0.023437878116965294
0.023423830047249794
0.023409778252243996
0.023395631462335587
0.023381546139717102
0.0233675055205822
0.023353496566414833
0.023339474573731422
0.023324239999055862
0.02331029810011387
0.023296378552913666
0.023282451555132866
0.023268405348062515
0.023254241794347763
0.023240074515342712
0.023225892335176468
0.023211685940623283
0.02319745160639286
0.02318320982158184
0.023168936371803284
0.02315467968583107
0.02314057946205139
0.02312655560672283
0.02311241813004017
0.02309846691787243
0.023084355518221855
0.023070121183991432
0.02305591106414795
0.023041853681206703
0.023027775809168816
0.02301357127726078
0.022999204695224762
0.022984888404607773
0.02297060564160347
0.02295636013150215
0.022942131385207176
0.02292795293033123
0.022914713248610497
0.022903727367520332
0.022894354537129402
0.022886360064148903
0.022883931174874306
0.02287289872765541
0.022868743166327477
0.022854033857584
0.02285267598927021
0.02283741533756256
0.02283482439815998
0.022813141345977783
0.022812383249402046
0.022794431075453758
0.02279304526746273
0.022763065993785858
0.02275688387453556
0.022728659212589264
0.022728435695171356
0.02270231768488884
0.02260684221982956
0.022597594186663628
0.02258843556046486
0.022579258307814598
0.022570068016648293
0.02256087213754654
0.02255164459347725
0.022542357444763184
0.022533033043146133
0.022523649036884308
0.02251422591507435
0.022504756227135658
0.022495238110423088
0.02248563803732395
0.022475995123386383
0.022466301918029785
0.022456539794802666
0.022446708753705025
0.02243681065738201
0.0224259402602911
0.02241591177880764
0.022405793890357018
0.022395623847842216
0.022385388612747192
0.02237510122358799
0.022364767268300056
0.022354349493980408
0.02234385907649994
0.0223332978785038
0.02232266403734684
0.022311953827738762
0.02230118028819561
0.02229033224284649
0.02227940782904625
0.02226840890944004
0.02225733920931816
0.022246211767196655
0.02223501168191433
0.022223735228180885
0.022212393581867218
0.022200992330908775
0.0221895519644022
0.022178033366799355
0.022166451439261436
0.02215481549501419
0.02214311994612217
0.022131353616714478
0.022119516506791115
0.022107627242803574
0.0220956914126873
0.0220837090164423
0.02207164838910103
0.022059515118598938
0.022047312930226326
0.02203504927456379
0.022022733464837074
0.022010374814271927
0.021997947245836258
0.02198546566069126
0.02197292633354664
0.021960338577628136
0.0219477079808712
0.02193504199385643
0.02192234992980957
0.021909644827246666
0.02189689688384533
0.021884100511670113
0.021871259436011314
0.02185841277241707
0.02184436097741127
0.02183028683066368
0.021817343309521675
0.021804368123412132
0.021791361272335052
0.02177833579480648
0.021765297278761864
0.021752197295427322
0.021739056333899498
0.021725906059145927
0.02171274460852146
0.021699566394090652
0.0216863714158535
0.021673185750842094
0.021660014986991882
0.02164684608578682
0.02163366973400116
0.021620487794280052
0.021607259288430214
0.02159401774406433
0.021580761298537254
0.021567529067397118
0.021554280072450638
0.021541042253375053
0.021527832373976707
0.021514611318707466
0.02150135114789009
0.021488064900040627
0.021474746987223625
0.021461430937051773
0.021448111161589622
0.021434776484966278
0.02142142876982689
0.021408071741461754
0.021394722163677216
0.021381374448537827
0.021368032321333885
0.021354669705033302
0.021341362968087196
0.02132798358798027
0.021314585581421852
0.021301185712218285
0.02128778211772442
0.021274365484714508
0.021260930225253105
0.021247457712888718
0.021233953535556793
0.02122044749557972
0.02120690979063511
0.021193377673625946
0.0211798083037138
0.021166272461414337
0.02115270309150219
0.021139077842235565
0.02112537994980812
0.02111169509589672
0.021097948774695396
0.021084211766719818
0.021069204434752464
0.021054141223430634
0.02104032225906849
0.021026555448770523
0.02101266384124756
0.020998746156692505
0.020984822884202003
0.02097085490822792
0.02095682919025421
0.02094283141195774
0.02092927321791649
0.020915567874908447
0.020901648327708244
0.020888149738311768
0.02087554708123207
0.02086900733411312
0.02084345370531082
0.020830193534493446
0.020817114040255547
0.0208040289580822
0.020790932700037956
0.020777905359864235
0.020764825865626335
0.020751677453517914
0.02073855511844158
0.020725376904010773
0.02071208879351616
0.02069920115172863
0.020686350762844086
0.02067386917769909
0.02066200226545334
0.02065012790262699
0.02063993737101555
0.020629271864891052
0.02062184177339077
0.0206124447286129
0.020605605095624924
0.020591355860233307
0.020589156076312065
0.020577339455485344
0.020576994866132736
0.020562071353197098
0.020495712757110596
