(angulo obtido)={Acao Tomada}: Recompensa
 9,74,64}:0.8223888888888888
(-32.02,9.31)={99,100,64,75,75,75,85,89,64,99,74,64}:0.8221111111111111
(-31.97,9.26)={99,100,64,75,75,75,85,89,64,99,74,64}:0.8223888888888888
(-32.37,9.5)={99,100,64,75,75,75,85,89,64,99,74,64}:0.8201666666666667
(-32.4,9.48)={99,100,64,75,75,75,85,89,64,99,74,64}:0.8200000000000001
(-32.34,9.4)={99,100,64,75,75,75,85,89,64,99,74,64}:0.8203333333333334
(-32.43,9.26)={99,100,64,75,75,75,85,89,64,99,74,64}:0.8198333333333333
(-31.88,9.01)={99,100,64,75,75,75,85,89,64,99,74,64}:0.8228888888888889
(-31.98,9.03)={99,100,64,75,75,75,85,89,64,99,74,64}:0.8223333333333334
(-32.05,8.99)={99,100,64,75,75,75,85,89,64,99,74,64}:0.8219444444444445
(-32.14,8.91)={99,100,64,75,75,75,85,89,64,99,74,64}:0.8214444444444444
(-32.31,8.9)={99,100,64,75,75,75,85,89,64,99,74,64}:0.8205
(-32.25,8.97)={99,100,64,75,75,75,85,89,64,99,74,64}:0.8208333333333333
(-32.28,8.95)={99,100,64,75,75,75,85,89,64,99,74,64}:0.8206666666666667
(-32.31,8.97)={99,100,64,75,75,75,85,89,64,99,74,64}:0.8205
