b'Gyro range set to: +- 500 deg/s\r\n'
b'Filter bandwidth set to: 21 Hz\r\n'
b'\r\n'
b'Robo Inteligente Iniciado\r\n'
b'N T EM1 EM2 EM3 EM4 EM5 EM6 EM7 EM8 EM9 EM10 EM11 EM12 CM1 CM2 CM3 CM4 CM5 CM6 CM7 CM8 CM9 CM10 CM11 CM12 GyX GyY GyZ AcX AcY AcZ Tmp HCSR X Y Z\r\n'
b'{0 5535 93 93 93 93 93 93 93 93 93 93 93 93 90 90 90 90 90 90 90 90 90 90 90 90 -0.18 0.46 0.05 -0.27 -1.49 -11.32 28.62 33.09 4.99 -14.65 -138.84 }\r\n'
b'{1 5781 90 90 90 90 90 90 90 90 90 90 90 90 90 90 90 90 90 90 90 90 90 90 90 90 5.22 -2.24 -5.27 -0.49 -1.57 -11.31 28.62 32.02 6.15 -15.58 -139.87 }\r\n'
b'Accelerometer range set to: +-8G\r\n'
b'Accelerometer range set to: +-8G\r\n'
b'Gyro range set to: +- 500 deg/s\r\n'
b'Filter bandwidth set to: 21 Hz\r\n'
b'\r\n'
b'Robo Inteligente Iniciado\r\n'
b'N T EM1 EM2 EM3 EM4 EM5 EM6 EM7 EM8 EM9 EM10 EM11 EM12 CM1 CM2 CM3 CM4 CM5 CM6 CM7 CM8 CM9 CM10 CM11 CM12 GyX GyY GyZ AcX AcY AcZ Tmp HCSR X Y Z\r\n'
b'{0 5534 93 93 93 93 93 93 93 93 93 93 93 93 90 90 90 90 90 90 90 90 90 90 90 90 0.90 -0.53 -1.24 1.27 -0.39 -11.39 29.52 13.63 12.07 -10.66 -144.05 }\r\n'
b'{1 5780 90 90 90 90 90 90 90 90 90 90 90 90 90 90 90 90 90 90 90 90 90 90 90 90 -1436.10 34.82 0.00 0.00 0.34 -137.29 37.06 14.14 13.78 -5.25 -144.05 }\r\n'
b'{2 6022 90 90 90 90 90 90 90 90 90 90 90 90 90 90 90 90 90 90 90 90 90 90 90 90 -983.41 34.82 0.00 0.00 2.41 4.90 37.06 14.21 15.47 0.06 -144.06 }\r\n'
b'Mensagem recebida: {150 150 100 100 130 130  40 130 100 150 130 110} \r\n'
b'Feedback: {150 150 100 100 130 130  40 130 100 150 130 110} \r\n'
b'(Feedback) Mensagem tratada:{150 150 100 100 130 130  40 130 100 150 130 110}\r\n'
b'{3 6258 90 90 90 90 90 90 90 90 90 90 90 90 150 150 100 100 130 130 40 130 100 150 130 110 -1092.68 34.82 0.00 0.00 0.70 -29.42 37.06 13.52 17.12 5.26 -144.06 }\r\n'
b'{4 6729 100 100 100 100 100 100 80 100 100 100 100 100 150 150 100 100 130 130 40 130 100 150 130 110 327.80 34.82 0.00 0.00 0.92 102.97 37.06 14.48 18.73 10.36 -144.07 }\r\n'
b'{5 6991 110 110 100 100 110 110 70 110 100 110 110 110 150 150 100 100 130 130 40 130 100 150 130 110 -374.63 34.82 0.00 0.00 2.14 -117.68 37.06 14.10 20.31 15.35 -144.07 }\r\n'
b'{6 7255 120 120 100 100 120 120 60 120 100 120 120 110 150 150 100 100 130 130 40 130 100 150 130 110 -54.03 -21.51 5.91 0.56 -0.90 -11.03 29.57 15.04 5.43 8.64 -142.36 }\r\n'
b'{7 7522 130 130 100 100 130 130 50 130 100 130 130 110 150 150 100 100 130 130 40 130 100 150 130 110 -192.13 -83.48 35.91 -3.79 30.76 -64.30 29.57 21.30 5.35 12.64 -143.41 }\r\n'
b'{8 7793 140 140 100 100 130 130 40 130 100 140 130 110 150 150 100 100 130 130 40 130 100 150 130 110 -1002.99 -1002.99 -1002.99 0.92 19.57 -9.85 -11.85 20.49 11.61 11.02 -144.96 }\r\n'
b'{9 8071 150 150 100 100 130 130 40 130 100 150 130 110 150 150 100 100 130 130 40 130 100 150 130 110 -1.16 2.52 3.50 0.92 2.05 -11.34 29.57 20.65 18.90 11.40 -143.66 }\r\n'
b'{10 8336 150 150 100 100 130 130 40 130 100 150 130 110 150 150 100 100 130 130 40 130 100 150 130 110 -0.72 0.49 -0.64 1.13 2.21 -11.02 29.52 21.20 25.46 11.34 -143.91 }\r\n'
b'Accelerometer range set to: +-8G\r\n'
b'Gyro range set to: +- 500 deg/s\r\n'
b'Filter bandwidth set to: 21 Hz\r\n'
b'\r\n'
b'Robo Inteligente Iniciado\r\n'
b'N T EM1 EM2 EM3 EM4 EM5 EM6 EM7 EM8 EM9 EM10 EM11 EM12 CM1 CM2 CM3 CM4 CM5 CM6 CM7 CM8 CM9 CM10 CM11 CM12 GyX GyY GyZ AcX AcY AcZ Tmp HCSR X Y Z\r\n'
b'{0 5535 93 93 93 93 93 93 93 93 93 93 93 93 90 90 90 90 90 90 90 90 90 90 90 90 3.11 0.49 -0.60 0.95 -0.84 -11.67 29.75 14.28 18.97 -20.68 -142.09 }\r\n'
b'{1 5779 90 90 90 90 90 90 90 90 90 90 90 90 90 90 90 90 90 90 90 90 90 90 90 90 -0.11 -2.31 0.89 0.47 -1.24 -11.74 29.80 15.08 18.27 -27.98 -141.78 }\r\n'
b'{2 6025 90 90 90 90 90 90 90 90 90 90 90 90 90 90 90 90 90 90 90 90 90 90 90 90 -3.02 -0.92 1.13 0.33 -1.05 -11.61 29.80 14.43 17.51 -34.88 -141.57 }\r\n'
b'{3 6269 90 90 90 90 90 90 90 90 90 90 90 90 90 90 90 90 90 90 90 90 90 90 90 90 -3.31 0.02 0.32 -0.02 -0.96 -11.40 29.80 14.95 17.06 -41.21 -141.61 }\r\n'
b'{4 6515 90 90 90 90 90 90 90 90 90 90 90 90 90 90 90 90 90 90 90 90 90 90 90 90 -1.42 0.90 0.20 -0.01 -0.98 -11.46 29.75 14.57 16.81 -40.19 -141.55 }\r\n'
b'Mensagem recebida: {150 150 100 100 130 130  40 130 100 150 130 110} \r\n'
b'Feedback: {150 150 100 100 130 130  40 130 100 150 130 110} \r\n'
b'(Feedback) Mensagem tratada:{150 150 100 100 130 130  40 130 100 150 130 110}\r\n'
b'{5 6760 90 90 90 90 90 90 90 90 90 90 90 90 150 150 100 100 130 130 40 130 100 150 130 110 -0.53 1.13 -0.03 0.10 -0.82 -11.31 29.85 14.34 16.75 -46.40 -141.49 }\r\n'
b'Accelerometer range set to: +-8G\r\n'
b'Gyro range set to: +- 500 deg/s\r\n'
b'Filter bandwidth set to: 21 Hz\r\n'
b'\r\n'
b'Robo Inteligente Iniciado\r\n'
b'N T EM1 EM2 EM3 EM4 EM5 EM6 EM7 EM8 EM9 EM10 EM11 EM12 CM1 CM2 CM3 CM4 CM5 CM6 CM7 CM8 CM9 CM10 CM11 CM12 GyX GyY GyZ AcX AcY AcZ Tmp HCSR X Y Z\r\n'
b'{0 534 93 93 93 93 93 93 93 93 93 93 93 93 90 90 90 90 90 90 90 90 90 90 90 90 -13.18 -16.47 -4.46 0.48 -1.28 -8.65 30.04 14.39 91.42 -111.76 -139.90 }\r\n'
b'{9 733 90 90 90 90 90 90 90 90 90 90 90 90 90 90 90 90 90 90 90 90 90 90 90 90 -952.20 34.82 0.00 0.00 0.32 14.71 37.06 15.35 92.53 -109.75 -139.90 }\r\n'
b'{18 889 90 90 90 90 90 90 90 90 90 90 90 90 90 90 90 90 90 90 90 90 90 90 90 90 62.44 34.82 0.00 0.00 0.79 19.61 37.06 15.13 93.45 -108.08 -139.91 }\r\n'
b'{27 1045 90 90 90 90 90 90 90 90 90 90 90 90 90 90 90 90 90 90 90 90 90 90 90 90 733.66 34.82 0.00 0.00 0.02 -83.36 37.06 15.15 94.22 -106.68 -139.91 }\r\n'
b'{36 1204 90 90 90 90 90 90 90 90 90 90 90 90 90 90 90 90 90 90 90 90 90 90 90 90 -1545.37 34.82 0.00 0.00 1.77 142.20 37.06 14.63 94.86 -105.51 -139.91 }\r\n'
b'{44 1359 90 90 90 90 90 90 90 90 90 90 90 90 90 90 90 90 90 90 90 90 90 90 90 90 327.80 34.82 0.00 0.00 2.22 102.97 37.06 15.15 95.34 -104.64 -139.91 }\r\n'
b'{53 1524 90 90 90 90 90 90 90 90 90 90 90 90 90 90 90 90 90 90 90 90 90 90 90 90 1763.90 34.82 0.00 0.00 0.41 -73.55 37.06 14.61 95.80 -103.81 -139.92 }\r\n'
b'{61 1684 90 90 90 90 90 90 90 90 90 90 90 90 90 90 90 90 90 90 90 90 90 90 90 90 -0.89 0.35 -0.02 1.43 -0.15 -11.39 30.08 15.30 92.59 -113.59 -139.92 }\r\n'
b'{66 1841 90 90 90 90 90 90 90 90 90 90 90 90 90 90 90 90 90 90 90 90 90 90 90 90 -0.95 0.53 -0.05 1.42 -0.15 -11.43 30.08 15.15 84.41 -137.45 -139.90 }\r\n'
b'{71 1999 90 90 90 90 90 90 90 90 90 90 90 90 90 90 90 90 90 90 90 90 90 90 90 90 -0.96 0.32 0.05 1.41 -0.14 -11.41 30.10 14.61 77.04 -159.02 -139.89 }\r\n'
b'Accelerometer range set to: +-8G\r\n'
b'Gyro range set to: +- 500 deg/s\r\n'
b'Filter bandwidth set to: 21 Hz\r\n'
b'\r\n'
b'Robo Inteligente Iniciado\r\n'
b'N T EM1 EM2 EM3 EM4 EM5 EM6 EM7 EM8 EM9 EM10 EM11 EM12 CM1 CM2 CM3 CM4 CM5 CM6 CM7 CM8 CM9 CM10 CM11 CM12 GyX GyY GyZ AcX AcY AcZ Tmp HCSR X Y Z\r\n'
b'{0 530 93 93 93 93 93 93 93 93 93 93 93 93 90 90 90 90 90 90 90 90 90 90 90 90 -671.22 34.82 0.00 0.00 0.21 102.97 37.06 23.15 -7.70 -17.29 -140.77 }\r\n'
b'{5 730 90 90 90 90 90 90 90 90 90 90 90 90 90 90 90 90 90 90 90 90 90 90 90 90 -4.70 -4.03 -4.82 1.50 1.57 -11.03 30.33 23.11 -5.38 -50.43 -142.97 }\r\n'
b'{10 884 90 90 90 90 90 90 90 90 90 90 90 90 90 90 90 90 90 90 90 90 90 90 90 90 -0.29 1.08 -0.99 1.33 1.46 -11.34 30.33 24.24 -4.91 -80.52 -144.40 }\r\n'
b'{15 1041 90 90 90 90 90 90 90 90 90 90 90 90 90 90 90 90 90 90 90 90 90 90 90 90 -1.06 0.52 0.38 1.56 1.53 -11.31 30.33 24.22 -4.72 -107.36 -144.50 }\r\n'
b'{20 1198 90 90 90 90 90 90 90 90 90 90 90 90 90 90 90 90 90 90 90 90 90 90 90 90 -0.67 0.33 0.34 1.55 1.57 -11.31 30.33 24.09 -4.57 -131.53 -144.48 }\r\n'
b'{25 1355 90 90 90 90 90 90 90 90 90 90 90 90 90 90 90 90 90 90 90 90 90 90 90 90 -0.61 0.29 0.05 1.59 1.59 -11.28 30.34 24.36 -4.51 -153.32 -144.44 }\r\n'
b'{30 1512 90 90 90 90 90 90 90 90 90 90 90 90 90 90 90 90 90 90 90 90 90 90 90 90 -0.88 0.34 -0.14 1.57 1.58 -11.27 30.33 24.22 -4.43 -173.08 -144.40 }\r\n'
b'{35 1670 90 90 90 90 90 90 90 90 90 90 90 90 90 90 90 90 90 90 90 90 90 90 90 90 -0.89 0.29 0.17 1.60 1.55 -11.28 30.33 24.09 -4.30 169.04 -144.41 }\r\n'
b'{40 1826 90 90 90 90 90 90 90 90 90 90 90 90 90 90 90 90 90 90 90 90 90 90 90 90 -0.84 0.28 0.40 1.62 1.54 -11.24 30.34 24.20 -4.21 152.88 -144.38 }\r\n'
b'{45 1982 90 90 90 90 90 90 90 90 90 90 90 90 90 90 90 90 90 90 90 90 90 90 90 90 -0.85 0.30 0.45 1.60 1.56 -11.29 30.35 24.22 -4.13 138.23 -144.36 }\r\n'
b'{50 2138 90 90 90 90 90 90 90 90 90 90 90 90 90 90 90 90 90 90 90 90 90 90 90 90 -0.73 0.24 0.29 1.57 1.53 -11.34 30.34 24.07 -4.05 125.03 -144.35 }\r\n'
b'{55 2294 90 90 90 90 90 90 90 90 90 90 90 90 90 90 90 90 90 90 90 90 90 90 90 90 -0.60 0.35 0.31 1.60 1.52 -11.29 30.34 24.36 -3.99 113.13 -144.31 }\r\n'
b'{60 2450 90 90 90 90 90 90 90 90 90 90 90 90 90 90 90 90 90 90 90 90 90 90 90 90 -0.95 0.44 0.20 1.56 1.57 -11.26 30.34 24.20 -3.96 102.35 -144.30 }\r\n'
b'{65 2606 90 90 90 90 90 90 90 90 90 90 90 90 90 90 90 90 90 90 90 90 90 90 90 90 -0.98 0.63 0.47 1.58 1.58 -11.25 30.36 24.09 -3.91 92.61 -144.26 }\r\n'
b'{70 2761 90 90 90 90 90 90 90 90 90 90 90 90 90 90 90 90 90 90 90 90 90 90 90 90 -0.88 0.28 0.42 1.60 1.54 -11.31 30.33 24.74 -3.86 83.80 -144.21 }\r\n'
b'{75 2916 90 90 90 90 90 90 90 90 90 90 90 90 90 90 90 90 90 90 90 90 90 90 90 90 -0.57 0.34 0.36 1.61 1.54 -11.30 30.35 24.36 -3.84 75.87 -144.19 }\r\n'
b'{80 3070 90 90 90 90 90 90 90 90 90 90 90 90 90 90 90 90 90 90 90 90 90 90 90 90 -0.89 0.53 0.34 1.58 1.56 -11.26 30.35 24.22 -3.81 68.65 -144.18 }\r\n'
b'{85 3226 90 90 90 90 90 90 90 90 90 90 90 90 90 90 90 90 90 90 90 90 90 90 90 90 -0.83 0.53 0.47 1.61 1.52 -11.28 30.35 24.22 -3.77 62.14 -144.13 }\r\n'
b'{90 3381 90 90 90 90 90 90 90 90 90 90 90 90 90 90 90 90 90 90 90 90 90 90 90 90 -0.78 0.46 0.59 1.58 1.54 -11.29 30.34 24.15 -3.75 56.24 -144.09 }\r\n'
b'{95 3535 90 90 90 90 90 90 90 90 90 90 90 90 90 90 90 90 90 90 90 90 90 90 90 90 -0.95 0.55 0.38 1.57 1.52 -11.27 30.36 24.25 -3.74 50.92 -144.06 }\r\n'
b'{100 3690 90 90 90 90 90 90 90 90 90 90 90 90 90 90 90 90 90 90 90 90 90 90 90 90 -0.90 0.39 0.40 1.56 1.56 -11.27 30.34 24.20 -3.73 46.13 -143.98 }\r\n'
b'{105 3847 90 90 90 90 90 90 90 90 90 90 90 90 90 90 90 90 90 90 90 90 90 90 90 90 -0.78 0.49 0.56 1.59 1.54 -11.27 30.36 24.20 -3.77 41.80 -143.91 }\r\n'
b'{110 4002 90 90 90 90 90 90 90 90 90 90 90 90 90 90 90 90 90 90 90 90 90 90 90 90 -1.16 0.49 0.49 1.58 1.55 -11.33 30.34 24.11 -3.75 37.84 -143.85 }\r\n'
b'{115 4159 90 90 90 90 90 90 90 90 90 90 90 90 90 90 90 90 90 90 90 90 90 90 90 90 -0.84 0.35 0.54 1.53 1.50 -11.31 30.38 24.22 -3.70 34.25 -143.81 }\r\n'
b'{120 4315 90 90 90 90 90 90 90 90 90 90 90 90 90 90 90 90 90 90 90 90 90 90 90 90 -0.66 0.27 0.61 1.56 1.54 -11.26 30.36 24.25 -3.73 31.05 -143.77 }\r\n'
b'{125 4470 90 90 90 90 90 90 90 90 90 90 90 90 90 90 90 90 90 90 90 90 90 90 90 90 -0.92 0.47 0.37 1.59 1.57 -11.29 30.36 24.09 -3.76 28.17 -143.71 }\r\n'
b'{130 4626 90 90 90 90 90 90 90 90 90 90 90 90 90 90 90 90 90 90 90 90 90 90 90 90 -1.08 0.42 0.32 1.60 1.51 -11.31 30.35 24.20 -3.72 25.52 -143.61 }\r\n'
b'Accelerometer range set to: +-8G\r\n'
b'Gyro range set to: +- 500 deg/s\r\n'
b'Filter bandwidth set to: 21 Hz\r\n'
b'\r\n'
b'Robo Inteligente Iniciado\r\n'
b'N T EM1 EM2 EM3 EM4 EM5 EM6 EM7 EM8 EM9 EM10 EM11 EM12 CM1 CM2 CM3 CM4 CM5 CM6 CM7 CM8 CM9 CM10 CM11 CM12 GyX GyY GyZ AcX AcY AcZ Tmp HCSR X Y Z\r\n'
b'{0 532 93 93 93 93 93 93 93 93 93 93 93 93 90 90 90 90 90 90 90 90 90 90 90 90 -1295.61 34.82 0.00 0.00 0.24 -93.16 37.06 25.03 98.09 -99.65 -139.30 }\r\n'
b'{4 719 90 90 90 90 90 90 90 90 90 90 90 90 90 90 90 90 90 90 90 90 90 90 90 90 -2.20 0.05 -6.46 1.46 2.54 -11.18 30.50 25.43 117.34 -120.41 -140.34 }\r\n'
b'{9 882 90 90 90 90 90 90 90 90 90 90 90 90 90 90 90 90 90 90 90 90 90 90 90 90 -0.58 1.60 -1.76 1.13 2.17 -11.11 30.51 28.02 135.43 -138.82 -140.43 }\r\n'
b'{14 1045 90 90 90 90 90 90 90 90 90 90 90 90 90 90 90 90 90 90 90 90 90 90 90 90 -0.79 0.31 0.27 1.05 2.36 -11.19 30.49 25.41 156.42 -160.30 -140.47 }\r\n'
b'Accelerometer range set to: +-8G\r\n'
b'Gyro range set to: +- 500 deg/s\r\n'
b'Filter bandwidth set to: 21 Hz\r\n'
b'\r\n'
b'Robo Inteligente Iniciado\r\n'
b'N T EM1 EM2 EM3 EM4 EM5 EM6 EM7 EM8 EM9 EM10 EM11 EM12 CM1 CM2 CM3 CM4 CM5 CM6 CM7 CM8 CM9 CM10 CM11 CM12 GyX GyY GyZ AcX AcY AcZ Tmp HCSR X Y Z\r\n'
b'{0 544 93 93 93 93 93 93 93 93 93 93 93 93 90 90 90 90 90 90 90 90 90 90 90 90 1.16 0.58 -31.30 3.06 6.38 -23.40 30.56 26.77 107.47 -110.70 -140.34 }\r\n'
b'{5 741 90 90 90 90 90 90 90 90 90 90 90 90 90 90 90 90 90 90 90 90 90 90 90 90 -5.18 -3.39 -4.26 1.67 2.50 -10.94 30.55 26.75 130.20 -135.23 -141.59 }\r\n'
b'{10 898 90 90 90 90 90 90 90 90 90 90 90 90 90 90 90 90 90 90 90 90 90 90 90 90 -0.11 1.66 0.03 1.28 2.54 -11.09 30.56 25.74 151.33 -157.14 -142.17 }\r\n'
b'{15 1054 90 90 90 90 90 90 90 90 90 90 90 90 90 90 90 90 90 90 90 90 90 90 90 90 -0.79 0.35 -0.11 1.08 2.55 -11.12 30.57 26.06 170.63 -176.81 -142.16 }\r\n'
b'{20 1213 90 90 90 90 90 90 90 90 90 90 90 90 90 90 90 90 90 90 90 90 90 90 90 90 -0.78 0.32 0.00 1.13 2.57 -11.14 30.56 25.58 -171.92 165.42 -142.16 }\r\n'
b'{25 1372 90 90 90 90 90 90 90 90 90 90 90 90 90 90 90 90 90 90 90 90 90 90 90 90 -0.82 0.21 -0.06 1.12 2.57 -11.12 30.58 25.58 -156.16 149.37 -142.16 }\r\n'
