

Accelerometer range set to: +-8G
Gyro range set to: +- 500 deg/s
Filter bandwidth set to: 21 Hz

Robo Inteligente Iniciado
EM1 EM2 EM3 EM4 EM5 EM6 EM7 EM8 EM9 EM10 EM11 EM12 CM1 CM2 CM3 CM4 CM5 CM6 CM7 CM8 CM9 CM10 CM11 CM12 AcX AcY AcZ  GyX GyY GyZ HCSR Tmp 
0 547 93 93 93 93 93 93 93 93 93 93 93 93 90 90 90 90 90 90 90 90 90 90 90 90 -0.03 -0.06 -0.14 -0.78 -1.16 -10.26 23.79 26.17 
1 1940 90 90 90 90 90 90 90 90 90 90 90 90 90 90 90 90 90 90 90 90 90 90 90 90 -0.02 0.02 -0.03 -0.11 -1.33 -10.34 23.98 27.62 
2 3379 90 90 90 90 90 90 90 90 90 90 90 90 90 90 90 90 90 90 90 90 90 90 90 90 -0.04 0.02 0.02 -0.20 -1.26 -10.36 24.07 26.64 
3 4794 90 90 90 90 90 90 90 90 90 90 90 90 90 90 90 90 90 90 90 90 90 90 90 90 -0.04 0.02 0.02 -0.14 -1.28 -10.40 24.12 27.13 
4 5814 90 90 90 90 90 90 90 90 90 90 90 90 90 90 90 90 90 90 90 90 90 90 90 90 -0.05 0.01 0.02 -0.23 -1.17 -10.32 24.15 27.15 
5 7131 90 90 90 90 90 90 90 90 90 90 90 90 90 90 90 90 90 90 90 90 90 90 90 90 -0.05 0.01 0.02 -0.18 -1.21 -10.33 24.17 26.99 
6 8289 90 90 90 90 90 90 90 90 90 90 90 90 90 90 90 90 90 90 90 90 90 90 90 90 -0.05 0.01 0.02 -0.15 -1.22 -10.37 24.21 27.10 
7 9345 90 90 90 90 90 90 90 90 90 90 90 90 90 90 90 90 90 90 90 90 90 90 90 90 -0.05 0.01 0.02 -0.15 -1.27 -10.45 24.21 27.10 
8 10568 90 90 90 90 90 90 90 90 90 90 90 90 90 90 90 90 90 90 90 90 90 90 90 90 -0.04 0.02 0.03 -0.21 -1.17 -10.31 24.25 27.10 
9 11897 90 90 90 90 90 90 90 90 90 90 90 90 90 90 90 90 90 90 90 90 90 90 90 90 -0.05 0.01 0.03 -0.20 -1.20 -10.37 24.26 27.51 
10 13030 90 90 90 90 90 90 90 90 90 90 90 90 90 90 90 90 90 90 90 90 90 90 90 90 -0.04 0.02 0.02 -0.25 -1.21 -10.33 24.29 27.10 
11 14466 90 90 90 90 90 90 90 90 90 90 90 90 90 90 90 90 90 90 90 90 90 90 90 90 -0.05 0.01 0.03 -0.19 -1.19 -10.34 24.33 27.11 
12 15466 90 90 90 90 90 90 90 90 90 90 90 90 90 90 90 90 90 90 90 90 90 90 90 90 -0.05 0.01 0.02 -0.12 -1.27 -10.41 24.33 26.99 
13 16932 90 90 90 90 90 90 90 90 90 90 90 90 90 90 90 90 90 90 90 90 90 90 90 90 -0.05 0.01 0.02 -0.15 -1.24 -10.38 24.33 26.93 
14 18269 90 90 90 90 90 90 90 90 90 90 90 90 90 90 90 90 90 90 90 90 90 90 90 90 -0.04 0.02 0.02 -0.25 -1.19 -10.30 24.35 26.99 
15 19835 90 90 90 90 90 90 90 90 90 90 90 90 90 90 90 90 90 90 90 90 90 90 90 90 -0.04 0.02 0.02 -0.25 -1.23 -10.30 24.39 26.99 
16 20788 90 90 90 90 90 90 90 90 90 90 90 90 90 90 90 90 90 90 90 90 90 90 90 90 -0.04 0.01 0.03 -0.24 -1.17 -10.30 24.37 27.10 
17 21870 90 90 90 90 90 90 90 90 90 90 90 90 90 90 90 90 90 90 90 90 90 90 90 90 -0.04 0.02 0.02 -0.22 -1.20 -10.41 24.39 26.99 
18 23235 90 90 90 90 90 90 90 90 90 90 90 90 90 90 90 90 90 90 90 90 90 90 90 90 -0.04 0.02 0.02 -0.19 -1.20 -10.31 24.40 26.99 
19 24259 90 90 90 90 90 90 90 90 90 90 90 90 90 90 90 90 90 90 90 90 90 90 90 90 -0.05 0.01 0.03 -0.14 -1.21 -10.44 24.42 26.99 
20 25309 90 90 90 90 90 90 90 90 90 90 90 90 90 90 90 90 90 90 90 90 90 90 90 90 -0.05 0.01 0.02 -0.12 -1.28 -10.43 24.43 26.99 
21 26852 90 90 90 90 90 90 90 90 90 90 90 90 90 90 90 90 90 90 90 90 90 90 90 90 -0.04 0.02 0.02 -0.27 -1.19 -10.30 24.44 26.92 
22 28088 90 90 90 90 90 90 90 90 90 90 90 90 90 90 90 90 90 90 90 90 90 90 90 90 -0.05 0.01 0.02 -0.10 -1.25 -10.43 24.44 27.11 
23 29170 90 90 90 90 90 90 90 90 90 90 90 90 90 90 90 90 90 90 90 90 90 90 90 90 -0.05 0.01 0.02 -0.19 -1.20 -10.33 24.47 26.99 
24 30659 90 90 90 90 90 90 90 90 90 90 90 90 90 90 90 90 90 90 90 90 90 90 90 90 -0.04 0.02 0.02 -0.21 -1.26 -10.40 24.49 26.99 
25 31973 90 90 90 90 90 90 90 90 90 90 90 90 90 90 90 90 90 90 90 90 90 90 90 90 -0.04 0.02 0.03 -0.23 -1.25 -10.36 24.49 26.99 
26 33232 90 90 90 90 90 90 90 90 90 90 90 90 90 90 90 90 90 90 90 90 90 90 90 90 -0.04 0.02 0.02 -0.24 -1.20 -10.34 24.50 27.10 
27 34439 90 90 90 90 90 90 90 90 90 90 90 90 90 90 90 90 90 90 90 90 90 90 90 90 -0.04 0.02 0.02 -0.24 -1.21 -10.32 24.51 26.54 
28 35453 90 90 90 90 90 90 90 90 90 90 90 90 90 90 90 90 90 90 90 90 90 90 90 90 -0.05 0.01 0.02 -0.16 -1.22 -10.39 24.52 26.66 
29 36752 90 90 90 90 90 90 90 90 90 90 90 90 90 90 90 90 90 90 90 90 90 90 90 90 -0.05 0.01 0.02 -0.23 -1.22 -10.35 24.51 26.66 
30 37857 90 90 90 90 90 90 90 90 90 90 90 90 90 90 90 90 90 90 90 90 90 90 90 90 -0.05 0.01 0.02 -0.19 -1.22 -10.42 24.52 26.64 
31 39131 90 90 90 90 90 90 90 90 90 90 90 90 90 90 90 90 90 90 90 90 90 90 90 90 -0.04 0.02 0.02 -0.14 -1.24 -10.37 24.54 26.64 
32 40504 90 90 90 90 90 90 90 90 90 90 90 90 90 90 90 90 90 90 90 90 90 90 90 90 -0.04 0.02 0.02 -0.28 -1.21 -10.29 24.55 26.55 
33 41598 90 90 90 90 90 90 90 90 90 90 90 90 90 90 90 90 90 90 90 90 90 90 90 90 -0.04 0.02 0.02 -0.24 -1.22 -10.31 24.54 26.64 
34 42905 90 90 90 90 90 90 90 90 90 90 90 90 90 90 90 90 90 90 90 90 90 90 90 90 -0.04 0.02 0.02 -0.23 -1.24 -10.32 24.54 26.64 
35 44062 90 90 90 90 90 90 90 90 90 90 90 90 90 90 90 90 90 90 90 90 90 90 90 90 -0.04 0.02 0.02 -0.27 -1.21 -10.32 24.56 27.10 
36 45228 90 90 90 90 90 90 90 90 90 90 90 90 90 90 90 90 90 90 90 90 90 90 90 90 -0.05 0.01 0.02 -0.23 -1.22 -10.31 24.57 26.70 
37 46759 90 90 90 90 90 90 90 90 90 90 90 90 90 90 90 90 90 90 90 90 90 90 90 90 -0.05 0.01 0.02 -0.14 -1.23 -10.42 24.57 26.54 
38 48051 90 90 90 90 90 90 90 90 90 90 90 90 90 90 90 90 90 90 90 90 90 90 90 90 -0.04 0.01 0.02 -0.30 -1.18 -10.30 24.59 26.81 
39 49211 90 90 90 90 90 90 90 90 90 90 90 90 90 90 90 90 90 90 90 90 90 90 90 90 -0.05 0.01 0.02 -0.22 -1.21 -10.34 24.58 26.68 
40 50516 90 90 90 90 90 90 90 90 90 90 90 90 90 90 90 90 90 90 90 90 90 90 90 90 -0.04 0.01 0.03 -0.26 -1.18 -10.30 24.60 26.64 
41 51556 90 90 90 90 90 90 90 90 90 90 90 90 90 90 90 90 90 90 90 90 90 90 90 90 -0.04 0.02 0.02 -0.27 -1.19 -10.35 24.61 26.54 
42 52811 90 90 90 90 90 90 90 90 90 90 90 90 90 90 90 90 90 90 90 90 90 90 90 90 -0.04 0.02 0.03 -0.26 -1.19 -10.25 24.58 26.81 
43 53704 90 90 90 90 90 90 90 90 90 90 90 90 90 90 90 90 90 90 90 90 90 90 90 90 -0.04 0.02 0.03 -0.24 -1.22 -10.30 24.60 26.54 
44 55032 90 90 90 90 90 90 90 90 90 90 90 90 90 90 90 90 90 90 90 90 90 90 90 90 -0.05 0.01 0.03 -0.20 -1.20 -10.40 24.61 26.68 
45 56207 90 90 90 90 90 90 90 90 90 90 90 90 90 90 90 90 90 90 90 90 90 90 90 90 -0.04 0.02 0.02 -0.14 -1.23 -10.39 24.63 26.55 
46 57295 90 90 90 90 90 90 90 90 90 90 90 90 90 90 90 90 90 90 90 90 90 90 90 90 -0.05 0.01 0.02 -0.15 -1.22 -10.42 24.61 26.64 
47 58610 90 90 90 90 90 90 90 90 90 90 90 90 90 90 90 90 90 90 90 90 90 90 90 90 -0.05 0.02 0.02 -0.13 -1.24 -10.38 24.64 27.11 
48 59755 90 90 90 90 90 90 90 90 90 90 90 90 90 90 90 90 90 90 90 90 90 90 90 90 -0.05 0.01 0.02 -0.11 -1.24 -10.42 24.66 26.81 
49 61518 90 90 90 90 90 90 90 90 90 90 90 90 90 90 90 90 90 90 90 90 90 90 90 90 -0.04 0.01 0.02 -0.24 -1.19 -10.32 24.66 26.54 
50 62813 90 90 90 90 90 90 90 90 90 90 90 90 90 90 90 90 90 90 90 90 90 90 90 90 -0.04 0.02 0.02 -0.24 -1.22 -10.33 24.66 26.66 
51 64364 90 90 90 90 90 90 90 90 90 90 90 90 90 90 90 90 90 90 90 90 90 90 90 90 -0.05 0.01 0.02 -0.10 -1.26 -10.41 24.67 26.54 
52 65529 90 90 90 90 90 90 90 90 90 90 90 90 90 90 90 90 90 90 90 90 90 90 90 90 -0.04 0.02 0.02 -0.20 -1.25 -10.35 24.69 26.66 
53 66999 90 90 90 90 90 90 90 90 90 90 90 90 90 90 90 90 90 90 90 90 90 90 90 90 -0.04 0.02 0.02 -0.21 -1.23 -10.36 24.67 26.54 
54 68292 90 90 90 90 90 90 90 90 90 90 90 90 90 90 90 90 90 90 90 90 90 90 90 90 -0.05 0.01 0.02 -0.12 -1.24 -10.41 24.69 26.66 
55 69871 90 90 90 90 90 90 90 90 90 90 90 90 90 90 90 90 90 90 90 90 90 90 90 90 -0.04 0.02 0.02 -0.18 -1.25 -10.37 24.69 26.66 
56 71093 90 90 90 90 90 90 90 90 90 90 90 90 90 90 90 90 90 90 90 90 90 90 90 90 -0.04 0.02 0.02 -0.28 -1.21 -10.31 24.70 26.64 
57 72459 90 90 90 90 90 90 90 90 90 90 90 90 90 90 90 90 90 90 90 90 90 90 90 90 -0.04 0.02 0.02 -0.26 -1.19 -10.32 24.72 26.79 
58 73622 90 90 90 90 90 90 90 90 90 90 90 90 90 90 90 90 90 90 90 90 90 90 90 90 -0.05 0.01 0.02 -0.20 -1.21 -10.35 24.72 26.54 
59 74378 90 90 90 90 90 90 90 90 90 90 90 90 90 90 90 90 90 90 90 90 90 90 90 90 -0.04 0.02 0.02 -0.17 -1.23 -10.36 24.72 27.06 
60 75564 90 90 90 90 90 90 90 90 90 90 90 90 90 90 90 90 90 90 90 90 90 90 90 90 -0.05 0.01 0.02 -0.17 -1.22 -10.39 24.74 26.55 
61 77121 90 90 90 90 90 90 90 90 90 90 90 90 90 90 90 90 90 90 90 90 90 90 90 90 -0.04 0.01 0.02 -0.26 -1.19 -10.30 24.74 26.81 
62 78307 90 90 90 90 90 90 90 90 90 90 90 90 90 90 90 90 90 90 90 90 90 90 90 90 -0.04 0.02 0.02 -0.20 -1.25 -10.39 24.73 26.64 
63 79547 90 90 90 90 90 90 90 90 90 90 90 90 90 90 90 90 90 90 90 90 90 90 90 90 -0.05 0.01 0.02 -0.15 -1.26 -10.45 24.74 26.64 
64 80944 90 90 90 90 90 90 90 90 90 90 90 90 90 90 90 90 90 90 90 90 90 90 90 90 -0.04 0.01 0.02 -0.28 -1.23 -10.30 24.77 26.64 
65 82185 90 90 90 90 90 90 90 90 90 90 90 90 90 90 90 90 90 90 90 90 90 90 90 90 -0.04 0.02 0.02 -0.23 -1.23 -10.33 24.77 26.54 
66 83426 90 90 90 90 90 90 90 90 90 90 90 90 90 90 90 90 90 90 90 90 90 90 90 90 -0.05 0.01 0.02 -0.14 -1.24 -10.45 24.78 26.54 
67 84716 90 90 90 90 90 90 90 90 90 90 90 90 90 90 90 90 90 90 90 90 90 90 90 90 -0.04 0.01 0.03 -0.27 -1.18 -10.29 24.78 26.66 
68 86386 90 90 90 90 90 90 90 90 90 90 90 90 90 90 90 90 90 90 90 90 90 90 90 90 -0.04 0.02 0.03 -0.28 -1.18 -10.29 24.78 26.54 
69 87651 90 90 90 90 90 90 90 90 90 90 90 90 90 90 90 90 90 90 90 90 90 90 90 90 -0.05 0.01 0.03 -0.25 -1.18 -10.31 24.79 26.64 
70 88924 90 90 90 90 90 90 90 90 90 90 90 90 90 90 90 90 90 90 90 90 90 90 90 90 -0.05 0.01 0.02 -0.12 -1.29 -10.41 24.80 27.62 
71 90435 90 90 90 90 90 90 90 90 90 90 90 90 90 90 90 90 90 90 90 90 90 90 90 90 -0.05 0.01 0.02 -0.16 -1.23 -10.36 24.81 26.99 
72 91922 90 90 90 90 90 90 90 90 90 90 90 90 90 90 90 90 90 90 90 90 90 90 90 90 -0.04 0.02 0.02 -0.17 -1.24 -10.37 24.81 26.55 
73 93316 90 90 90 90 90 90 90 90 90 90 90 90 90 90 90 90 90 90 90 90 90 90 90 90 -0.05 0.01 0.03 -0.12 -1.25 -10.39 24.80 26.54 
74 94534 90 90 90 90 90 90 90 90 90 90 90 90 90 90 90 90 90 90 90 90 90 90 90 90 -0.04 0.02 0.02 -0.13 -1.25 -10.37 24.79 26.64 
75 95702 90 90 90 90 90 90 90 90 90 90 90 90 90 90 90 90 90 90 90 90 90 90 90 90 -0.04 0.02 0.02 -0.26 -1.21 -10.33 24.82 26.55 
76 97171 90 90 90 90 90 90 90 90 90 90 90 90 90 90 90 90 90 90 90 90 90 90 90 90 -0.04 0.02 0.02 -0.28 -1.22 -10.32 24.82 26.66 
77 98803 90 90 90 90 90 90 90 90 90 90 90 90 90 90 90 90 90 90 90 90 90 90 90 90 -0.04 0.01 0.03 -0.26 -1.19 -10.32 24.81 27.01 
78 100270 90 90 90 90 90 90 90 90 90 90 90 90 90 90 90 90 90 90 90 90 90 90 90 90 -0.05 0.01 0.02 -0.25 -1.19 -10.31 24.81 26.48 
79 101697 90 90 90 90 90 90 90 90 90 90 90 90 90 90 90 90 90 90 90 90 90 90 90 90 -0.05 0.01 0.03 -0.15 -1.24 -10.46 24.82 26.54 
80 102623 90 90 90 90 90 90 90 90 90 90 90 90 90 90 90 90 90 90 90 90 90 90 90 90 -0.04 0.01 0.02 -0.30 -1.20 -10.31 24.83 26.99 
81 103889 90 90 90 90 90 90 90 90 90 90 90 90 90 90 90 90 90 90 90 90 90 90 90 90 -0.05 0.01 0.02 -0.22 -1.20 -10.35 24.83 26.63 
82 105049 90 90 90 90 90 90 90 90 90 90 90 90 90 90 90 90 90 90 90 90 90 90 90 90 -0.05 0.01 0.02 -0.17 -1.20 -10.43 24.85 26.70 
83 106350 90 90 90 90 90 90 90 90 90 90 90 90 90 90 90 90 90 90 90 90 90 90 90 90 -0.05 0.01 0.02 -0.17 -1.18 -10.33 24.82 26.41 
84 107577 90 90 90 90 90 90 90 90 90 90 90 90 90 90 90 90 90 90 90 90 90 90 90 90 -0.04 0.02 0.02 -0.17 -1.25 -10.40 24.83 26.66 
85 108940 90 90 90 90 90 90 90 90 90 90 90 90 90 90 90 90 90 90 90 90 90 90 90 90 -0.04 0.02 0.02 -0.16 -1.23 -10.37 24.87 27.10 
86 110357 90 90 90 90 90 90 90 90 90 90 90 90 90 90 90 90 90 90 90 90 90 90 90 90 -0.04 0.02 0.02 -0.21 -1.23 -10.37 24.86 26.66 
87 111986 90 90 90 90 90 90 90 90 90 90 90 90 90 90 90 90 90 90 90 90 90 90 90 90 -0.04 0.02 0.02 -0.18 -1.23 -10.36 24.86 26.54 
88 112922 90 90 90 90 90 90 90 90 90 90 90 90 90 90 90 90 90 90 90 90 90 90 90 90 -0.04 0.02 0.02 -0.12 -1.26 -10.40 24.86 26.54 
89 114265 90 90 90 90 90 90 90 90 90 90 90 90 90 90 90 90 90 90 90 90 90 90 90 90 -0.05 0.01 0.02 -0.20 -1.20 -10.33 24.88 27.10 
90 115592 90 90 90 90 90 90 90 90 90 90 90 90 90 90 90 90 90 90 90 90 90 90 90 90 -0.05 0.02 0.02 -0.12 -1.27 -10.46 24.87 27.06 
91 117266 90 90 90 90 90 90 90 90 90 90 90 90 90 90 90 90 90 90 90 90 90 90 90 90 -0.05 0.02 0.02 -0.14 -1.27 -10.42 24.87 26.99 
92 118921 90 90 90 90 90 90 90 90 90 90 90 90 90 90 90 90 90 90 90 90 90 90 90 90 -0.04 0.01 0.02 -0.24 -1.21 -10.34 24.89 26.46 
93 119917 90 90 90 90 90 90 90 90 90 90 90 90 90 90 90 90 90 90 90 90 90 90 90 90 -0.04 0.01 0.02 -0.20 -1.18 -10.34 24.89 26.64 
94 121104 90 90 90 90 90 90 90 90 90 90 90 90 90 90 90 90 90 90 90 90 90 90 90 90 -0.04 0.02 0.03 -0.19 -1.26 -10.33 24.89 27.10 
95 122314 90 90 90 90 90 90 90 90 90 90 90 90 90 90 90 90 90 90 90 90 90 90 90 90 -0.04 0.02 0.02 -0.28 -1.19 -10.27 24.90 26.68 
96 124024 90 90 90 90 90 90 90 90 90 90 90 90 90 90 90 90 90 90 90 90 90 90 90 90 -0.05 0.02 0.02 -0.15 -1.28 -10.45 24.90 26.99 
97 125336 90 90 90 90 90 90 90 90 90 90 90 90 90 90 90 90 90 90 90 90 90 90 90 90 -0.05 0.02 0.03 -0.13 -1.25 -10.39 24.91 27.13 
98 126647 90 90 90 90 90 90 90 90 90 90 90 90 90 90 90 90 90 90 90 90 90 90 90 90 -0.04 0.02 0.02 -0.15 -1.27 -10.41 24.91 26.99 
99 127893 90 90 90 90 90 90 90 90 90 90 90 90 90 90 90 90 90 90 90 90 90 90 90 90 -0.05 0.01 0.02 -0.14 -1.23 -10.47 24.92 26.99 
100 129202 90 90 90 90 90 90 90 90 90 90 90 90 90 90 90 90 90 90 90 90 90 90 90 90 -0.05 0.01 0.02 -0.13 -1.25 -10.45 24.94 26.99 
101 130109 90 90 90 90 90 90 90 90 90 90 90 90 90 90 90 90 90 90 90 90 90 90 90 90 -0.04 0.02 0.03 -0.19 -1.23 -10.29 24.91 26.99 
102 131268 90 90 90 90 90 90 90 90 90 90 90 90 90 90 90 90 90 90 90 90 90 90 90 90 -0.04 0.02 0.02 -0.25 -1.19 -10.33 24.94 26.64 
103 132731 90 90 90 90 90 90 90 90 90 90 90 90 90 90 90 90 90 90 90 90 90 90 90 90 -0.04 0.02 0.02 -0.26 -1.23 -10.33 24.94 27.10 
104 134521 90 90 90 90 90 90 90 90 90 90 90 90 90 90 90 90 90 90 90 90 90 90 90 90 -0.04 0.01 0.02 -0.28 -1.17 -10.32 24.97 26.64 
105 135463 90 90 90 90 90 90 90 90 90 90 90 90 90 90 90 90 90 90 90 90 90 90 90 90 -0.04 0.02 0.02 -0.25 -1.17 -10.34 24.94 26.54 
106 136671 90 90 90 90 90 90 90 90 90 90 90 90 90 90 90 90 90 90 90 90 90 90 90 90 -0.05 0.01 0.03 -0.19 -1.20 -10.32 24.98 26.54 
107 138016 90 90 90 90 90 90 90 90 90 90 90 90 90 90 90 90 90 90 90 90 90 90 90 90 -0.04 0.02 0.02 -0.23 -1.22 -10.36 24.97 26.66 
108 139531 90 90 90 90 90 90 90 90 90 90 90 90 90 90 90 90 90 90 90 90 90 90 90 90 -0.04 0.02 0.02 -0.19 -1.23 -10.35 24.95 26.64 
109 140718 90 90 90 90 90 90 90 90 90 90 90 90 90 90 90 90 90 90 90 90 90 90 90 90 -0.05 0.01 0.02 -0.14 -1.28 -10.45 24.95 26.54 
110 141821 90 90 90 90 90 90 90 90 90 90 90 90 90 90 90 90 90 90 90 90 90 90 90 90 -0.05 0.02 0.02 -0.13 -1.28 -10.41 24.96 26.70 
111 142913 90 90 90 90 90 90 90 90 90 90 90 90 90 90 90 90 90 90 90 90 90 90 90 90 -0.05 0.01 0.02 -0.14 -1.22 -10.38 24.99 26.64 
112 144126 90 90 90 90 90 90 90 90 90 90 90 90 90 90 90 90 90 90 90 90 90 90 90 90 -0.05 0.02 0.02 -0.11 -1.28 -10.47 24.97 26.55 
113 145848 90 90 90 90 90 90 90 90 90 90 90 90 90 90 90 90 90 90 90 90 90 90 90 90 -0.05 0.01 0.03 -0.13 -1.24 -10.40 24.98 26.64 
114 147240 90 90 90 90 90 90 90 90 90 90 90 90 90 90 90 90 90 90 90 90 90 90 90 90 -0.04 0.01 0.02 -0.29 -1.19 -10.31 24.97 26.54 
115 148583 90 90 90 90 90 90 90 90 90 90 90 90 90 90 90 90 90 90 90 90 90 90 90 90 -0.04 0.02 0.02 -0.18 -1.27 -10.40 24.99 26.79 
116 149554 90 90 90 90 90 90 90 90 90 90 90 90 90 90 90 90 90 90 90 90 90 90 90 90 -0.05 0.01 0.03 -0.19 -1.21 -10.38 24.99 26.64 
117 150580 90 90 90 90 90 90 90 90 90 90 90 90 90 90 90 90 90 90 90 90 90 90 90 90 -0.04 0.02 0.02 -0.27 -1.22 -10.33 24.99 27.10 
118 151434 90 90 90 90 90 90 90 90 90 90 90 90 90 90 90 90 90 90 90 90 90 90 90 90 -0.05 0.01 0.03 -0.23 -1.19 -10.35 25.01 26.64 
119 152425 90 90 90 90 90 90 90 90 90 90 90 90 90 90 90 90 90 90 90 90 90 90 90 90 -0.05 0.01 0.02 -0.26 -1.20 -10.32 25.00 26.70 
120 153809 90 90 90 90 90 90 90 90 90 90 90 90 90 90 90 90 90 90 90 90 90 90 90 90 -0.05 0.02 0.03 -0.15 -1.26 -10.45 25.00 27.15 
121 155347 90 90 90 90 90 90 90 90 90 90 90 90 90 90 90 90 90 90 90 90 90 90 90 90 -0.04 0.02 0.02 -0.28 -1.21 -10.32 25.01 26.64 
122 156344 90 90 90 90 90 90 90 90 90 90 90 90 90 90 90 90 90 90 90 90 90 90 90 90 -0.04 0.02 0.02 -0.26 -1.17 -10.29 25.00 26.70 
123 157667 90 90 90 90 90 90 90 90 90 90 90 90 90 90 90 90 90 90 90 90 90 90 90 90 -0.05 0.01 0.02 -0.19 -1.16 -10.36 25.00 26.70 
124 159190 90 90 90 90 90 90 90 90 90 90 90 90 90 90 90 90 90 90 90 90 90 90 90 90 -0.05 0.01 0.02 -0.14 -1.24 -10.41 25.01 26.64 
125 160301 90 90 90 90 90 90 90 90 90 90 90 90 90 90 90 90 90 90 90 90 90 90 90 90 -0.04 0.02 0.02 -0.14 -1.26 -10.43 25.02 26.55 
126 161610 90 90 90 90 90 90 90 90 90 90 90 90 90 90 90 90 90 90 90 90 90 90 90 90 -0.04 0.02 0.02 -0.17 -1.27 -10.43 25.03 26.64 
127 162994 90 90 90 90 90 90 90 90 90 90 90 90 90 90 90 90 90 90 90 90 90 90 90 90 -0.05 0.01 0.02 -0.24 -1.17 -10.35 25.04 26.54 
128 164100 90 90 90 90 90 90 90 90 90 90 90 90 90 90 90 90 90 90 90 90 90 90 90 90 -0.05 0.01 0.02 -0.16 -1.21 -10.42 25.03 26.54 
129 165429 90 90 90 90 90 90 90 90 90 90 90 90 90 90 90 90 90 90 90 90 90 90 90 90 -0.04 0.02 0.02 -0.16 -1.25 -10.45 25.04 26.68 
130 166777 90 90 90 90 90 90 90 90 90 90 90 90 90 90 90 90 90 90 90 90 90 90 90 90 -0.05 0.01 0.02 -0.11 -1.26 -10.46 25.03 27.49 
131 168133 90 90 90 90 90 90 90 90 90 90 90 90 90 90 90 90 90 90 90 90 90 90 90 90 -0.05 0.01 0.03 -0.13 -1.23 -10.43 25.04 27.15 
132 168920 90 90 90 90 90 90 90 90 90 90 90 90 90 90 90 90 90 90 90 90 90 90 90 90 -0.05 0.01 0.02 -0.17 -1.23 -10.39 25.03 27.49 
133 170520 90 90 90 90 90 90 90 90 90 90 90 90 90 90 90 90 90 90 90 90 90 90 90 90 -0.04 0.02 0.03 -0.25 -1.18 -10.29 25.04 26.59 
134 171453 90 90 90 90 90 90 90 90 90 90 90 90 90 90 90 90 90 90 90 90 90 90 90 90 -0.04 0.02 0.02 -0.19 -1.21 -10.34 25.05 26.54 
135 172876 90 90 90 90 90 90 90 90 90 90 90 90 90 90 90 90 90 90 90 90 90 90 90 90 -0.04 0.01 0.02 -0.26 -1.19 -10.31 25.05 27.15 
136 174381 90 90 90 90 90 90 90 90 90 90 90 90 90 90 90 90 90 90 90 90 90 90 90 90 -0.04 0.02 0.02 -0.22 -1.22 -10.34 25.06 26.54 
137 175368 90 90 90 90 90 90 90 90 90 90 90 90 90 90 90 90 90 90 90 90 90 90 90 90 -0.04 0.02 0.02 -0.18 -1.24 -10.44 25.06 26.55 
138 176456 90 90 90 90 90 90 90 90 90 90 90 90 90 90 90 90 90 90 90 90 90 90 90 90 -0.05 0.01 0.02 -0.12 -1.22 -10.47 25.06 27.28 
139 177721 90 90 90 90 90 90 90 90 90 90 90 90 90 90 90 90 90 90 90 90 90 90 90 90 -0.04 0.02 0.02 -0.13 -1.27 -10.41 25.07 26.54 
140 178928 90 90 90 90 90 90 90 90 90 90 90 90 90 90 90 90 90 90 90 90 90 90 90 90 -0.04 0.02 0.02 -0.17 -1.24 -10.42 25.05 27.62 
141 180161 90 90 90 90 90 90 90 90 90 90 90 90 90 90 90 90 90 90 90 90 90 90 90 90 -0.05 0.01 0.02 -0.20 -1.19 -10.37 25.05 26.66 
142 181267 90 90 90 90 90 90 90 90 90 90 90 90 90 90 90 90 90 90 90 90 90 90 90 90 -0.05 0.01 0.02 -0.13 -1.24 -10.39 25.06 26.66 
143 182948 90 90 90 90 90 90 90 90 90 90 90 90 90 90 90 90 90 90 90 90 90 90 90 90 -0.05 0.02 0.02 -0.11 -1.26 -10.41 25.08 27.55 
144 183799 90 90 90 90 90 90 90 90 90 90 90 90 90 90 90 90 90 90 90 90 90 90 90 90 -0.04 0.02 0.02 -0.22 -1.22 -10.35 25.08 27.60 
145 185291 90 90 90 90 90 90 90 90 90 90 90 90 90 90 90 90 90 90 90 90 90 90 90 90 -0.05 0.01 0.02 -0.13 -1.24 -10.44 25.08 27.60 
146 186141 90 90 90 90 90 90 90 90 90 90 90 90 90 90 90 90 90 90 90 90 90 90 90 90 -0.05 0.01 0.02 -0.11 -1.27 -10.45 25.06 26.66 
147 187473 90 90 90 90 90 90 90 90 90 90 90 90 90 90 90 90 90 90 90 90 90 90 90 90 -0.04 0.02 0.03 -0.26 -1.17 -10.31 25.08 26.34 
148 188952 90 90 90 90 90 90 90 90 90 90 90 90 90 90 90 90 90 90 90 90 90 90 90 90 -0.05 0.01 0.02 -0.20 -1.21 -10.40 25.09 27.60 
149 190235 90 90 90 90 90 90 90 90 90 90 90 90 90 90 90 90 90 90 90 90 90 90 90 90 -0.04 0.02 0.02 -0.18 -1.25 -10.35 25.07 27.75 
150 191649 90 90 90 90 90 90 90 90 90 90 90 90 90 90 90 90 90 90 90 90 90 90 90 90 -0.04 0.02 0.02 -0.20 -1.23 -10.39 25.09 26.66 
151 192936 90 90 90 90 90 90 90 90 90 90 90 90 90 90 90 90 90 90 90 90 90 90 90 90 -0.05 0.01 0.03 -0.12 -1.23 -10.39 25.10 27.64 
152 194027 90 90 90 90 90 90 90 90 90 90 90 90 90 90 90 90 90 90 90 90 90 90 90 90 -0.05 0.01 0.02 -0.19 -1.18 -10.35 25.10 26.64 
153 195024 90 90 90 90 90 90 90 90 90 90 90 90 90 90 90 90 90 90 90 90 90 90 90 90 -0.05 0.01 0.02 -0.16 -1.20 -10.36 25.08 26.54 
154 196116 90 90 90 90 90 90 90 90 90 90 90 90 90 90 90 90 90 90 90 90 90 90 90 90 -0.05 0.01 0.02 -0.19 -1.18 -10.33 25.10 26.66 
155 197152 90 90 90 90 90 90 90 90 90 90 90 90 90 90 90 90 90 90 90 90 90 90 90 90 -0.04 0.02 0.02 -0.25 -1.19 -10.28 25.08 26.99 
156 198620 90 90 90 90 90 90 90 90 90 90 90 90 90 90 90 90 90 90 90 90 90 90 90 90 -0.04 0.02 0.03 -0.25 -1.17 -10.35 25.07 27.08 
157 199899 90 90 90 90 90 90 90 90 90 90 90 90 90 90 90 90 90 90 90 90 90 90 90 90 -0.05 0.01 0.02 -0.14 -1.25 -10.43 25.08 27.64 
