154400 -2968.00 4964.00 -30072.00 32.45 
0 108 95 83 81 73 92 94 80 101 73 87 74 72 108 74 75 75 76 88 74 82 -1948.00 -129.00 7071.00 -2968.00 4964.00 -30072.00 32.45 
0 108 95 83 81 73 92 94 80 101 73 87 74 72 108 74 75 75 76 88 74 82 -1948.00 -129.00 7071.00 -2968.00 4964.00 -30072.00 32.45 
Robo Inteligente Iniciado
N	Tempo	EM1	EM2	EM3	EM4	EM5	EM6	EM7	EM8	EM9	EM10	EM11	EM12	CM1	CM2	CM3	CM4	CM5	CM6	CM7	CM8	CM9	CM10	CM11	CM12	AcX		AcY	AcZ	GyX	GyY	GyZ		HCSR
0 103 93 93 93 93 93 93 93 93 93 93 93 93 77 103 80 94 73 70 82 97 77 70 93 99 -8333.00 1232.00 5056.00 -1680.00 6148.00 -19760.00 32.09 
1 1648 77 103 80 94 73 70 82 97 77 70 93 99 70 89 86 87 102 80 89 89 77 103 75 98 -777.00 201.00 1436.00 376.00 4720.00 -17840.00 31.28 
2 3094 70 89 86 87 102 80 89 89 77 103 75 98 104 71 98 98 74 80 72 99 71 87 98 88 -919.00 157.00 97.00 -2624.00 5784.00 -14196.00 30.97 
3 4534 104 71 98 98 74 80 72 99 71 87 98 88 105 95 93 95 105 99 107 95 81 98 95 102 -940.00 -946.00 -5477.00 -396.00 6012.00 -15708.00 31.06 
4 5583 105 95 93 95 105 99 107 95 81 98 95 102 106 108 91 101 87 87 84 79 95 105 92 78 938.00 549.00 3007.00 684.00 2440.00 -17152.00 32.06 
5 6917 106 108 91 101 87 87 84 79 95 105 92 78 90 104 105 103 76 92 72 77 85 101 100 88 -111.00 -246.00 -13260.00 -1084.00 -612.00 -16324.00 31.84 
6 8051 90 104 105 103 76 92 72 77 85 101 100 88 86 70 85 82 85 84 79 95 73 83 108 90 406.00 295.00 3859.00 1184.00 4096.00 -17852.00 32.16 
7 9553 86 70 85 82 85 84 79 95 73 83 108 90 76 96 73 74 100 93 95 102 77 86 93 94 -597.00 177.00 -312.00 -356.00 6284.00 -17708.00 31.55 
8 11043 76 96 73 74 100 93 95 102 77 86 93 94 85 95 72 109 74 88 82 101 99 103 95 92 -153.00 29.00 128.00 -752.00 5816.00 -16532.00 30.63 
9 12696 85 95 72 109 74 88 82 101 99 103 95 92 78 71 85 105 77 104 106 102 84 105 77 103 -390.00 178.00 49.00 -144.00 6172.00 -16352.00 31.78 
10 13678 78 71 85 105 77 104 106 102 84 105 77 103 70 85 73 106 79 74 78 81 73 81 89 79 1301.00 -2138.00 151.00 2872.00 6676.00 -16664.00 31.66 
11 15144 70 85 73 106 79 74 78 81 73 81 89 79 79 84 87 107 70 74 78 100 86 104 94 98 2780.00 -996.00 -10681.00 -2840.00 2668.00 -14896.00 31.10 
12 16453 79 84 87 107 70 74 78 100 86 104 94 98 88 79 103 77 83 95 83 100 70 80 86 105 600.00 -723.00 6870.00 -6624.00 11016.00 -7264.00 32.45 
13 17555 88 79 103 77 83 95 83 100 70 80 86 105 107 88 107 108 89 83 70 103 101 99 107 108 10.00 334.00 408.00 -1212.00 3400.00 -18492.00 30.86 
14 18732 107 88 107 108 89 83 70 103 101 99 107 108 84 105 70 105 97 70 105 103 103 104 107 79 158.00 -505.00 -417.00 304.00 6068.00 -14652.00 32.07 
15 19893 84 105 70 105 97 70 105 103 103 104 107 79 73 107 89 97 105 103 98 88 76 94 83 87 -1350.00 -310.00 -6539.00 -1832.00 5332.00 -14524.00 32.24 
16 20970 73 107 89 97 105 103 98 88 76 94 83 87 100 70 90 83 73 100 90 102 99 79 100 93 -1235.00 196.00 640.00 188.00 3796.00 -16944.00 32.65 
17 22275 100 70 90 83 73 100 90 102 99 79 100 93 70 80 99 96 100 86 74 86 94 108 90 101 62.00 43.00 -695.00 416.00 4420.00 -16980.00 31.13 
18 23470 70 80 99 96 100 86 74 86 94 108 90 101 75 88 79 70 82 98 78 74 87 80 80 103 -120.00 374.00 533.00 -1216.00 4868.00 -17800.00 32.09 
19 25052 75 88 79 70 82 98 78 74 87 80 80 103 70 73 97 100 109 81 84 71 98 105 75 90 -238.00 53.00 324.00 528.00 4788.00 -18884.00 30.66 
20 26183 70 73 97 100 109 81 84 71 98 105 75 90 109 95 83 76 94 88 70 90 102 88 81 81 -468.00 -646.00 -3876.00 -1304.00 5364.00 -19224.00 32.26 
21 27328 109 95 83 76 94 88 70 90 102 88 81 81 78 91 70 108 97 101 104 77 105 72 76 74 -803.00 -295.00 -595.00 -1620.00 6360.00 -13444.00 31.75 
22 28384 78 91 70 108 97 101 104 77 105 72 76 74 87 93 98 71 100 95 91 101 95 86 75 77 11.00 239.00 10.00 584.00 5120.00 -17440.00 32.53 
23 29477 87 93 98 71 100 95 91 101 95 86 75 77 106 86 97 94 80 81 108 84 77 88 95 98 83.00 -438.00 -340.00 -408.00 4192.00 -17776.00 32.65 
24 30837 106 86 97 94 80 81 108 84 77 88 95 98 104 70 90 85 78 81 94 107 75 85 100 107 -877.00 773.00 6516.00 188.00 2492.00 -18816.00 31.64 
25 32407 104 70 90 85 78 81 94 107 75 85 100 107 77 83 79 89 75 108 70 100 76 93 86 109 -634.00 33.00 1368.00 -68.00 4832.00 -19044.00 30.93 
26 33665 77 83 79 89 75 108 70 100 76 93 86 109 77 109 105 102 99 84 109 75 91 89 93 108 -80.00 12.00 123.00 -80.00 4348.00 -17908.00 29.38 
27 34848 77 109 105 102 99 84 109 75 91 89 93 108 74 109 101 74 71 96 93 102 84 87 79 97 -471.00 -272.00 -108.00 -384.00 4744.00 -16312.00 31.59 
28 36140 74 109 101 74 71 96 93 102 84 87 79 97 109 106 72 109 93 71 96 107 105 84 91 83 -561.00 -317.00 -958.00 -3136.00 7908.00 -16020.00 30.50 
29 37236 109 106 72 109 93 71 96 107 105 84 91 83 102 101 102 80 109 109 105 73 76 100 93 75 -2967.00 -1657.00 -315.00 888.00 11156.00 -2272.00 32.40 
30 38164 102 101 102 80 109 109 105 73 76 100 93 75 101 102 89 109 106 87 78 80 86 81 101 96 -1576.00 213.00 262.00 -3016.00 4612.00 -13652.00 31.75 
31 39387 101 102 89 109 106 87 78 80 86 81 101 96 100 74 74 71 89 87 71 75 82 84 77 92 -658.00 -1888.00 7370.00 -140.00 3368.00 -16636.00 32.44 
32 40822 100 74 74 71 89 87 71 75 82 84 77 92 89 87 106 89 109 100 78 74 100 85 81 75 -177.00 -210.00 115.00 -176.00 4908.00 -17712.00 31.30 
33 42363 89 87 106 89 109 100 78 74 100 85 81 75 87 78 83 99 93 105 90 92 93 79 85 74 45.00 -831.00 -7562.00 220.00 316.00 -15816.00 31.39 
34 43898 87 78 83 99 93 105 90 92 93 79 85 74 73 82 106 90 80 91 106 91 78 78 83 79 -355.00 51.00 -187.00 0.00 4192.00 -17528.00 32.09 
35 45168 73 82 106 90 80 91 106 91 78 78 83 79 109 90 109 80 103 88 74 103 90 106 80 93 -1268.00 420.00 1544.00 -1764.00 5564.00 -14088.00 31.57 
36 46833 109 90 109 80 103 88 74 103 90 106 80 93 82 94 90 87 88 75 99 79 80 93 95 105 -131.00 -245.00 2807.00 -704.00 6200.00 -14460.00 31.53 
37 47903 82 94 90 87 88 75 99 79 80 93 95 105 101 81 93 107 88 87 108 92 70 90 76 72 -431.00 -797.00 -865.00 -2484.00 4608.00 -14776.00 31.84 
38 49434 101 81 93 107 88 87 108 92 70 90 76 72 79 93 103 80 88 104 86 96 94 86 82 104 713.00 -746.00 -8648.00 -1980.00 5180.00 -14384.00 31.64 
39 50960 79 93 103 80 88 104 86 96 94 86 82 104 89 101 93 94 84 91 78 109 89 91 103 98 -3864.00 1207.00 5005.00 12.00 7100.00 -17072.00 31.01 
40 52088 89 101 93 94 84 91 78 109 89 91 103 98 70 73 106 77 89 81 96 100 77 91 86 105 -497.00 44.00 131.00 -720.00 4836.00 -16192.00 31.35 
41 53131 70 73 106 77 89 81 96 100 77 91 86 105 82 108 97 79 80 82 102 101 71 78 70 104 -480.00 59.00 -210.00 -1988.00 6260.00 -14480.00 30.55 
42 54435 82 108 97 79 80 82 102 101 71 78 70 104 104 102 87 102 93 103 71 88 90 70 109 94 -851.00 202.00 331.00 -2508.00 6312.00 -14008.00 30.08 
43 55965 104 102 87 102 93 103 71 88 90 70 109 94 100 109 88 82 70 70 95 105 108 71 78 70 -489.00 -24.00 -2182.00 -1944.00 4696.00 -15604.00 31.40 
44 57289 100 109 88 82 70 70 95 105 108 71 78 70 80 81 99 99 82 75 80 73 99 104 102 74 -493.00 1293.00 -5533.00 376.00 5328.00 -19824.00 30.68 
45 58598 80 81 99 99 82 75 80 73 99 104 102 74 109 72 75 99 72 83 72 76 93 109 103 88 -518.00 35.00 403.00 -1020.00 6020.00 -16956.00 31.06 
46 60352 109 72 75 99 72 83 72 76 93 109 103 88 81 105 79 70 102 97 81 81 86 77 96 82 2590.00 3.00 4281.00 116.00 2316.00 -16852.00 31.95 
47 61700 81 105 79 70 102 97 81 81 86 77 96 82 70 87 85 81 84 88 105 82 72 106 103 74 -903.00 -1696.00 -1571.00 -2712.00 5008.00 -15744.00 31.68 
48 63420 70 87 85 81 84 88 105 82 72 106 103 74 109 78 92 106 82 70 108 95 90 102 93 71 -241.00 172.00 399.00 -2708.00 6776.00 -17000.00 31.59 
49 64619 109 78 92 106 82 70 108 95 90 102 93 71 91 103 81 89 86 84 84 87 87 70 101 84 -167.00 -294.00 -124.00 -1392.00 7120.00 -15820.00 31.86 
50 65945 91 103 81 89 86 84 84 87 87 70 101 84 107 94 100 109 79 74 82 84 93 89 103 71 -418.00 -965.00 2267.00 -1960.00 5880.00 -18264.00 31.64 
51 66945 107 94 100 109 79 74 82 84 93 89 103 71 83 86 91 81 70 77 102 71 101 75 104 86 -703.00 -174.00 -2099.00 -1624.00 5200.00 -9080.00 32.22 
52 68717 83 86 91 81 70 77 102 71 101 75 104 86 96 94 89 79 78 87 108 79 78 109 99 78 -1235.00 834.00 3812.00 -1204.00 6292.00 -15876.00 31.13 
53 69715 96 94 89 79 78 87 108 79 78 109 99 78 89 87 108 73 70 71 88 96 108 93 96 78 921.00 -221.00 -989.00 -2444.00 5652.00 -14708.00 30.34 
54 71446 89 87 108 73 70 71 88 96 108 93 96 78 109 107 103 83 101 74 102 81 98 80 100 95 -264.00 38.00 69.00 -1832.00 6556.00 -16080.00 30.54 
55 72491 109 107 103 83 101 74 102 81 98 80 100 95 109 77 73 76 73 94 106 94 76 74 104 77 853.00 -40.00 4847.00 -560.00 6224.00 -20680.00 32.16 
56 73657 109 77 73 76 73 94 106 94 76 74 104 77 100 75 82 95 76 70 73 75 95 74 70 90 1556.00 -1242.00 -4223.00 292.00 5380.00 -16544.00 29.78 
57 75022 100 75 82 95 76 70 73 75 95 74 70 90 109 98 107 72 88 99 105 109 71 104 96 96 -294.00 -262.00 5320.00 -1632.00 6948.00 -15020.00 30.48 
58 76091 109 98 107 72 88 99 105 109 71 104 96 96 71 74 88 81 70 94 98 107 104 109 83 89 -253.00 240.00 110.00 -1804.00 5140.00 -15960.00 30.21 
59 77307 71 74 88 81 70 94 98 107 104 109 83 89 91 86 92 83 98 108 81 70 82 85 83 106 -274.00 -578.00 -1815.00 -2008.00 5668.00 -15628.00 30.25 
60 78351 91 86 92 83 98 108 81 70 82 85 83 106 97 102 78 109 84 87 91 104 86 88 93 86 34.00 216.00 2494.00 124.00 3964.00 -16820.00 30.95 
61 79503 97 102 78 109 84 87 91 104 86 88 93 86 74 73 82 72 86 78 101 85 102 87 75 91 -954.00 -1509.00 -6652.00 -348.00 2064.00 -23524.00 32.33 
62 81072 74 73 82 72 86 78 101 85 102 87 75 91 98 109 109 109 105 72 90 75 75 104 72 70 -488.00 -27.00 1861.00 -812.00 6544.00 -15040.00 31.57 
63 82252 98 109 109 109 105 72 90 75 75 104 72 70 104 71 88 102 81 92 105 102 72 71 89 70 4259.00 -1334.00 -6562.00 -5848.00 6768.00 -13196.00 31.77 
64 83614 104 71 88 102 81 92 105 102 72 71 89 70 105 74 103 78 85 71 94 86 94 72 93 108 102.00 348.00 234.00 -1696.00 5232.00 -19024.00 32.20 
65 85022 105 74 103 78 85 71 94 86 94 72 93 108 98 109 93 89 107 92 89 100 80 85 92 100 -3666.00 1548.00 11116.00 -1432.00 9016.00 -16348.00 31.13 
66 86187 98 109 93 89 107 92 89 100 80 85 92 100 78 89 83 101 92 103 106 99 93 79 92 102 -143.00 -192.00 -850.00 -72.00 3924.00 -21764.00 31.50 
67 87799 78 89 83 101 92 103 106 99 93 79 92 102 76 105 102 92 96 109 80 76 97 108 87 106 -421.00 176.00 259.00 -1544.00 5388.00 -16052.00 31.44 
68 89232 76 105 102 92 96 109 80 76 97 108 87 106 73 93 72 101 92 103 90 105 100 108 103 89 -67.00 327.00 279.00 -1452.00 3792.00 -15836.00 30.79 
69 90424 73 93 72 101 92 103 90 105 100 108 103 89 72 104 76 105 87 108 90 77 92 87 87 97 -1659.00 -313.00 -2694.00 -952.00 7512.00 -17756.00 31.84 
70 91525 72 104 76 105 87 108 90 77 92 87 87 97 88 93 71 87 107 94 89 86 81 72 85 71 404.00 263.00 1.00 948.00 3308.00 -17112.00 31.50 
71 92764 88 93 71 87 107 94 89 86 81 72 85 71 101 73 74 108 109 95 97 98 94 85 99 75 1892.00 -372.00 -8102.00 1744.00 -872.00 -21696.00 31.95 
72 94104 101 73 74 108 109 95 97 98 94 85 99 75 87 91 94 101 76 73 78 107 75 93 70 89 -571.00 -146.00 -71.00 -344.00 4316.00 -14944.00 32.29 
73 95141 87 91 94 101 76 73 78 107 75 93 70 89 84 99 95 84 98 79 99 96 95 108 89 93 -224.00 712.00 10211.00 -1512.00 6536.00 -18800.00 31.13 
74 96891 84 99 95 84 98 79 99 96 95 108 89 93 109 84 105 106 105 83 82 73 77 96 96 104 -247.00 75.00 -54.00 -2120.00 7524.00 -15944.00 31.31 
75 98180 109 84 105 106 105 83 82 73 77 96 96 104 100 87 94 93 88 86 82 70 94 103 89 99 260.00 -95.00 3585.00 -208.00 4060.00 -14300.00 32.35 
76 99340 100 87 94 93 88 86 82 70 94 103 89 99 101 103 70 107 101 70 88 107 83 106 104 100 471.00 39.00 653.00 -2460.00 7016.00 -16720.00 31.93 
77 100341 101 103 70 107 101 70 88 107 83 106 104 100 79 95 81 87 84 91 102 80 97 75 81 70 -276.00 76.00 203.00 264.00 6436.00 -16424.00 31.91 
78 101605 79 95 81 87 84 91 102 80 97 75 81 70 85 84 84 84 93 107 97 84 109 93 80 76 2395.00 1191.00 -9564.00 -5892.00 560.00 -14896.00 31.68 
79 102850 85 84 84 84 93 107 97 84 109 93 80 76 82 88 71 97 90 77 91 104 85 89 73 96 -1078.00 -437.00 331.00 -940.00 4196.00 -13828.00 32.15 
80 104313 82 88 71 97 90 77 91 104 85 89 73 96 103 96 83 86 91 87 72 82 90 101 83 87 397.00 573.00 5710.00 236.00 8628.00 -17992.00 32.26 
81 105463 103 96 83 86 91 87 72 82 90 101 83 87 95 89 77 100 95 77 87 95 92 103 98 94 137.00 -563.00 -1842.00 -520.00 4108.00 -18000.00 31.86 
82 106651 95 89 77 100 95 77 87 95 92 103 98 94 107 90 71 88 99 77 89 100 94 90 89 85 263.00 -910.00 1997.00 1260.00 5204.00 -17908.00 31.24 
83 107913 107 90 71 88 99 77 89 100 94 90 89 85 94 108 73 104 97 103 107 92 72 70 80 71 1355.00 489.00 -2446.00 1216.00 6684.00 -23084.00 31.31 
84 109080 94 108 73 104 97 103 107 92 72 70 80 71 90 107 102 105 101 81 81 99 104 93 81 109 -1049.00 -114.00 -572.00 -1816.00 6448.00 -12976.00 31.62 
85 110711 90 107 102 105 101 81 81 99 104 93 81 109 95 73 89 76 102 96 75 106 107 85 94 101 -958.00 -755.00 12287.00 -1800.00 7560.00 -17616.00 32.71 
86 112054 95 73 89 76 102 96 75 106 107 85 94 101 106 87 99 92 89 70 98 86 103 103 78 76 -189.00 151.00 134.00 -876.00 7144.00 -15712.00 31.59 
87 113358 106 87 99 92 89 70 98 86 103 103 78 76 100 96 99 108 109 104 86 83 85 105 78 82 -1320.00 -146.00 -7693.00 -256.00 4940.00 -18872.00 31.59 
88 114804 100 96 99 108 109 104 86 83 85 105 78 82 101 93 109 71 92 106 91 80 90 101 80 107 -71.00 -391.00 241.00 -664.00 5412.00 -16452.00 32.47 
89 116059 101 93 109 71 92 106 91 80 90 101 80 107 85 91 83 76 82 89 102 82 97 78 106 108 582.00 54.00 6010.00 720.00 4780.00 -18336.00 31.89 
90 116967 85 91 83 76 82 89 102 82 97 78 106 108 78 99 73 73 109 104 101 81 104 86 86 83 45.00 21.00 163.00 -408.00 5128.00 -16548.00 31.37 
91 118456 78 99 73 73 109 104 101 81 104 86 86 83 87 107 106 83 100 96 98 83 86 94 78 71 424.00 -2242.00 -4918.00 -88.00 4744.00 -10732.00 31.01 
92 119615 87 107 106 83 100 96 98 83 86 94 78 71 81 104 79 89 84 77 72 71 90 79 73 108 132.00 -425.00 -2955.00 -3800.00 5960.00 -15240.00 32.22 
93 121036 81 104 79 89 84 77 72 71 90 79 73 108 88 71 100 85 104 72 90 75 90 93 80 72 -2570.00 380.00 12454.00 -1004.00 8500.00 -19964.00 31.60 
94 122297 88 71 100 85 104 72 90 75 90 93 80 72 100 92 85 84 104 100 76 73 105 85 85 107 3555.00 -3685.00 -7635.00 -2152.00 1204.00 -7488.00 31.59 
95 123552 100 92 85 84 104 100 76 73 105 85 85 107 87 93 86 72 101 95 87 100 106 101 76 100 -56.00 -294.00 6635.00 -2852.00 7108.00 -15044.00 32.09 
96 124620 87 93 86 72 101 95 87 100 106 101 76 100 107 83 70 73 92 73 107 77 101 92 100 96 -86.00 304.00 258.00 -368.00 6600.00 -16592.00 31.39 
97 125918 107 83 70 73 92 73 107 77 101 92 100 96 107 89 82 94 73 95 97 77 109 73 109 91 206.00 -125.00 -777.00 184.00 6824.00 -16176.00 31.08 
98 127329 107 89 82 94 73 95 97 77 109 73 109 91 75 74 106 109 98 102 108 71 86 75 75 83 -340.00 83.00 537.00 -84.00 6632.00 -16656.00 31.46 
99 128317 75 74 106 109 98 102 108 71 86 75 75 83 95 84 100 89 109 95 98 87 81 88 74 106 74.00 113.00 -214.00 -840.00 4828.00 -17160.00 31.75 
100 129425 95 84 100 89 109 95 98 87 81 88 74 106 83 82 100 103 78 72 90 85 94 77 78 98 496.00 -704.00 5627.00 824.00 5612.00 -16916.00 32.09 
101 130467 83 82 100 103 78 72 90 85 94 77 78 98 84 91 74 99 94 97 77 86 106 96 107 106 -731.00 105.00 -881.00 -544.00 5060.00 -15872.00 31.04 
102 131793 84 91 74 99 94 97 77 86 106 96 107 106 91 84 74 77 87 83 88 77 70 76 97 87 -111.00 266.00 1221.00 -332.00 4880.00 -16484.00 31.98 
103 132940 91 84 74 77 87 83 88 77 70 76 97 87 108 95 75 109 71 91 75 83 73 91 90 79 564.00 -273.00 -8736.00 564.00 4024.00 -12372.00 31.13 
104 134024 108 95 75 109 71 91 75 83 73 91 90 79 70 104 86 94 78 96 84 91 85 71 108 75 -1415.00 309.00 774.00 -1808.00 5540.00 -17204.00 32.00 
105 135230 70 104 86 94 78 96 84 91 85 71 108 75 71 102 104 84 106 73 103 94 109 102 82 99 -313.00 102.00 218.00 -644.00 4056.00 -17260.00 31.06 
106 136785 71 102 104 84 106 73 103 94 109 102 82 99 93 99 94 101 93 95 70 99 83 95 95 84 955.00 1085.00 3595.00 -4008.00 4392.00 -12940.00 31.62 
107 137842 93 99 94 101 93 95 70 99 83 95 95 84 93 93 73 101 79 99 79 81 101 86 74 78 -120.00 -165.00 -4923.00 -1216.00 2804.00 -20960.00 31.75 
108 139303 93 93 73 101 79 99 79 81 101 86 74 78 90 75 82 90 90 88 109 73 88 97 101 85 -398.00 147.00 -932.00 632.00 5208.00 -17860.00 31.55 
109 140642 90 75 82 90 90 88 109 73 88 97 101 85 99 101 90 102 109 94 103 98 70 75 109 92 -874.00 -528.00 1557.00 -1856.00 6308.00 -16548.00 31.73 
110 142008 99 101 90 102 109 94 103 98 70 75 109 92 77 79 99 88 75 107 79 105 102 70 109 74 -60.00 494.00 165.00 -816.00 3252.00 -16976.00 32.18 
111 143499 77 79 99 88 75 107 79 105 102 70 109 74 90 108 105 91 95 85 80 72 72 91 105 74 -293.00 -803.00 -4782.00 424.00 5576.00 -15832.00 31.39 
112 144864 90 108 105 91 95 85 80 72 72 91 105 74 75 87 79 94 94 91 108 97 83 81 88 70 -384.00 -9.00 27.00 -2780.00 4156.00 -16760.00 31.77 
113 146187 75 87 79 94 94 91 108 97 83 81 88 70 79 89 104 78 77 83 78 106 83 77 109 76 -385.00 -59.00 31.00 -2028.00 5400.00 -16704.00 32.24 
114 147695 79 89 104 78 77 83 78 106 83 77 109 76 101 99 79 102 94 103 98 88 77 108 85 82 -276.00 6.00 604.00 -1976.00 4392.00 -17712.00 31.91 
115 148509 101 99 79 102 94 103 98 88 77 108 85 82 99 90 97 109 74 86 81 85 109 79 82 100 -623.00 -675.00 634.00 412.00 4300.00 -19804.00 32.02 
116 150282 99 90 97 109 74 86 81 85 109 79 82 100 92 91 104 83 91 78 82 75 72 109 107 86 -819.00 -798.00 3506.00 420.00 5080.00 -13960.00 31.93 
117 151310 92 91 104 83 91 78 82 75 72 109 107 86 78 83 107 84 80 95 77 84 97 84 109 77 1757.00 -1878.00 -7737.00 -952.00 4304.00 -13432.00 31.02 
118 152415 78 83 107 84 80 95 77 84 97 84 109 77 78 103 70 100 106 96 72 109 86 91 105 101 -811.00 -101.00 -1309.00 -2132.00 5248.00 -14944.00 31.77 
119 153988 78 103 70 100 106 96 72 109 86 91 105 101 97 82 102 83 73 87 98 73 78 76 108 77 959.00 -17.00 6681.00 -1880.00 5796.00 -13176.00 32.13 
120 154927 97 82 102 83 73 87 98 73 78 76 108 77 72 81 70 94 75 72 98 75 103 107 82 96 3282.00 725.00 -14857.00 -1472.00 1544.00 -16596.00 30.72 
121 156359 72 81 70 94 75 72 98 75 103 107 82 96 107 73 106 109 72 107 101 94 75 102 87 77 -2023.00 537.00 5771.00 624.00 5900.00 -16812.00 31.91 
122 157691 107 73 106 109 72 107 101 94 75 102 87 77 92 94 83 91 73 74 88 93 77 83 91 89 -688.00 -66.00 -8474.00 -3488.00 7080.00 -15360.00 31.77 
123 159242 92 94 83 91 73 74 88 93 77 83 91 89 80 86 97 108 85 77 105 96 77 108 92 109 -1318.00 874.00 5627.00 -896.00 5620.00 -15240.00 31.08 
124 160688 80 86 97 108 85 77 105 96 77 108 92 109 96 70 71 92 79 98 73 70 72 80 97 98 -835.00 179.00 6462.00 484.00 3912.00 -18940.00 31.64 
125 162152 96 70 71 92 79 98 73 70 72 80 97 98 75 84 95 109 100 72 93 94 74 97 74 84 175.00 -125.00 -3589.00 192.00 3944.00 -15460.00 31.37 
126 163325 75 84 95 109 100 72 93 94 74 97 74 84 98 94 105 86 75 104 103 100 80 94 109 85 -2029.00 -192.00 -5092.00 1752.00 2792.00 -20172.00 31.82 
127 164593 98 94 105 86 75 104 103 100 80 94 109 85 109 70 91 99 72 94 70 78 91 92 95 93 -463.00 29.00 18.00 -1604.00 4288.00 -17480.00 31.08 
128 165778 109 70 91 99 72 94 70 78 91 92 95 93 78 77 104 107 70 82 73 91 97 78 103 71 -1427.00 -519.00 2823.00 -2168.00 5296.00 -14908.00 31.48 
129 167041 78 77 104 107 70 82 73 91 97 78 103 71 102 100 80 93 84 88 70 101 109 103 109 108 517.00 -162.00 -6079.00 468.00 5048.00 -15296.00 31.42 
130 168665 102 100 80 93 84 88 70 101 109 103 109 108 88 87 78 96 82 103 71 97 73 72 88 76 -2301.00 52.00 10543.00 -2236.00 11632.00 -17940.00 32.36 
131 169969 88 87 78 96 82 103 71 97 73 72 88 76 73 100 83 102 97 74 85 88 96 84 98 109 -121.00 -64.00 -11515.00 -3996.00 -2528.00 -14280.00 31.22 
132 171343 73 100 83 102 97 74 85 88 96 84 98 109 79 106 103 81 90 89 99 84 74 74 77 109 -2388.00 821.00 11351.00 -1108.00 6952.00 -6876.00 32.74 
133 172647 79 106 103 81 90 89 99 84 74 74 77 109 85 81 88 83 73 90 103 90 83 93 96 85 -1196.00 357.00 350.00 -1504.00 5280.00 -15968.00 30.92 
134 173981 85 81 88 83 73 90 103 90 83 93 96 85 86 85 78 72 77 84 100 86 93 85 92 73 -5135.00 1409.00 -9589.00 2620.00 4808.00 -12408.00 31.19 
135 175643 86 85 78 72 77 84 100 86 93 85 92 73 82 90 107 93 76 86 88 96 99 106 86 85 -507.00 737.00 -1509.00 -5364.00 7556.00 -13828.00 31.39 
136 176753 82 90 107 93 76 86 88 96 99 106 86 85 88 93 76 100 97 102 94 106 81 73 109 72 -2129.00 -1303.00 225.00 -4028.00 2228.00 -11056.00 31.26 
137 177866 88 93 76 100 97 102 94 106 81 73 109 72 106 90 104 96 89 89 73 86 76 70 79 97 917.00 -751.00 -2044.00 -1408.00 6492.00 -17156.00 32.24 
138 179078 106 90 104 96 89 89 73 86 76 70 79 97 106 108 106 109 109 96 76 106 96 103 100 88 -2890.00 3093.00 6390.00 -3960.00 7320.00 -21192.00 32.07 
139 180207 106 108 106 109 109 96 76 106 96 103 100 88 104 87 105 78 94 98 73 101 106 82 102 71 -65.00 -638.00 -124.00 -1324.00 6924.00 -15696.00 32.82 
140 181512 104 87 105 78 94 98 73 101 106 82 102 71 105 94 96 78 83 93 78 79 71 73 82 71 -745.00 230.00 -5253.00 -56.00 5384.00 -19596.00 31.48 
141 182814 105 94 96 78 83 93 78 79 71 73 82 71 91 103 83 96 106 96 74 96 109 84 102 104 -155.00 22.00 332.00 -2016.00 4060.00 -14436.00 31.77 
142 184550 91 103 83 96 106 96 74 96 109 84 102 104 73 97 74 76 74 71 100 102 79 97 90 87 -355.00 228.00 8458.00 -1796.00 7108.00 -13836.00 32.15 
143 185761 73 97 74 76 74 71 100 102 79 97 90 87 90 70 91 85 92 81 105 108 87 96 94 89 1470.00 -1098.00 -5795.00 -968.00 6132.00 -17020.00 30.88 
144 187082 90 70 91 85 92 81 105 108 87 96 94 89 105 71 98 108 94 76 90 98 89 87 88 107 -144.00 141.00 295.00 -1404.00 6280.00 -16420.00 31.40 
145 188098 105 71 98 108 94 76 90 98 89 87 88 107 71 101 92 102 99 94 77 84 89 106 86 102 -1402.00 2033.00 4555.00 -84.00 4864.00 -17092.00 31.98 
146 189282 71 101 92 102 99 94 77 84 89 106 86 102 72 104 79 97 81 95 109 99 83 71 98 96 -165.00 102.00 132.00 -1092.00 5664.00 -16372.00 31.51 
147 190530 72 104 79 97 81 95 109 99 83 71 98 96 78 73 97 81 80 73 79 93 84 96 81 105 410.00 169.00 -632.00 -356.00 6308.00 -15624.00 31.57 
148 192050 78 73 97 81 80 73 79 93 84 96 81 105 109 74 104 95 95 90 98 102 100 95 99 78 2500.00 1773.00 3988.00 1376.00 3996.00 -21220.00 31.31 
149 193217 109 74 104 95 95 90 98 102 100 95 99 78 106 103 75 89 94 99 84 101 99 109 95 85 -1418.00 -1120.00 -6691.00 -1924.00 8812.00 -12268.00 31.89 
150 194647 106 103 75 89 94 99 84 101 99 109 95 85 90 85 78 77 94 100 75 93 102 86 93 97 374.00 -567.00 160.00 -12.00 3076.00 -16560.00 31.57 
151 195698 90 85 78 77 94 100 75 93 102 86 93 97 93 73 70 79 107 106 89 78 98 70 102 107 742.00 974.00 1884.00 3344.00 7168.00 -12812.00 31.26 
152 197046 93 73 70 79 107 106 89 78 98 70 102 107 98 95 89 105 103 90 97 106 95 96 102 89 -345.00 510.00 768.00 420.00 5056.00 -17332.00 31.35 
153 198459 98 95 89 105 103 90 97 106 95 96 102 89 76 107 92 84 76 106 102 87 89 93 93 105 -1807.00 -1105.00 -3485.00 -52.00 8176.00 -15284.00 32.38 
154 199888 76 107 92 84 76 106 102 87 89 93 93 105 91 102 105 93 79 73 92 107 88 72 84 73 178.00 546.00 3750.00 1544.00 5064.00 -15068.00 30.66 
155 201172 91 102 105 93 79 73 92 107 88 72 84 73 73 96 103 79 97 108 82 102 71 91 104 84 -1588.00 551.00 -9542.00 4248.00 3676.00 -15976.00 30.45 
156 202425 73 96 103 79 97 108 82 102 71 91 104 84 87 86 102 103 106 85 101 96 70 96 84 91 -535.00 113.00 2391.00 252.00 5000.00 -16144.00 31.46 
157 203435 87 86 102 103 106 85 101 96 70 96 84 91 93 95 100 97 91 71 91 93 91 102 90 74 236.00 -46.00 -231.00 -112.00 3216.00 -17676.00 32.24 
158 204366 93 95 100 97 91 71 91 93 91 102 90 74 87 85 76 73 89 97 73 103 96 87 103 84 -1536.00 1483.00 -5896.00 -1252.00 7380.00 -14280.00 31.42 
159 205614 87 85 76 73 89 97 73 103 96 87 103 84 106 77 90 74 74 73 102 70 99 91 105 89 -850.00 204.00 657.00 68.00 3852.00 -15508.00 31.19 
160 207305 106 77 90 74 74 73 102 70 99 91 105 89 85 80 99 87 92 104 72 102 76 100 79 105 -452.00 -323.00 941.00 -428.00 5656.00 -16664.00 31.19 
161 208363 85 80 99 87 92 104 72 102 76 100 79 105 86 73 72 97 95 82 99 98 101 98 94 86 1423.00 -535.00 2620.00 -596.00 2860.00 -15096.00 31.13 
162 209602 86 73 72 97 95 82 99 98 101 98 94 86 99 80 74 86 87 95 80 98 103 84 80 97 -3038.00 250.00 -3161.00 -2180.00 9792.00 -14356.00 31.60 
163 210588 99 80 74 86 87 95 80 98 103 84 80 97 90 71 109 91 100 70 88 83 105 77 101 105 770.00 -260.00 3512.00 -380.00 6620.00 -16508.00 32.00 
164 212086 90 71 109 91 100 70 88 83 105 77 101 105 84 89 88 79 75 106 71 85 96 73 83 76 -62.00 355.00 1388.00 648.00 6096.00 -18892.00 31.51 
165 213109 84 89 88 79 75 106 71 85 96 73 83 76 82 72 78 94 82 79 86 91 71 102 86 109 1244.00 -296.00 -6370.00 2660.00 1916.00 -18076.00 30.17 
166 214269 82 72 78 94 82 79 86 91 71 102 86 109 92 73 97 97 87 90 92 71 77 107 96 80 -3447.00 793.00 8684.00 -1428.00 7164.00 -19124.00 30.64 
167 215711 92 73 97 97 87 90 92 71 77 107 96 80 70 86 76 107 70 74 97 85 101 87 84 95 4847.00 -1804.00 -13141.00 1296.00 -444.00 -16312.00 30.99 
168 216969 70 86 76 107 70 74 97 85 101 87 84 95 82 75 79 80 76 98 70 73 101 107 86 106 -1110.00 1171.00 7068.00 452.00 5488.00 -17100.00 31.51 
169 218551 82 75 79 80 76 98 70 73 101 107 86 106 105 107 82 87 82 95 87 106 86 72 108 91 164.00 510.00 532.00 104.00 4888.00 -15956.00 30.43 
170 219483 105 107 82 87 82 95 87 106 86 72 108 91 89 101 92 93 70 90 92 81 81 99 93 78 -1314.00 822.00 -2072.00 -944.00 6820.00 -17208.00 31.35 
171 220419 89 101 92 93 70 90 92 81 81 99 93 78 81 94 109 90 94 76 95 97 81 101 77 93 520.00 -552.00 4.00 -832.00 8656.00 -16860.00 31.33 
172 221597 81 94 109 90 94 76 95 97 81 101 77 93 105 94 107 94 95 101 82 70 74 97 82 81 422.00 -181.00 3810.00 -2508.00 6436.00 -8404.00 31.33 
173 222955 105 94 107 94 95 101 82 70 74 97 82 81 84 99 101 96 70 91 99 89 90 89 76 72 -1079.00 -583.00 -3428.00 -4172.00 2308.00 -14408.00 31.69 
174 224456 84 99 101 96 70 91 99 89 90 89 76 72 93 78 109 107 73 103 94 103 81 79 78 101 -1828.00 82.00 154.00 -2008.00 4020.00 -15668.00 31.57 
175 225693 93 78 109 107 73 103 94 103 81 79 78 101 105 101 90 93 88 97 102 86 101 90 97 90 -452.00 1683.00 10136.00 -1900.00 6504.00 -18652.00 31.21 
176 227245 105 101 90 93 88 97 102 86 101 90 97 90 100 80 80 94 92 80 87 84 90 91 70 104 -1449.00 357.00 -2041.00 -872.00 7252.00 -11200.00 31.68 
177 228255 100 80 80 94 92 80 87 84 90 91 70 104 72 100 107 99 79 101 109 105 97 70 105 77 -619.00 785.00 6661.00 8.00 6284.00 -10828.00 31.28 
178 229559 72 100 107 99 79 101 109 105 97 70 105 77 107 102 108 89 93 108 82 97 72 78 93 77 945.00 -1361.00 -8491.00 -1184.00 2276.00 -16060.00 31.39 
179 230592 107 102 108 89 93 108 82 97 72 78 93 77 70 93 81 88 89 87 98 106 72 83 104 94 -316.00 409.00 166.00 -1744.00 2748.00 -16736.00 31.82 
180 231779 70 93 81 88 89 87 98 106 72 83 104 94 96 70 85 107 83 107 100 100 79 80 101 96 -2708.00 -625.00 3721.00 -664.00 4340.00 -16192.00 30.92 
181 232741 96 70 85 107 83 107 100 100 79 80 101 96 93 105 81 91 73 83 70 97 98 85 84 104 -337.00 123.00 170.00 -404.00 4476.00 -17308.00 32.02 
182 233960 93 105 81 91 73 83 70 97 98 85 84 104 82 89 102 88 77 97 103 83 77 82 80 103 134.00 -966.00 684.00 -2204.00 5492.00 -9196.00 31.04 
183 235162 82 89 102 88 77 97 103 83 77 82 80 103 93 71 105 89 72 85 75 104 74 103 78 97 -399.00 117.00 274.00 192.00 4168.00 -18868.00 30.37 
184 236305 93 71 105 89 72 85 75 104 74 103 78 97 87 90 83 106 86 84 87 86 99 74 77 106 383.00 -1652.00 -736.00 -732.00 4580.00 -17748.00 30.64 
185 237614 87 90 83 106 86 84 87 86 99 74 77 106 72 78 94 106 92 71 82 100 79 89 95 72 961.00 769.00 4048.00 -736.00 6144.00 -10196.00 32.02 
186 238749 72 78 94 106 92 71 82 100 79 89 95 72 108 72 91 106 100 71 102 101 78 87 80 79 1940.00 -1639.00 -11130.00 2380.00 -980.00 -19548.00 31.06 
187 240244 108 72 91 106 100 71 102 101 78 87 80 79 79 77 95 109 78 81 96 85 79 77 100 79 -1687.00 105.00 1197.00 -168.00 4412.00 -12800.00 31.50 
188 241393 79 77 95 109 78 81 96 85 79 77 100 79 86 71 80 104 104 76 103 98 90 89 105 81 -679.00 308.00 170.00 -2340.00 5864.00 -15412.00 31.84 
189 242615 86 71 80 104 104 76 103 98 90 89 105 81 89 99 108 89 93 76 95 81 95 70 84 77 -157.00 231.00 -149.00 -252.00 5932.00 -16220.00 32.40 
190 243911 89 99 108 89 93 76 95 81 95 70 84 77 94 103 101 89 80 90 88 80 88 104 90 88 -127.00 54.00 -300.00 -2548.00 5724.00 -14220.00 31.57 
191 245133 94 103 101 89 80 90 88 80 88 104 90 88 85 93 79 90 95 79 102 107 80 75 79 88 -4457.00 -2257.00 -838.00 -912.00 7276.00 -11100.00 30.73 
192 246356 85 93 79 90 95 79 102 107 80 75 79 88 100 106 94 103 92 109 72 87 103 97 79 91 -879.00 276.00 -251.00 -1828.00 6668.00 -13668.00 31.84 
193 247921 100 106 94 103 92 109 72 87 103 97 79 91 109 109 96 81 87 105 87 81 76 89 109 107 -136.00 334.00 353.00 36.00 5292.00 -17676.00 31.28 
194 249298 109 109 96 81 87 105 87 81 76 89 109 107 107 100 84 107 108 89 102 86 79 99 105 74 -130.00 154.00 3070.00 -1516.00 2364.00 -17264.00 31.31 
195 251067 107 100 84 107 108 89 102 86 79 99 105 74 83 91 91 81 72 78 73 108 86 101 86 70 2111.00 -710.00 -2543.00 -1104.00 8552.00 -24976.00 32.51 
196 252235 83 91 91 81 72 78 73 108 86 101 86 70 87 88 70 85 93 102 104 84 97 82 73 80 -351.00 -58.00 65.00 -1876.00 5576.00 -15848.00 30.99 
197 253329 87 88 70 85 93 102 104 84 97 82 73 80 106 90 107 75 88 103 81 76 92 81 108 95 -703.00 -196.00 939.00 -1360.00 3568.00 -17320.00 31.82 
198 254518 106 90 107 75 88 103 81 76 92 81 108 95 72 100 74 94 80 92 90 81 107 79 88 71 152.00 -432.00 3629.00 356.00 4912.00 -15724.00 30.92 
199 255749 72 100 74 94 80 92 90 81 107 79 88 71 82 98 93 85 81 84 71 82 76 102 81 79 -2424.00 674.00 -8016.00 88.00 5704.00 -23816.00 30.59 
200 257049 82 98 93 85 81 84 71 82 76 102 81 79 91 93 103 78 70 76 71 85 84 105 106 73 -194.00 269.00 37.00 -896.00 -764.00 -14584.00 31.02 
201 258505 91 93 103 78 70 76 71 85 84 105 106 73 81 81 70 107 93 99 100 96 89 85 102 74 478.00 162.00 -664.00 -3488.00 5388.00 -18304.00 30.43 
202 260173 81 81 70 107 93 99 100 96 89 85 102 74 97 87 95 84 72 99 103 86 93 71 81 94 -390.00 -96.00 -103.00 -916.00 5352.00 -16780.00 32.36 
203 261843 97 87 95 84 72 99 103 86 93 71 81 94 101 109 109 99 105 103 75 78 97 73 100 80 -2626.00 1091.00 6412.00 -468.00 7600.00 -17028.00 31.28 
204 262822 101 109 109 99 105 103 75 78 97 73 100 80 85 105 88 84 80 73 72 94 76 95 87 87 -1894.00 136.00 -3481.00 -1216.00 5724.00 -15464.00 32.02 
205 263727 85 105 88 84 80 73 72 94 76 95 87 87 100 97 86 83 73 88 95 103 97 104 93 109 2946.00 -1541.00 5399.00 -3300.00 5980.00 -26304.00 31.12 
206 265078 100 97 86 83 73 88 95 103 97 104 93 109 104 94 108 90 105 84 79 93 70 106 88 76 -990.00 1438.00 4720.00 1752.00 5600.00 -16648.00 30.93 
207 266166 104 94 108 90 105 84 79 93 70 106 88 76 97 93 109 96 89 87 102 70 72 91 108 84 733.00 592.00 -9950.00 -1076.00 252.00 -18112.00 30.92 
208 267610 97 93 109 96 89 87 102 70 72 91 108 84 99 71 104 77 88 91 91 102 98 99 96 74 -1095.00 -1122.00 3063.00 -516.00 5128.00 -16976.00 32.38 
209 269198 99 71 104 77 88 91 91 102 98 99 96 74 85 74 101 104 83 104 79 81 86 107 106 98 -1027.00 -380.00 -2226.00 -2364.00 6760.00 -16228.00 31.22 
210 270587 85 74 101 104 83 104 79 81 86 107 106 98 85 75 99 77 73 103 104 86 89 109 102 79 -428.00 -545.00 9792.00 -1032.00 5344.00 -20436.00 31.10 
211 272219 85 75 99 77 73 103 104 86 89 109 102 79 109 87 85 93 109 78 91 78 92 85 73 107 768.00 892.00 -1152.00 -3344.00 10648.00 -18920.00 30.93 
212 273587 109 87 85 93 109 78 91 78 92 85 73 107 77 100 79 79 99 70 88 85 73 74 79 104 -3284.00 262.00 10249.00 252.00 6664.00 -15520.00 32.27 
213 275091 77 100 79 79 99 70 88 85 73 74 79 104 70 84 108 98 105 85 77 103 86 83 70 95 -322.00 516.00 120.00 -1356.00 5920.00 -15012.00 30.28 
214 276293 70 84 108 98 105 85 77 103 86 83 70 95 104 78 80 74 93 100 80 101 101 92 94 81 -346.00 -495.00 -596.00 1268.00 4324.00 -16024.00 31.95 
215 277571 104 78 80 74 93 100 80 101 101 92 94 81 95 71 81 78 76 94 98 101 92 78 79 92 -1416.00 445.00 -3465.00 -900.00 3568.00 -13148.00 30.72 
216 278774 95 71 81 78 76 94 98 101 92 78 79 92 84 96 96 94 74 104 83 83 92 109 85 87 -1192.00 -182.00 1752.00 1836.00 3784.00 -17852.00 31.26 
217 280032 84 96 96 94 74 104 83 83 92 109 85 87 92 83 109 84 88 92 102 77 94 72 94 97 -525.00 -27.00 -740.00 -1000.00 5140.00 -15872.00 30.92 
218 281227 92 83 109 84 88 92 102 77 94 72 94 97 79 71 107 97 90 99 103 87 106 73 78 105 -754.00 1065.00 3294.00 -228.00 3624.00 -19804.00 31.59 
219 282447 79 71 107 97 90 99 103 87 106 73 78 105 70 84 99 88 107 91 81 99 86 78 98 89 -266.00 254.00 -19.00 -976.00 5640.00 -16732.00 30.93 
220 283742 70 84 99 88 107 91 81 99 86 78 98 89 91 71 78 86 91 82 81 79 100 81 70 91 -322.00 -280.00 -3143.00 -1452.00 6472.00 -14324.00 31.44 
221 284790 91 71 78 86 91 82 81 79 100 81 70 91 79 109 78 98 83 99 103 74 100 87 104 98 -34.00 -10.00 105.00 1552.00 4588.00 -18716.00 31.73 
222 285925 79 109 78 98 83 99 103 74 100 87 104 98 81 74 87 84 96 85 84 83 82 72 94 89 263.00 402.00 1614.00 0.00 4688.00 -15620.00 31.68 
223 287102 81 74 87 84 96 85 84 83 82 72 94 89 77 81 92 86 70 85 74 101 108 86 91 82 185.00 -313.00 -2495.00 68.00 4236.00 -16896.00 32.09 
224 288591 77 81 92 86 70 85 74 101 108 86 91 82 103 86 84 79 81 102 89 108 77 71 79 80 -470.00 135.00 129.00 -1908.00 5868.00 -14504.00 30.81 
225 289733 103 86 84 79 81 102 89 108 77 71 79 80 80 109 90 73 104 90 91 109 78 78 96 73 -889.00 261.00 190.00 -1816.00 5176.00 -13944.00 31.01 
226 291101 80 109 90 73 104 90 91 109 78 78 96 73 71 72 109 90 90 90 99 82 77 75 89 95 -192.00 132.00 176.00 -816.00 4852.00 -17604.00 30.86 
227 292600 71 72 109 90 90 90 99 82 77 75 89 95 90 106 96 70 73 71 100 93 103 91 91 101 -1276.00 87.00 6098.00 -480.00 5652.00 -17472.00 31.33 
228 293679 90 106 96 70 73 71 100 93 103 91 91 101 77 74 107 77 99 87 75 102 73 95 85 74 -465.00 -105.00 54.00 -1836.00 5500.00 -14048.00 30.17 
229 295196 77 74 107 77 99 87 75 102 73 95 85 74 85 76 81 105 82 88 99 82 73 103 102 101 1034.00 95.00 -11441.00 -1544.00 -44.00 -19292.00 31.06 
230 296270 85 76 81 105 82 88 99 82 73 103 102 101 77 91 88 81 100 82 93 99 71 99 73 76 -140.00 -515.00 9054.00 -1204.00 4348.00 -15824.00 31.88 
231 297620 77 91 88 81 100 82 93 99 71 99 73 76 77 96 94 93 80 78 86 107 103 76 104 80 543.00 -1674.00 -8607.00 -148.00 1844.00 -18120.00 31.68 
232 298829 77 96 94 93 80 78 86 107 103 76 104 80 109 104 75 78 104 97 88 109 96 76 96 79 -811.00 62.00 718.00 328.00 7112.00 -17484.00 31.57 
233 300325 109 104 75 78 104 97 88 109 96 76 96 79 85 76 109 102 91 109 70 91 80 103 72 86 -434.00 -127.00 74.00 -676.00 6516.00 -15308.00 31.64 
234 301587 85 76 109 102 91 109 70 91 80 103 72 86 77 108 94 81 87 70 80 71 71 100 108 86 68.00 -97.00 2740.00 -2008.00 3552.00 -17248.00 31.66 
235 303183 77 108 94 81 87 70 80 71 71 100 108 86 103 101 97 91 99 95 76 97 94 79 81 83 -487.00 68.00 42.00 -2236.00 5904.00 -15892.00 31.64 
236 304578 103 101 97 91 99 95 76 97 94 79 81 83 86 82 94 107 75 93 104 92 99 96 94 71 -440.00 65.00 -19.00 -992.00 5148.00 -17144.00 32.18 
237 306030 86 82 94 107 75 93 104 92 99 96 94 71 95 73 104 89 105 71 96 86 78 109 108 93 -1056.00 180.00 1811.00 -1012.00 6024.00 -18772.00 31.46 
238 307130 95 73 104 89 105 71 96 86 78 109 108 93 90 98 80 105 84 98 91 96 99 95 107 78 705.00 369.00 2483.00 2240.00 3012.00 -17376.00 32.22 
239 308411 90 98 80 105 84 98 91 96 99 95 107 78 101 88 98 91 109 83 88 86 86 79 82 79 -3222.00 510.00 35.00 -6172.00 9256.00 -18032.00 32.29 
240 309923 101 88 98 91 109 83 88 86 86 79 82 79 103 105 71 100 79 97 70 103 93 98 87 103 -414.00 -4.00 199.00 -1028.00 5080.00 -15620.00 32.58 
241 311548 103 105 71 100 79 97 70 103 93 98 87 103 104 76 91 71 100 70 94 99 109 92 88 82 -1459.00 296.00 8304.00 -2208.00 6020.00 -16980.00 31.91 
242 312750 104 76 91 71 100 70 94 99 109 92 88 82 76 83 107 101 101 72 90 86 76 92 78 107 -2174.00 -908.00 -6649.00 -216.00 8356.00 -15364.00 31.22 
243 314187 76 83 107 101 101 72 90 86 76 92 78 107 94 77 101 80 87 92 86 99 92 108 101 90 -2173.00 728.00 8389.00 -2824.00 6756.00 -13000.00 32.13 
244 315625 94 77 101 80 87 92 86 99 92 108 101 90 90 85 70 91 104 82 98 85 87 91 93 93 -1469.00 -631.00 -1766.00 -764.00 7208.00 -18312.00 30.52 
245 317111 90 85 70 91 104 82 98 85 87 91 93 93 109 83 77 90 95 80 102 77 93 84 96 82 -14.00 4.00 323.00 1100.00 5592.00 -18772.00 32.04 
246 318246 109 83 77 90 95 80 102 77 93 84 96 82 86 106 109 78 88 76 106 81 90 106 85 87 -26.00 250.00 -1017.00 412.00 6612.00 -18796.00 32.07 
247 319538 86 106 109 78 88 76 106 81 90 106 85 87 103 85 91 88 84 71 72 93 107 76 72 99 -511.00 -102.00 1118.00 -2436.00 6524.00 -16556.00 31.69 
248 320937 103 85 91 88 84 71 72 93 107 76 72 99 73 90 74 105 96 70 100 107 78 105 82 99 308.00 -169.00 390.00 -4.00 5260.00 -15940.00 31.28 
249 322085 73 90 74 105 96 70 100 107 78 105 82 99 83 96 84 82 98 85 79 95 108 75 105 94 727.00 312.00 -52.00 -3364.00 7424.00 -18428.00 31.77 
250 323129 83 96 84 82 98 85 79 95 108 75 105 94 101 77 70 86 103 79 101 97 86 88 108 72 -98.00 88.00 -156.00 192.00 5488.00 -17060.00 31.75 
251 324622 101 77 70 86 103 79 101 97 86 88 108 72 91 74 108 89 74 107 98 101 104 105 94 100 502.00 -2293.00 -869.00 -12.00 8220.00 -16020.00 32.16 
252 325686 91 74 108 89 74 107 98 101 104 105 94 100 104 71 90 72 100 72 71 75 79 73 80 75 -2044.00 810.00 3703.00 1000.00 9448.00 -18876.00 31.62 
253 327226 104 71 90 72 100 72 71 75 79 73 80 75 83 99 77 96 76 104 106 72 92 79 83 81 -3332.00 854.00 -13408.00 236.00 3448.00 -18468.00 32.00 
254 328785 83 99 77 96 76 104 106 72 92 79 83 81 100 109 106 101 90 70 70 109 70 79 99 87 45.00 222.00 1143.00 848.00 2704.00 -19216.00 31.26 
255 329992 100 109 106 101 90 70 70 109 70 79 99 87 70 107 96 75 108 104 92 73 104 108 94 75 -183.00 85.00 1429.00 -1096.00 5492.00 -16628.00 32.07 
256 331438 70 107 96 75 108 104 92 73 104 108 94 75 109 77 80 86 86 82 93 80 95 93 94 78 -1118.00 419.00 -1091.00 -5680.00 6992.00 -16240.00 31.91 
257 332828 109 77 80 86 86 82 93 80 95 93 94 78 93 94 90 103 94 93 99 88 73 96 104 99 -105.00 -143.00 708.00 -388.00 5576.00 -16592.00 32.00 
258 334062 93 94 90 103 94 93 99 88 73 96 104 99 91 108 77 104 87 89 93 70 77 77 72 105 -421.00 -1794.00 9572.00 -2964.00 5300.00 -21188.00 31.88 
259 335153 91 108 77 104 87 89 93 70 77 77 72 105 89 93 100 97 104 103 90 93 71 95 99 72 -1148.00 908.00 2051.00 520.00 4472.00 -17208.00 31.42 
260 336357 89 93 100 97 104 103 90 93 71 95 99 72 91 99 81 84 78 72 92 98 76 85 97 97 471.00 -692.00 -12021.00 -64.00 -1888.00 -17228.00 31.37 
261 337668 91 99 81 84 78 72 92 98 76 85 97 97 87 97 87 92 78 98 81 102 73 98 108 90 -3064.00 1127.00 10391.00 -664.00 9192.00 -18292.00 30.92 
262 339258 87 97 87 92 78 98 81 102 73 98 108 90 108 104 106 92 71 75 101 97 103 99 91 104 -379.00 40.00 -1110.00 -748.00 4296.00 -16928.00 30.52 
263 340677 108 104 106 92 71 75 101 97 103 99 91 104 88 78 70 88 79 73 70 97 109 107 107 105 -425.00 -400.00 4412.00 -316.00 5680.00 -15576.00 31.13 
264 341896 88 78 70 88 79 73 70 97 109 107 107 105 84 74 100 84 79 80 87 99 78 92 87 87 -314.00 195.00 237.00 -284.00 7136.00 -15916.00 31.19 
265 343249 84 74 100 84 79 80 87 99 78 92 87 87 94 106 107 97 89 80 84 90 85 84 100 76 2054.00 -32.00 -9170.00 -2856.00 6464.00 -16636.00 31.17 
266 344763 94 106 107 97 89 80 84 90 85 84 100 76 101 101 93 72 78 103 104 91 91 97 86 109 -346.00 442.00 -269.00 -3308.00 8276.00 -15232.00 31.91 
267 345805 101 101 93 72 78 103 104 91 91 97 86 109 104 89 96 92 108 89 98 89 76 85 106 84 1160.00 2000.00 7568.00 -876.00 5028.00 -21488.00 31.24 
268 346914 104 89 96 92 108 89 98 89 76 85 106 84 70 84 91 100 71 104 79 108 70 85 105 86 2866.00 -1114.00 -10981.00 -2440.00 616.00 -15700.00 31.82 
269 348323 70 84 91 100 71 104 79 108 70 85 105 86 88 87 92 103 96 91 78 86 76 80 105 106 -496.00 200.00 239.00 -1544.00 4360.00 -17132.00 31.82 
270 349750 88 87 92 103 96 91 78 86 76 80 105 106 107 102 94 78 87 81 83 100 81 91 100 93 1316.00 556.00 10317.00 3440.00 5272.00 -18032.00 32.51 
271 350957 107 102 94 78 87 81 83 100 81 91 100 93 98 73 109 101 93 98 80 93 97 85 71 91 -483.00 -98.00 -4073.00 -3476.00 3708.00 -16264.00 31.24 
272 352343 98 73 109 101 93 98 80 93 97 85 71 91 78 104 81 92 71 75 89 92 106 98 99 77 -207.00 193.00 0.00 -1040.00 5084.00 -17476.00 31.57 
273 353362 78 104 81 92 71 75 89 92 106 98 99 77 109 84 86 70 106 78 101 103 78 96 90 78 -1543.00 433.00 2339.00 40.00 6596.00 -19864.00 31.69 
274 354210 109 84 86 70 106 78 101 103 78 96 90 78 83 77 96 73 75 81 76 84 99 105 101 85 -53.00 75.00 221.00 -1576.00 5800.00 -15964.00 31.39 
275 355428 83 77 96 73 75 81 76 84 99 105 101 85 103 84 102 86 95 88 77 76 91 81 80 105 -1108.00 -1241.00 -1211.00 -2160.00 2208.00 -14692.00 30.86 
276 356922 103 84 102 86 95 88 77 76 91 81 80 105 105 94 85 99 72 101 102 89 83 77 76 77 1788.00 -159.00 7672.00 324.00 5996.00 -18248.00 31.26 
277 358594 105 94 85 99 72 101 102 89 83 77 76 77 100 75 76 91 96 73 92 89 98 90 97 74 2100.00 -3399.00 -15031.00 6528.00 -1848.00 -20560.00 31.12 
278 360077 100 75 76 91 96 73 92 89 98 90 97 74 104 83 103 100 83 88 80 88 85 105 94 95 -434.00 255.00 480.00 848.00 4744.00 -16940.00 31.82 
279 361495 104 83 103 100 83 88 80 88 85 105 94 95 95 77 73 84 95 99 77 79 87 92 104 93 298.00 1271.00 7560.00 -2020.00 8936.00 -16404.00 31.80 
280 362911 95 77 73 84 95 99 77 79 87 92 104 93 91 73 97 79 74 88 108 71 109 87 70 94 -221.00 47.00 159.00 -976.00 4732.00 -17044.00 31.35 
281 364057 91 73 97 79 74 88 108 71 109 87 70 94 106 87 91 73 74 80 79 90 109 107 107 102 -325.00 -26.00 137.00 -380.00 4596.00 -17156.00 30.81 
282 365336 106 87 91 73 74 80 79 90 109 107 107 102 72 73 82 94 73 78 92 83 73 93 89 88 -358.00 -25.00 -188.00 -816.00 6560.00 -15808.00 31.26 
283 366843 72 73 82 94 73 78 92 83 73 93 89 88 108 94 74 108 70 93 96 76 107 73 98 109 184.00 -1120.00 -6880.00 -1596.00 5724.00 -14876.00 30.61 
284 368122 108 94 74 108 70 93 96 76 107 73 98 109 102 85 96 87 77 76 79 99 96 91 100 103 -2284.00 1881.00 9592.00 3692.00 5836.00 -16744.00 31.28 
285 369393 102 85 96 87 77 76 79 99 96 91 100 103 88 108 108 84 92 81 102 74 103 101 85 102 -473.00 -40.00 -487.00 -548.00 6924.00 -15812.00 31.04 
286 370476 88 108 108 84 92 81 102 74 103 101 85 102 93 79 77 76 90 84 93 89 82 90 82 75 -482.00 105.00 139.00 -1692.00 6440.00 -16020.00 31.51 
287 371472 93 79 77 76 90 84 93 89 82 90 82 75 101 86 79 103 91 95 77 88 105 100 82 105 3381.00 -1648.00 -9161.00 -1540.00 4024.00 -18668.00 31.71 
288 372742 101 86 79 103 91 95 77 88 105 100 82 105 81 108 93 86 90 97 106 89 75 86 93 74 -235.00 -3192.00 8765.00 -3776.00 10140.00 -12400.00 32.40 
289 373858 81 108 93 86 90 97 106 89 75 86 93 74 88 78 96 89 74 94 108 85 73 93 98 102 -21.00 -920.00 -3408.00 -640.00 4956.00 -14556.00 31.46 
290 375142 88 78 96 89 74 94 108 85 73 93 98 102 78 75 96 96 88 89 86 89 102 85 101 103 -2003.00 2402.00 9486.00 1244.00 1552.00 -22760.00 31.73 
291 376526 78 75 96 96 88 89 86 89 102 85 101 103 106 90 79 100 73 109 84 107 108 108 75 109 -230.00 -23.00 54.00 -772.00 5740.00 -15476.00 32.02 
292 377663 106 90 79 100 73 109 84 107 108 108 75 109 88 85 77 107 86 82 82 72 100 95 96 94 -319.00 228.00 310.00 -76.00 5904.00 -16560.00 31.24 
293 379224 88 85 77 107 86 82 82 72 100 95 96 94 77 95 85 109 107 97 81 99 71 75 95 72 509.00 -536.00 -4875.00 -1520.00 5360.00 -16016.00 31.77 
294 380225 77 95 85 109 107 97 81 99 71 75 95 72 100 77 77 81 100 85 94 91 102 100 71 106 507.00 -728.00 -8961.00 -1860.00 3352.00 -18592.00 32.40 
295 381378 100 77 77 81 100 85 94 91 102 100 71 106 77 93 108 90 71 91 109 103 95 81 108 84 268.00 -2036.00 6386.00 932.00 8228.00 -21768.00 31.77 
296 382557 77 93 108 90 71 91 109 103 95 81 108 84 80 107 82 106 104 103 108 81 97 100 91 94 -2304.00 -1943.00 -2788.00 -2944.00 11912.00 -9464.00 31.06 
297 383606 80 107 82 106 104 103 108 81 97 100 91 94 98 104 107 89 88 85 74 94 105 85 101 96 -751.00 210.00 -510.00 68.00 6048.00 -18208.00 32.71 
298 384871 98 104 107 89 88 85 74 94 105 85 101 96 109 71 74 100 104 101 99 86 109 91 104 92 -233.00 179.00 -108.00 -824.00 5920.00 -17396.00 31.37 
299 386262 109 71 74 100 104 101 99 86 109 91 104 92 95 108 97 86 108 73 95 93 72 84 105 84 -279.00 90.00 -555.00 408.00 6900.00 -15828.00 32.16 
300 387597 95 108 97 86 108 73 95 93 72 84 105 84 85 93 71 102 101 106 86 74 79 99 94 71 -406.00 186.00 38.00 -2144.00 7476.00 -16732.00 31.80 
301 389179 85 93 71 102 101 106 86 74 79 99 94 71 93 90 95 98 78 75 79 95 89 103 103 99 -993.00 54.00 217.00 -960.00 5316.00 -17352.00 32.00 
302 389908 93 90 95 98 78 75 79 95 89 103 103 99 77 95 104 75 82 108 103 101 82 84 93 94 326.00 -790.00 10798.00 -2316.00 5772.00 -16352.00 31.66 
303 391414 77 95 104 75 82 108 103 101 82 84 93 94 93 93 71 95 77 108 93 78 98 106 88 79 -329.00 253.00 -247.00 -900.00 4616.00 -17172.00 30.70 
304 392484 93 93 71 95 77 108 93 78 98 106 88 79 102 74 71 87 101 101 92 79 98 97 72 98 34.00 -727.00 980.00 -2168.00 10716.00 -15548.00 31.57 
305 393989 102 74 71 87 101 101 92 79 98 97 72 98 104 71 108 81 74 102 77 70 95 84 96 76 -1189.00 976.00 177.00 6208.00 1780.00 -21784.00 31.95 
306 395363 104 71 108 81 74 102 77 70 95 84 96 76 74 86 97 97 86 106 106 73 100 108 107 83 -1218.00 -29.00 -8278.00 1460.00 5844.00 -11832.00 30.99 
307 396726 74 86 97 97 86 106 106 73 100 108 107 83 107 81 99 85 108 104 70 92 77 74 92 78 640.00 652.00 680.00 204.00 3596.00 -16344.00 31.84 
308 397801 107 81 99 85 108 104 70 92 77 74 92 78 104 72 89 91 107 81 72 79 79 78 70 93 -625.00 96.00 -765.00 -1204.00 4160.00 -17396.00 32.22 
309 399474 104 72 89 91 107 81 72 79 79 78 70 93 79 102 82 80 89 78 89 76 72 74 70 70 -2506.00 1133.00 8369.00 -1092.00 4140.00 -17316.00 31.10 
310 400627 79 102 82 80 89 78 89 76 72 74 70 70 76 86 108 106 86 76 108 97 75 86 101 90 3775.00 -25.00 -9012.00 -2696.00 4464.00 -14520.00 31.62 
311 401882 76 86 108 106 86 76 108 97 75 86 101 90 80 72 93 87 84 76 106 106 86 83 104 100 -1126.00 496.00 3686.00 -720.00 4192.00 -16396.00 32.15 
312 403384 80 72 93 87 84 76 106 106 86 83 104 100 74 87 79 99 109 77 92 92 88 106 104 79 -679.00 178.00 -142.00 -1512.00 4316.00 -16900.00 31.35 
313 404945 74 87 79 99 109 77 92 92 88 106 104 79 85 108 104 76 80 84 96 102 79 90 109 76 -807.00 360.00 -582.00 -636.00 8828.00 -15868.00 32.20 
314 406495 85 108 104 76 80 84 96 102 79 90 109 76 87 88 79 99 75 109 94 86 87 92 97 94 -691.00 2.00 531.00 -2560.00 4892.00 -15268.00 30.92 
315 408030 87 88 79 99 75 109 94 86 87 92 97 94 72 78 74 106 99 102 87 78 79 104 106 91 -1812.00 1510.00 230.00 1100.00 976.00 -10920.00 31.55 
316 409290 72 78 74 106 99 102 87 78 79 104 106 91 94 73 100 94 70 90 90 73 71 80 84 91 -272.00 134.00 193.00 -736.00 4416.00 -16936.00 31.82 
317 410412 94 73 100 94 70 90 90 73 71 80 84 91 80 75 75 73 71 97 87 72 78 105 77 91 -530.00 258.00 759.00 -2688.00 3492.00 -16252.00 30.66 
318 411498 80 75 75 73 71 97 87 72 78 105 77 91 73 102 105 81 104 107 71 85 99 98 75 72 -975.00 396.00 -175.00 -2504.00 5236.00 -16340.00 30.35 
319 412795 73 102 105 81 104 107 71 85 99 98 75 72 105 71 108 74 81 93 102 95 101 89 101 108 -747.00 -755.00 -7104.00 1244.00 296.00 -19764.00 31.50 
320 414109 105 71 108 74 81 93 102 95 101 89 101 108 84 86 70 85 108 94 90 103 79 109 85 89 -1748.00 1804.00 9542.00 -1696.00 7824.00 -16492.00 30.99 
321 415134 84 86 70 85 108 94 90 103 79 109 85 89 79 102 98 74 74 76 94 84 109 85 76 90 -1601.00 1176.00 -734.00 -2508.00 5924.00 -18552.00 31.31 
322 416719 79 102 98 74 74 76 94 84 109 85 76 90 98 83 81 93 91 109 81 77 94 82 84 82 -412.00 -12.00 87.00 -1632.00 5908.00 -15376.00 31.24 
323 418093 98 83 81 93 91 109 81 77 94 82 84 82 101 98 83 104 82 95 95 72 104 108 90 74 -230.00 -213.00 -1406.00 -1732.00 5216.00 -16148.00 32.07 
324 419367 101 98 83 104 82 95 95 72 104 108 90 74 72 92 74 102 104 83 108 86 90 90 104 93 -421.00 58.00 1428.00 -1888.00 4792.00 -18444.00 32.27 
325 420642 72 92 74 102 104 83 108 86 90 90 104 93 83 93 96 104 92 76 77 100 90 100 82 88 -1820.00 1070.00 3846.00 2740.00 2956.00 -14516.00 32.76 
326 422296 83 93 96 104 92 76 77 100 90 100 82 88 92 107 78 72 89 89 82 81 75 82 72 82 -319.00 276.00 -692.00 -1780.00 6032.00 -14984.00 32.00 
327 423736 92 107 78 72 89 89 82 81 75 82 72 82 107 98 100 94 84 75 73 76 96 103 86 81 20.00 -229.00 -1781.00 -1080.00 5704.00 -16640.00 30.72 
328 425293 107 98 100 94 84 75 73 76 96 103 86 81 103 104 74 77 104 80 87 106 94 89 91 91 -235.00 -88.00 -35.00 -628.00 5172.00 -15080.00 31.93 
329 426773 103 104 74 77 104 80 87 106 94 89 91 91 73 97 85 70 78 99 100 85 70 81 81 80 961.00 98.00 474.00 1740.00 4800.00 -18092.00 32.02 
330 427961 73 97 85 70 78 99 100 85 70 81 81 80 72 75 77 78 108 101 77 72 106 83 104 75 356.00 797.00 -1376.00 -1204.00 5076.00 -18604.00 30.61 
331 428946 72 75 77 78 108 101 77 72 106 83 104 75 77 109 103 87 100 78 80 103 109 102 109 97 -57.00 -83.00 -81.00 -1064.00 5336.00 -17236.00 31.69 
332 430553 77 109 103 87 100 78 80 103 109 102 109 97 101 87 76 76 71 103 109 86 104 98 88 99 1066.00 258.00 6575.00 1464.00 6720.00 -14892.00 32.31 
333 431806 101 87 76 76 71 103 109 86 104 98 88 99 76 99 94 79 89 100 78 88 95 92 73 72 -230.00 210.00 146.00 80.00 6692.00 -16252.00 30.63 
334 433442 76 99 94 79 89 100 78 88 95 92 73 72 84 87 88 84 105 88 70 98 93 87 92 82 194.00 -651.00 -8106.00 -720.00 1748.00 -17724.00 30.97 
335 434831 84 87 88 84 105 88 70 98 93 87 92 82 70 103 85 100 106 99 99 92 77 81 99 70 -389.00 -87.00 1222.00 360.00 4040.00 -18112.00 32.47 
336 435975 70 103 85 100 106 99 99 92 77 81 99 70 89 70 104 86 92 108 104 85 103 76 101 71 -203.00 -640.00 -2392.00 -148.00 3584.00 -16524.00 32.18 
337 437121 89 70 104 86 92 108 104 85 103 76 101 71 81 107 108 71 103 98 84 83 91 70 86 102 -370.00 133.00 352.00 -856.00 3196.00 -17272.00 31.15 
338 438711 81 107 108 71 103 98 84 83 91 70 86 102 89 109 89 83 77 99 86 99 99 86 100 101 -2270.00 276.00 7313.00 -3692.00 7352.00 -18308.00 31.75 
339 440088 89 109 89 83 77 99 86 99 99 86 100 101 105 97 99 93 79 72 101 71 92 74 95 107 -177.00 290.00 273.00 -256.00 4804.00 -16972.00 30.35 
340 441403 105 97 99 93 79 72 101 71 92 74 95 107 86 82 109 79 93 76 92 88 94 102 101 109 -535.00 -182.00 552.00 -664.00 4956.00 -15552.00 31.19 
341 442501 86 82 109 79 93 76 92 88 94 102 101 109 94 85 104 102 96 81 107 103 101 78 88 88 -988.00 -74.00 -84.00 -1604.00 5316.00 -12456.00 31.10 
342 443588 94 85 104 102 96 81 107 103 101 78 88 88 95 104 70 102 72 96 81 104 82 90 71 79 -389.00 -657.00 -6171.00 -2212.00 5964.00 -15784.00 31.26 
343 444483 95 104 70 102 72 96 81 104 82 90 71 79 99 90 100 103 105 102 105 74 102 103 107 109 325.00 -92.00 634.00 936.00 4036.00 -16572.00 31.15 
344 445400 99 90 100 103 105 102 105 74 102 103 107 109 103 86 86 74 108 70 101 82 95 74 81 81 -315.00 585.00 8629.00 -1788.00 7136.00 -14304.00 32.74 
345 446886 103 86 86 74 108 70 101 82 95 74 81 81 100 85 73 89 101 88 85 73 101 72 105 79 -1251.00 849.00 -7612.00 -3408.00 7720.00 -11564.00 32.00 
346 448430 100 85 73 89 101 88 85 73 101 72 105 79 105 92 75 78 100 99 88 104 99 108 73 92 -283.00 111.00 146.00 -276.00 5108.00 -16688.00 31.97 
347 449579 105 92 75 78 100 99 88 104 99 108 73 92 79 109 70 78 70 105 73 81 104 95 91 96 1560.00 2135.00 3126.00 368.00 4196.00 -16164.00 32.16 
348 450910 79 109 70 78 70 105 73 81 104 95 91 96 89 92 109 107 76 90 109 103 94 106 107 76 -212.00 41.00 98.00 -568.00 5640.00 -15836.00 30.66 
349 452226 89 92 109 107 76 90 109 103 94 106 107 76 105 105 76 77 98 97 94 89 72 86 91 84 134.00 -356.00 -1531.00 -3564.00 14804.00 -17136.00 31.46 
350 453488 105 105 76 77 98 97 94 89 72 86 91 84 106 89 75 100 75 107 82 98 83 104 98 101 81.00 261.00 328.00 -996.00 4184.00 -15388.00 31.42 
351 454611 106 89 75 100 75 107 82 98 83 104 98 101 73 107 72 79 98 73 83 70 93 94 71 107 750.00 809.00 3844.00 1672.00 4932.00 -18396.00 31.44 
352 456035 73 107 72 79 98 73 83 70 93 94 71 107 105 92 91 84 100 75 95 93 94 70 96 71 392.00 -176.00 977.00 908.00 4956.00 -18328.00 31.15 
353 457321 105 92 91 84 100 75 95 93 94 70 96 71 102 75 87 102 81 76 102 73 94 109 74 107 -298.00 -851.00 -8740.00 600.00 1568.00 -18864.00 30.86 
354 458566 102 75 87 102 81 76 102 73 94 109 74 107 103 103 71 102 107 109 87 104 93 77 96 100 -1010.00 -858.00 10585.00 -884.00 3040.00 -10596.00 31.77 
355 459889 103 103 71 102 107 109 87 104 93 77 96 100 81 92 76 73 89 99 84 95 105 107 100 91 -795.00 -2117.00 -5815.00 3008.00 4784.00 -15012.00 32.76 
356 461260 81 92 76 73 89 99 84 95 105 107 100 91 90 104 109 92 83 100 90 103 95 99 76 86 149.00 -205.00 -521.00 -952.00 6440.00 -15348.00 31.60 
357 462373 90 104 109 92 83 100 90 103 95 99 76 86 101 107 89 99 78 74 101 70 83 71 101 107 -497.00 -82.00 -17.00 -1184.00 6320.00 -17004.00 31.53 
358 463233 101 107 89 99 78 74 101 70 83 71 101 107 82 95 77 89 86 81 103 102 90 82 102 94 -3646.00 2236.00 10406.00 -852.00 5920.00 -17244.00 31.30 
359 464687 82 95 77 89 86 81 103 102 90 82 102 94 98 85 87 82 88 77 99 80 90 108 81 98 -2251.00 68.00 -722.00 -1632.00 7956.00 -14896.00 30.88 
360 466325 98 85 87 82 88 77 99 80 90 108 81 98 72 88 92 75 70 99 92 74 79 102 101 71 34.00 92.00 139.00 -1980.00 5384.00 -16240.00 31.51 
361 467574 72 88 92 75 70 99 92 74 79 102 101 71 84 74 84 96 101 93 90 102 109 88 93 77 1982.00 160.00 -8319.00 -688.00 4592.00 -18884.00 30.86 
362 468894 84 74 84 96 101 93 90 102 109 88 93 77 99 85 74 81 102 101 78 98 74 79 103 103 -255.00 357.00 940.00 -688.00 5264.00 -16664.00 31.98 
363 470246 99 85 74 81 102 101 78 98 74 79 103 103 79 83 72 92 90 94 106 95 95 75 98 87 -463.00 704.00 8817.00 -1144.00 7208.00 -16740.00 31.69 
364 471428 79 83 72 92 90 94 106 95 95 75 98 87 108 91 84 75 81 73 100 83 83 84 109 106 -854.00 -729.00 -1470.00 -212.00 6084.00 -15352.00 31.37 
365 472637 108 91 84 75 81 73 100 83 83 84 109 106 79 77 90 82 95 72 108 95 78 100 74 90 19.00 460.00 7407.00 1312.00 6352.00 -16264.00 30.59 
366 473883 79 77 90 82 95 72 108 95 78 100 74 90 82 102 106 104 97 93 94 78 103 83 102 95 854.00 -258.00 -2747.00 -3072.00 7156.00 -19056.00 31.13 
367 475201 82 102 106 104 97 93 94 78 103 83 102 95 77 72 84 96 101 106 104 70 76 107 85 79 341.00 329.00 463.00 -636.00 4268.00 -16440.00 32.26 
368 476448 77 72 84 96 101 106 104 70 76 107 85 79 86 91 83 105 81 83 83 88 85 74 97 79 -1699.00 -871.00 -628.00 -3156.00 8136.00 -15444.00 32.26 
369 477690 86 91 83 105 81 83 83 88 85 74 97 79 82 71 105 107 94 102 84 76 100 107 75 77 -650.00 189.00 218.00 -608.00 5284.00 -15748.00 32.02 
370 479010 82 71 105 107 94 102 84 76 100 107 75 77 70 93 72 70 70 109 101 95 85 109 84 109 -18.00 223.00 -433.00 -1488.00 5480.00 -15308.00 32.45 
371 480139 70 93 72 70 70 109 101 95 85 109 84 109 76 104 104 77 87 74 74 107 103 87 104 95 -116.00 -34.00 6015.00 16.00 8024.00 -13932.00 31.30 
372 481295 76 104 104 77 87 74 74 107 103 87 104 95 96 82 95 77 100 95 87 104 102 88 90 97 -1087.00 186.00 -3275.00 -1808.00 4996.00 -15932.00 30.79 
373 482386 96 82 95 77 100 95 87 104 102 88 90 97 107 81 104 72 77 99 94 76 93 102 106 102 -533.00 -89.00 15.00 -524.00 6472.00 -16448.00 31.62 
374 483901 107 81 104 72 77 99 94 76 93 102 106 102 106 76 88 88 99 102 106 83 88 102 88 104 -409.00 11.00 146.00 -1564.00 5328.00 -16548.00 31.06 
375 485428 106 76 88 88 99 102 106 83 88 102 88 104 98 83 105 103 91 99 80 95 87 81 86 105 -288.00 231.00 287.00 -1168.00 5064.00 -16552.00 31.40 
376 486782 98 83 105 103 91 99 80 95 87 81 86 105 92 85 102 102 82 73 87 105 72 100 81 89 -408.00 36.00 7.00 -2664.00 5656.00 -14932.00 31.28 
377 488088 92 85 102 102 82 73 87 105 72 100 81 89 98 73 100 93 103 79 105 93 97 74 93 103 -1111.00 -1245.00 -6770.00 -1224.00 5676.00 -14516.00 31.06 
378 489146 98 73 100 93 103 79 105 93 97 74 93 103 86 72 106 98 87 74 71 94 104 89 108 104 -1378.00 400.00 2589.00 -1448.00 6928.00 -21668.00 32.07 
379 490800 86 72 106 98 87 74 71 94 104 89 108 104 89 100 82 78 71 97 109 101 100 84 84 74 -169.00 -39.00 85.00 -428.00 6892.00 -17152.00 31.15 
380 491780 89 100 82 78 71 97 109 101 100 84 84 74 104 82 92 106 82 98 85 103 105 92 86 109 -1046.00 -2469.00 -2983.00 1604.00 4512.00 -13560.00 30.68 
381 493003 104 82 92 106 82 98 85 103 105 92 86 109 91 72 99 76 92 96 88 106 86 74 91 79 1132.00 -521.00 7812.00 1076.00 5320.00 -18068.00 31.53 
382 494390 91 72 99 76 92 96 88 106 86 74 91 79 77 97 85 107 103 96 87 71 72 95 106 94 408.00 -2640.00 -10768.00 -4284.00 2616.00 -11172.00 30.61 
383 495611 77 97 85 107 103 96 87 71 72 95 106 94 75 91 80 105 87 88 106 93 94 86 73 71 2955.00 537.00 7482.00 -3128.00 3736.00 -14244.00 32.47 
384 496884 75 91 80 105 87 88 106 93 94 86 73 71 79 89 97 71 109 105 108 97 104 93 92 104 -991.00 -195.00 -5448.00 2332.00 3872.00 -13056.00 31.88 
385 498249 79 89 97 71 109 105 108 97 104 93 92 104 104 108 70 107 82 104 70 108 106 106 107 93 2115.00 3113.00 586.00 -4588.00 3060.00 -17680.00 32.18 
386 499480 104 108 70 107 82 104 70 108 106 106 107 93 100 97 109 87 87 106 70 72 108 106 72 109 -472.00 394.00 0.00 256.00 7660.00 -14040.00 32.40 
387 500841 100 97 109 87 87 106 70 72 108 106 72 109 94 73 109 72 70 96 79 82 76 108 101 85 3034.00 252.00 3879.00 -1136.00 3764.00 -20180.00 31.89 
388 501884 94 73 109 72 70 96 79 82 76 108 101 85 73 108 104 95 93 101 78 97 72 90 105 81 3488.00 -2253.00 -6970.00 -1488.00 5072.00 -17736.00 30.61 
389 503398 73 108 104 95 93 101 78 97 72 90 105 81 93 89 98 94 94 108 101 99 75 83 105 75 -599.00 -240.00 -284.00 -1660.00 4360.00 -16320.00 31.28 
390 504778 93 89 98 94 94 108 101 99 75 83 105 75 92 90 93 80 101 75 96 70 102 87 106 72 -727.00 -161.00 35.00 -1284.00 3072.00 -16312.00 31.82 
391 505862 92 90 93 80 101 75 96 70 102 87 106 72 102 91 105 84 83 97 95 107 99 96 92 91 1298.00 174.00 -1690.00 1292.00 3508.00 -20372.00 31.22 
392 506953 102 91 105 84 83 97 95 107 99 96 92 91 82 100 76 109 73 108 95 86 89 88 74 95 507.00 260.00 5533.00 -268.00 6368.00 -20548.00 31.44 
393 508496 82 100 76 109 73 108 95 86 89 88 74 95 107 104 103 87 75 80 80 102 93 77 75 92 -201.00 -28.00 210.00 -576.00 5312.00 -15884.00 31.98 
394 509765 107 104 103 87 75 80 80 102 93 77 75 92 72 102 77 99 101 78 89 78 102 104 79 95 -336.00 77.00 228.00 -796.00 5400.00 -17852.00 30.72 
395 511233 72 102 77 99 101 78 89 78 102 104 79 95 108 90 81 77 107 107 104 74 106 83 93 105 671.00 1246.00 1167.00 -900.00 6624.00 -17068.00 32.20 
396 512686 108 90 81 77 107 107 104 74 106 83 93 105 109 90 83 106 99 95 83 102 100 107 75 94 -107.00 559.00 843.00 -652.00 4964.00 -16720.00 31.55 
397 513973 109 90 83 106 99 95 83 102 100 107 75 94 71 95 80 73 98 109 77 89 71 73 75 103 -1034.00 254.00 -634.00 -768.00 8036.00 -15264.00 32.65 
398 515151 71 95 80 73 98 109 77 89 71 73 75 103 90 105 85 104 102 87 91 70 93 102 90 75 -2528.00 435.00 1406.00 -400.00 -752.00 -17752.00 30.92 
399 516390 90 105 85 104 102 87 91 70 93 102 90 75 80 95 87 96 81 73 77 77 102 75 92 70 1901.00 1893.00 -4868.00 -6020.00 4108.00 -8028.00 31.89 
400 517918 80 95 87 96 81 73 77 77 102 75 92 70 99 107 85 81 94 99 92 100 104 80 91 79 -398.00 186.00 -92.00 -2756.00 6396.00 -15368.00 31.98 
401 519354 99 107 85 81 94 99 92 100 104 80 91 79 79 89 107 78 86 97 79 97 89 70 108 94 -496.00 -71.00 2366.00 1208.00 5772.00 -18176.00 31.44 
402 520266 79 89 107 78 86 97 79 97 89 70 108 94 103 86 77 86 70 88 90 86 90 75 82 85 -522.00 -69.00 5053.00 304.00 7944.00 -17228.00 31.24 
403 521594 103 86 77 86 70 88 90 86 90 75 82 85 90 85 108 73 81 101 85 89 90 102 96 71 -1548.00 67.00 -3481.00 552.00 4648.00 -17200.00 30.55 
404 523246 90 85 108 73 81 101 85 89 90 102 96 71 108 80 83 94 89 75 106 90 87 107 75 106 -647.00 343.00 -2861.00 -1288.00 2720.00 -14200.00 30.57 
405 524507 108 80 83 94 89 75 106 90 87 107 75 106 82 89 107 77 78 103 75 78 95 86 70 90 -2845.00 -215.00 2551.00 -2956.00 4608.00 -18296.00 31.86 
406 525456 82 89 107 77 78 103 75 78 95 86 70 90 107 97 75 95 73 72 102 76 106 87 76 104 -893.00 -502.00 -3106.00 -4740.00 5648.00 -15784.00 30.57 
407 526863 107 97 75 95 73 72 102 76 106 87 76 104 96 81 88 102 109 80 103 105 104 83 102 71 -2677.00 851.00 3382.00 1060.00 4884.00 -12948.00 31.86 
408 528117 96 81 88 102 109 80 103 105 104 83 102 71 94 102 104 91 98 78 102 92 85 80 89 98 -3426.00 -3043.00 -5516.00 4448.00 8564.00 -13364.00 31.86 
409 529178 94 102 104 91 98 78 102 92 85 80 89 98 96 78 78 105 86 79 78 83 76 95 93 90 -2181.00 500.00 10170.00 -1660.00 10188.00 -15772.00 31.89 
410 530415 96 78 78 105 86 79 78 83 76 95 93 90 109 102 101 101 72 75 104 89 104 105 97 101 73.00 -52.00 -2703.00 -1924.00 5572.00 -15056.00 31.82 
411 531529 109 102 101 101 72 75 104 89 104 105 97 101 93 108 81 102 79 86 77 86 72 78 108 87 -1748.00 5704.00 2706.00 -1532.00 108.00 -13052.00 31.62 
412 532833 93 108 81 102 79 86 77 86 72 78 108 87 78 85 86 99 102 76 72 83 72 77 82 98 -940.00 477.00 -2894.00 -1900.00 7784.00 -16468.00 30.41 
413 534084 78 85 86 99 102 76 72 83 72 77 82 98 70 102 83 103 95 70 76 88 95 73 83 102 2605.00 -1328.00 3180.00 844.00 4472.00 -17124.00 32.54 
414 535300 70 102 83 103 95 70 76 88 95 73 83 102 87 86 85 91 78 83 98 82 76 84 80 105 -478.00 -81.00 509.00 -1324.00 6696.00 -14060.00 31.42 
415 536660 87 86 85 91 78 83 98 82 76 84 80 105 85 101 85 84 100 86 105 80 78 97 98 91 -612.00 155.00 182.00 -2768.00 5896.00 -14740.00 31.04 
416 537601 85 101 85 84 100 86 105 80 78 97 98 91 95 101 81 72 84 89 103 105 76 107 89 73 -1211.00 207.00 694.00 -512.00 5844.00 -13872.00 30.61 
417 539078 95 101 81 72 84 89 103 105 76 107 89 73 105 78 88 89 98 97 77 107 106 78 89 94 -1106.00 63.00 -6054.00 -996.00 732.00 -14372.00 31.69 
418 540191 105 78 88 89 98 97 77 107 106 78 89 94 75 96 79 79 104 72 77 76 71 83 72 96 993.00 1233.00 6530.00 -1440.00 4556.00 -18208.00 31.95 
419 541709 75 96 79 79 104 72 77 76 71 83 72 96 107 87 77 95 98 70 86 97 101 92 99 95 -516.00 -34.00 313.00 -408.00 6520.00 -16908.00 30.34 
420 542766 107 87 77 95 98 70 86 97 101 92 99 95 82 102 98 74 106 101 84 99 98 70 90 72 -17.00 480.00 344.00 -64.00 6024.00 -15720.00 32.27 
421 544020 82 102 98 74 106 101 84 99 98 70 90 72 80 71 97 106 81 89 76 79 97 101 71 107 88.00 -904.00 -8827.00 -432.00 1576.00 -15588.00 31.30 
422 544780 80 71 97 106 81 89 76 79 97 101 71 107 74 74 79 87 102 76 105 101 96 105 101 76 283.00 -324.00 4369.00 -9156.00 3256.00 -10092.00 31.35 
423 545890 74 74 79 87 102 76 105 101 96 105 101 76 70 98 89 82 73 95 103 102 100 73 90 70 -1533.00 -337.00 -1254.00 -2584.00 10964.00 -18448.00 32.18 
424 547343 70 98 89 82 73 95 103 102 100 73 90 70 88 87 78 102 80 93 89 77 108 107 81 72 -141.00 105.00 360.00 -2236.00 6044.00 -15416.00 30.83 
425 548404 88 87 78 102 80 93 89 77 108 107 81 72 81 108 102 81 70 94 77 80 84 92 85 80 -97.00 259.00 192.00 -648.00 6188.00 -16216.00 32.09 
426 549976 81 108 102 81 70 94 77 80 84 92 85 80 98 102 84 105 107 105 75 72 76 74 109 87 -619.00 324.00 5035.00 -1540.00 5636.00 -16204.00 30.86 
427 551235 98 102 84 105 107 105 75 72 76 74 109 87 99 71 92 73 95 103 93 102 73 95 71 105 -21.00 186.00 314.00 -880.00 2444.00 -16716.00 32.73 
428 552472 99 71 92 73 95 103 93 102 73 95 71 105 82 100 75 101 84 86 90 104 85 106 75 86 744.00 -191.00 24.00 -1092.00 2916.00 -17960.00 31.40 
429 553722 82 100 75 101 84 86 90 104 85 106 75 86 84 83 83 88 85 87 102 78 73 94 76 100 -513.00 1856.00 -2370.00 -1280.00 8892.00 -15168.00 31.50 
430 555323 84 83 83 88 85 87 102 78 73 94 76 100 102 78 95 84 75 76 98 108 90 79 98 91 -2662.00 2920.00 2774.00 -124.00 6800.00 -13148.00 31.75 
431 556529 102 78 95 84 75 76 98 108 90 79 98 91 86 102 72 90 102 104 103 109 87 105 71 79 -234.00 180.00 -3100.00 -820.00 7148.00 -13128.00 31.12 
432 557858 86 102 72 90 102 104 103 109 87 105 71 79 96 90 80 91 102 84 107 87 106 103 105 87 72.00 199.00 1262.00 -708.00 6268.00 -17196.00 31.57 
433 559158 96 90 80 91 102 84 107 87 106 103 105 87 72 98 89 83 72 88 96 96 90 106 102 78 112.00 392.00 -3160.00 412.00 6808.00 -18276.00 32.20 
434 560505 72 98 89 83 72 88 96 96 90 106 102 78 71 102 103 99 81 107 78 98 98 104 107 76 -314.00 -916.00 -2545.00 -3844.00 8608.00 -14728.00 31.50 
435 561793 71 102 103 99 81 107 78 98 98 104 107 76 80 92 94 93 106 79 87 97 71 97 88 74 -714.00 20.00 172.00 -1296.00 4932.00 -16500.00 31.95 
436 563167 80 92 94 93 106 79 87 97 71 97 88 74 101 101 84 101 70 91 70 90 106 93 95 102 -348.00 71.00 77.00 -2564.00 5272.00 -16464.00 32.45 
437 564335 101 101 84 101 70 91 70 90 106 93 95 102 108 95 96 101 102 100 78 109 90 97 88 84 -654.00 2575.00 5858.00 -3156.00 4548.00 -15788.00 32.22 
438 565915 108 95 96 101 102 100 78 109 90 97 88 84 79 96 90 96 84 93 109 72 87 72 104 97 -1716.00 -1108.00 -431.00 -2988.00 8144.00 -13320.00 32.60 
439 567194 79 96 90 96 84 93 109 72 87 72 104 97 82 109 94 71 109 102 71 81 83 96 97 99 -102.00 104.00 1309.00 808.00 2872.00 -19568.00 31.89 
440 568679 82 109 94 71 109 102 71 81 83 96 97 99 103 103 89 90 85 89 97 89 84 77 90 94 -268.00 160.00 51.00 -1352.00 4392.00 -16488.00 30.99 
441 569889 103 103 89 90 85 89 97 89 84 77 90 94 84 78 99 104 106 96 74 94 75 102 94 90 -469.00 -83.00 -695.00 -1572.00 4916.00 -15476.00 31.37 
442 570915 84 78 99 104 106 96 74 94 75 102 94 90 89 88 91 109 75 94 75 75 95 87 83 73 -513.00 41.00 131.00 -1284.00 4752.00 -17032.00 31.69 
443 571749 89 88 91 109 75 94 75 75 95 87 83 73 72 82 78 94 98 72 84 80 72 78 102 89 -906.00 -289.00 -3803.00 -2336.00 5324.00 -11692.00 31.46 
444 572940 72 82 78 94 98 72 84 80 72 78 102 89 102 89 73 91 94 96 91 101 72 101 102 74 -1464.00 602.00 3416.00 736.00 3988.00 -17500.00 32.18 
445 574266 102 89 73 91 94 96 91 101 72 101 102 74 106 92 98 98 91 82 75 103 84 78 76 84 2705.00 815.00 -1686.00 -788.00 5052.00 -14452.00 30.73 
446 575888 106 92 98 98 91 82 75 103 84 78 76 84 99 99 75 101 103 98 105 101 90 72 99 75 -561.00 -485.00 6308.00 -1508.00 4872.00 -13984.00 31.88 
447 577103 99 99 75 101 103 98 105 101 90 72 99 75 105 76 104 89 80 70 91 87 89 105 96 103 -1280.00 -480.00 -1273.00 4.00 4180.00 -14632.00 32.07 
448 578582 105 76 104 89 80 70 91 87 89 105 96 103 85 98 89 96 80 106 73 73 89 108 104 97 1239.00 -725.00 4899.00 -292.00 2952.00 -10500.00 30.99 
449 579827 85 98 89 96 80 106 73 73 89 108 104 97 88 93 105 100 80 98 96 102 94 80 84 71 103.00 147.00 331.00 -1492.00 5048.00 -16696.00 30.79 
450 581125 88 93 105 100 80 98 96 102 94 80 84 71 90 108 90 103 76 102 84 70 101 81 81 93 -530.00 -175.00 -6666.00 240.00 5156.00 -21208.00 31.82 
451 582883 90 108 90 103 76 102 84 70 101 81 81 93 106 95 96 104 93 102 70 107 83 79 83 93 -936.00 -86.00 5572.00 320.00 3608.00 -10064.00 31.89 
452 584421 106 95 96 104 93 102 70 107 83 79 83 93 88 109 72 95 89 93 78 73 98 106 79 109 -269.00 144.00 178.00 -184.00 4744.00 -15868.00 32.47 
453 585643 88 109 72 95 89 93 78 73 98 106 79 109 94 89 80 77 79 86 92 81 71 101 90 98 -573.00 1870.00 1051.00 1172.00 4816.00 -16300.00 31.78 
454 587100 94 89 80 77 79 86 92 81 71 101 90 98 100 87 93 109 90 83 90 79 73 93 79 77 1449.00 -502.00 -3671.00 -656.00 5208.00 -20588.00 31.19 
455 588169 100 87 93 109 90 83 90 79 73 93 79 77 74 78 92 91 83 86 86 77 102 95 73 88 1684.00 -567.00 -8761.00 -2400.00 1396.00 -15984.00 32.09 
456 589589 74 78 92 91 83 86 86 77 102 95 73 88 104 91 105 74 105 108 89 106 86 105 108 100 -437.00 179.00 2171.00 -644.00 4620.00 -16992.00 31.62 
457 590665 104 91 105 74 105 108 89 106 86 105 108 100 104 103 81 99 99 100 77 90 71 109 76 109 -504.00 7.00 1231.00 1896.00 2956.00 -17392.00 31.64 
458 592078 104 103 81 99 99 100 77 90 71 109 76 109 80 105 74 70 88 91 79 71 97 89 99 80 -103.00 506.00 2247.00 -32.00 4260.00 -15332.00 31.53 
459 593226 80 105 74 70 88 91 79 71 97 89 99 80 72 86 81 99 104 90 107 96 91 107 101 92 407.00 -855.00 -7683.00 -2644.00 5352.00 -11796.00 31.40 
460 594705 72 86 81 99 104 90 107 96 91 107 101 92 102 99 86 103 100 107 107 92 77 89 80 76 -407.00 915.00 1029.00 752.00 3500.00 -17876.00 32.62 
461 596065 102 99 86 103 100 107 107 92 77 89 80 76 76 89 76 75 82 79 95 97 80 70 95 107 -755.00 -425.00 -1718.00 -1284.00 5256.00 -18120.00 32.89 
462 597572 76 89 76 75 82 79 95 97 80 70 95 107 79 90 109 101 91 87 108 108 99 103 91 80 -978.00 283.00 10291.00 724.00 8380.00 -17240.00 31.37 
463 598732 79 90 109 101 91 87 108 108 99 103 91 80 85 89 87 89 74 99 73 107 79 95 92 84 -2850.00 -1525.00 -3895.00 -2988.00 8844.00 -7056.00 31.71 
464 599976 85 89 87 89 74 99 73 107 79 95 92 84 78 76 76 96 103 89 92 91 71 85 86 70 -396.00 183.00 1870.00 -1752.00 5376.00 -16408.00 31.31 
465 601223 78 76 76 96 103 89 92 91 71 85 86 70 104 75 98 103 100 100 88 108 71 101 89 78 -519.00 -185.00 -1839.00 308.00 6428.00 -17768.00 32.07 
466 602516 104 75 98 103 100 100 88 108 71 101 89 78 94 86 90 100 92 70 97 79 106 108 103 105 -685.00 422.00 1998.00 816.00 3668.00 -17932.00 32.33 
467 603834 94 86 90 100 92 70 97 79 106 108 103 105 73 80 79 87 77 72 109 96 88 71 71 101 -1398.00 -336.00 1112.00 -2524.00 2968.00 -18320.00 31.10 
468 605165 73 80 79 87 77 72 109 96 88 71 71 101 108 102 72 89 70 92 96 88 105 106 72 101 -820.00 93.00 255.00 -660.00 6952.00 -16392.00 31.01 
469 606349 108 102 72 89 70 92 96 88 105 106 72 101 94 83 83 94 82 77 95 73 80 82 97 74 -487.00 29.00 -17.00 532.00 6016.00 -16680.00 30.75 
470 607748 94 83 83 94 82 77 95 73 80 82 97 74 91 71 98 82 104 98 92 88 109 81 107 83 2152.00 -1851.00 -13883.00 -2128.00 4008.00 -13964.00 31.66 
471 609024 91 71 98 82 104 98 92 88 109 81 107 83 95 87 80 89 105 107 101 109 92 84 95 101 180.00 862.00 2725.00 -960.00 5220.00 -18824.00 32.07 
472 609976 95 87 80 89 105 107 101 109 92 84 95 101 83 98 98 94 72 98 83 92 103 104 101 106 -681.00 482.00 1148.00 1720.00 2348.00 -17524.00 31.69 
473 611532 83 98 98 94 72 98 83 92 103 104 101 106 104 109 70 86 103 84 73 106 80 108 87 105 -454.00 243.00 535.00 464.00 6208.00 -16740.00 31.37 
474 612848 104 109 70 86 103 84 73 106 80 108 87 105 106 80 74 78 72 98 90 108 84 102 70 101 -259.00 57.00 173.00 -644.00 6316.00 -16540.00 31.57 
475 614197 106 80 74 78 72 98 90 108 84 102 70 101 107 80 91 90 92 107 73 85 108 104 105 75 662.00 117.00 67.00 4.00 5996.00 -20044.00 30.59 
476 615574 107 80 91 90 92 107 73 85 108 104 105 75 77 98 101 81 73 70 77 78 102 76 82 72 -2469.00 -158.00 -3892.00 696.00 8256.00 -14472.00 31.89 
477 616747 77 98 101 81 73 70 77 78 102 76 82 72 71 87 99 106 96 82 93 72 89 87 80 76 117.00 -192.00 377.00 -1884.00 5184.00 -17224.00 30.93 
478 617976 71 87 99 106 96 82 93 72 89 87 80 76 92 89 78 73 77 105 91 96 81 81 91 85 71.00 -87.00 1217.00 -620.00 6120.00 -20000.00 31.22 
479 619028 92 89 78 73 77 105 91 96 81 81 91 85 87 70 70 91 73 104 75 72 98 90 98 103 -321.00 172.00 658.00 -724.00 3648.00 -15676.00 30.99 
480 620480 87 70 70 91 73 104 75 72 98 90 98 103 76 103 105 104 71 95 104 86 99 108 83 90 307.00 -439.00 1231.00 -1188.00 7112.00 -18780.00 31.12 
481 621786 76 103 105 104 71 95 104 86 99 108 83 90 75 93 90 92 96 104 104 74 73 92 80 95 -54.00 12.00 -534.00 -560.00 9636.00 -17316.00 31.68 
482 623341 75 93 90 92 96 104 104 74 73 92 80 95 109 103 76 95 70 71 104 94 71 75 100 101 -1644.00 -56.00 456.00 -2204.00 3028.00 -13852.00 31.89 
483 624809 109 103 76 95 70 71 104 94 71 75 100 101 74 87 102 84 106 107 84 79 94 82 101 91 -792.00 -121.00 1383.00 48.00 3400.00 -15088.00 30.54 
484 626392 74 87 102 84 106 107 84 79 94 82 101 91 106 82 99 101 73 93 105 98 89 105 101 94 -515.00 -377.00 -2589.00 -1576.00 3076.00 -15464.00 31.51 
485 627506 106 82 99 101 73 93 105 98 89 105 101 94 71 107 87 90 100 104 79 94 84 84 76 108 -479.00 97.00 222.00 -1176.00 5412.00 -15976.00 31.89 
486 628936 71 107 87 90 100 104 79 94 84 84 76 108 82 109 72 106 99 75 75 72 74 87 77 93 692.00 197.00 1546.00 328.00 4296.00 -15000.00 31.40 
487 630281 82 109 72 106 99 75 75 72 74 87 77 93 77 101 85 70 102 80 71 109 105 101 90 108 -280.00 3.00 -5321.00 -2104.00 5412.00 -14784.00 31.88 
488 631518 77 101 85 70 102 80 71 109 105 101 90 108 88 79 72 97 106 82 81 73 73 98 106 83 -9.00 1290.00 5832.00 1284.00 7036.00 -14620.00 31.78 
489 632954 88 79 72 97 106 82 81 73 73 98 106 83 108 97 78 107 77 107 96 87 104 74 105 101 773.00 -1069.00 -6997.00 2780.00 8972.00 -10076.00 31.69 
490 634580 108 97 78 107 77 107 96 87 104 74 105 101 94 88 80 80 98 74 86 79 109 98 74 74 -362.00 217.00 6248.00 4636.00 3172.00 -15580.00 32.07 
491 636035 94 88 80 80 98 74 86 79 109 98 74 74 88 70 77 71 77 80 87 82 74 106 73 83 -2196.00 373.00 -7965.00 -1092.00 3412.00 -19424.00 31.75 
492 637246 88 70 77 71 77 80 87 82 74 106 73 83 105 72 88 81 76 70 107 88 70 88 71 73 -1159.00 -1092.00 -936.00 -1204.00 -1224.00 -15340.00 30.66 
493 638262 105 72 88 81 76 70 107 88 70 88 71 73 78 71 78 108 93 90 77 97 85 76 107 104 -182.00 401.00 -125.00 -704.00 7916.00 -16120.00 30.92 
494 639585 78 71 78 108 93 90 77 97 85 76 107 104 95 98 103 108 83 104 71 77 91 81 79 84 -1377.00 2446.00 11267.00 -4368.00 7776.00 -12620.00 32.26 
495 640831 95 98 103 108 83 104 71 77 91 81 79 84 103 79 101 89 99 71 107 87 101 102 106 90 -270.00 -311.00 -5376.00 -544.00 2496.00 -19536.00 32.07 
496 642150 103 79 101 89 99 71 107 87 101 102 106 90 97 82 73 85 74 107 107 92 109 101 79 99 -282.00 512.00 1363.00 -1312.00 4228.00 -16032.00 31.55 
497 643292 97 82 73 85 74 107 107 92 109 101 79 99 107 74 100 73 71 102 87 78 72 88 70 102 -310.00 -175.00 173.00 -636.00 5964.00 -16400.00 31.24 
498 644446 107 74 100 73 71 102 87 78 72 88 70 102 105 71 79 71 72 100 79 88 94 80 77 82 -37.00 193.00 -71.00 -1304.00 2440.00 -17784.00 30.66 
499 645953 105 71 79 71 72 100 79 88 94 80 77 82 83 85 92 90 89 90 90 74 109 100 81 75 -3867.00 66.00 -7456.00 -376.00 2924.00 -12224.00 30.73 
500 647413 83 85 92 90 89 90 90 74 109 100 81 75 71 80 93 75 80 91 90 86 95 98 99 85 -360.00 110.00 201.00 -928.00 6012.00 -17740.00 31.82 
501 648747 71 80 93 75 80 91 90 86 95 98 99 85 91 95 91 109 90 100 108 99 80 89 85 83 -269.00 -42.00 2352.00 -1388.00 6524.00 -16944.00 31.13 
502 650073 91 95 91 109 90 100 108 99 80 89 85 83 91 107 108 88 96 83 88 80 102 104 96 91 683.00 20.00 126.00 432.00 3752.00 -21608.00 31.95 
503 651439 91 107 108 88 96 83 88 80 102 104 96 91 104 83 79 81 89 77 82 101 96 76 76 103 -121.00 -52.00 1319.00 -1764.00 4572.00 -13112.00 32.20 
504 652737 104 83 79 81 89 77 82 101 96 76 76 103 92 109 109 88 78 90 95 75 80 87 102 86 -1239.00 1359.00 3504.00 1348.00 5164.00 -10420.00 31.69 
505 653872 92 109 109 88 78 90 95 75 80 87 102 86 79 70 89 86 86 109 78 79 86 74 78 97 2676.00 -2219.00 -10270.00 -140.00 2744.00 -17264.00 31.06 
506 655115 79 70 89 86 86 109 78 79 86 74 78 97 99 105 92 73 105 108 74 74 89 105 79 91 -606.00 -475.00 4695.00 -1020.00 3980.00 -16788.00 31.06 
507 656229 99 105 92 73 105 108 74 74 89 105 79 91 78 84 103 92 86 91 82 85 90 106 104 94 -529.00 -48.00 -140.00 -1272.00 4436.00 -16256.00 31.75 
508 657677 78 84 103 92 86 91 82 85 90 106 104 94 86 101 100 78 99 71 91 102 94 79 87 77 -282.00 104.00 112.00 -1520.00 4608.00 -16432.00 31.10 
509 658902 86 101 100 78 99 71 91 102 94 79 87 77 74 76 105 105 76 70 93 93 76 90 73 77 -166.00 -1550.00 -5742.00 -1928.00 4744.00 -17508.00 30.92 
510 660022 74 76 105 105 76 70 93 93 76 90 73 77 94 103 104 109 90 86 87 91 85 95 107 86 -81.00 197.00 254.00 -2528.00 5988.00 -15328.00 31.17 
511 661166 94 103 104 109 90 86 87 91 85 95 107 86 102 97 81 93 75 78 83 70 79 93 101 77 -223.00 659.00 1723.00 -1460.00 6012.00 -18820.00 32.33 
512 662521 102 97 81 93 75 78 83 70 79 93 101 77 84 109 94 95 93 97 95 82 100 100 105 93 -61.00 134.00 -3886.00 -1816.00 8568.00 -18032.00 31.31 
513 664289 84 109 94 95 93 97 95 82 100 100 105 93 81 72 109 98 86 77 74 90 105 70 91 70 271.00 1201.00 3995.00 856.00 4836.00 -15508.00 32.22 
514 665521 81 72 109 98 86 77 74 90 105 70 91 70 76 98 77 106 85 71 107 74 93 105 104 76 -150.00 -219.00 -8305.00 84.00 3876.00 -15980.00 31.57 
515 666813 76 98 77 106 85 71 107 74 93 105 104 76 84 82 101 70 108 85 88 71 86 98 79 78 -677.00 197.00 673.00 -1340.00 5580.00 -15372.00 32.27 
516 668188 84 82 101 70 108 85 88 71 86 98 79 78 81 97 97 84 72 72 85 103 83 84 98 95 -242.00 -32.00 107.00 -2076.00 5092.00 -16824.00 32.33 
517 669471 81 97 97 84 72 72 85 103 83 84 98 95 99 78 107 74 86 86 73 82 77 79 75 84 -1458.00 1052.00 5191.00 -1036.00 8720.00 -14948.00 31.59 
518 670843 99 78 107 74 86 86 73 82 77 79 75 84 79 83 94 80 100 86 84 106 70 92 74 73 989.00 -915.00 -5674.00 -2368.00 4456.00 -12252.00 30.99 
519 672598 79 83 94 80 100 86 84 106 70 92 74 73 107 102 76 81 90 78 80 104 81 96 98 98 -48.00 -347.00 -1621.00 -1860.00 6084.00 -18428.00 31.50 
520 673891 107 102 76 81 90 78 80 104 81 96 98 98 72 99 79 70 106 92 77 107 93 75 78 77 -2744.00 1898.00 8894.00 1740.00 6752.00 -18172.00 31.93 
521 675077 72 99 79 70 106 92 77 107 93 75 78 77 70 85 74 79 77 88 71 100 89 104 82 99 -959.00 -1187.00 -5177.00 -2616.00 6112.00 -13592.00 31.44 
522 676774 70 85 74 79 77 88 71 100 89 104 82 99 72 104 76 72 94 96 89 80 75 105 83 102 427.00 718.00 7618.00 -3216.00 8216.00 -15848.00 30.99 
523 678168 72 104 76 72 94 96 89 80 75 105 83 102 73 98 105 72 75 85 98 74 78 109 75 93 -499.00 173.00 196.00 -2704.00 5440.00 -14368.00 31.12 
524 679364 73 98 105 72 75 85 98 74 78 109 75 93 101 81 94 82 100 109 88 104 100 86 83 93 352.00 -18.00 -838.00 -1724.00 5156.00 -20552.00 30.86 
525 680559 101 81 94 82 100 109 88 104 100 86 83 93 72 103 102 106 94 89 106 79 71 92 109 72 -208.00 -50.00 -330.00 -132.00 5136.00 -14800.00 31.57 
526 681866 72 103 102 106 94 89 106 79 71 92 109 72 88 91 109 93 88 97 83 98 78 87 86 105 704.00 -72.00 -5346.00 -3004.00 4248.00 -15908.00 32.13 
527 683184 88 91 109 93 88 97 83 98 78 87 86 105 105 75 82 77 101 104 85 87 71 75 91 72 -3034.00 1054.00 8921.00 -1232.00 8308.00 -17692.00 32.00 
528 684775 105 75 82 77 101 104 85 87 71 75 91 72 86 87 74 105 100 72 75 74 107 82 87 85 1494.00 291.00 -13894.00 -276.00 -2488.00 -18324.00 31.91 
529 685935 86 87 74 105 100 72 75 74 107 82 87 85 91 91 109 104 74 89 70 93 104 105 78 96 682.00 348.00 2112.00 -652.00 2028.00 -12536.00 32.73 
530 687195 91 91 109 104 74 89 70 93 104 105 78 96 95 76 78 92 72 89 100 78 97 105 80 89 -461.00 -76.00 408.00 -860.00 5432.00 -14840.00 31.59 
531 688461 95 76 78 92 72 89 100 78 97 105 80 89 97 93 107 105 77 77 82 72 102 86 72 94 870.00 -865.00 -1837.00 -876.00 4808.00 -16704.00 31.10 
532 689668 97 93 107 105 77 77 82 72 102 86 72 94 105 75 104 109 81 109 102 95 71 99 77 99 292.00 1793.00 3267.00 -2204.00 5144.00 -16844.00 31.69 
533 691254 105 75 104 109 81 109 102 95 71 99 77 99 83 104 81 79 99 100 101 92 98 71 97 96 -433.00 211.00 73.00 -2440.00 4160.00 -14984.00 31.97 
534 692303 83 104 81 79 99 100 101 92 98 71 97 96 105 104 96 81 83 97 70 102 84 87 97 99 -470.00 169.00 18.00 16.00 5252.00 -16692.00 30.92 
535 693265 105 104 96 81 83 97 70 102 84 87 97 99 91 91 100 91 86 105 105 109 108 91 79 87 -55.00 -151.00 256.00 512.00 3648.00 -21052.00 30.86 
536 695053 91 91 100 91 86 105 105 109 108 91 79 87 70 100 77 79 103 86 74 87 87 102 86 101 -850.00 -871.00 -2403.00 -2452.00 4248.00 -11632.00 31.50 
537 696262 70 100 77 79 103 86 74 87 87 102 86 101 70 77 71 109 103 84 91 95 71 98 79 107 440.00 362.00 4380.00 -800.00 6168.00 -13932.00 31.88 
538 697336 70 77 71 109 103 84 91 95 71 98 79 107 70 83 74 80 105 71 96 105 77 104 103 99 -1157.00 90.00 8.00 -1692.00 6496.00 -12728.00 32.15 
539 698516 70 83 74 80 105 71 96 105 77 104 103 99 76 96 81 99 87 106 79 71 86 85 74 83 -113.00 123.00 -7.00 -1628.00 5836.00 -15840.00 31.57 
540 700039 76 96 81 99 87 106 79 71 86 85 74 83 86 94 90 93 107 76 89 101 105 105 78 104 -833.00 -1428.00 -4696.00 -4368.00 -204.00 -11276.00 32.36 
541 700989 86 94 90 93 107 76 89 101 105 105 78 104 70 71 105 80 92 81 81 103 93 105 86 106 -844.00 -1971.00 2413.00 1652.00 4804.00 -16024.00 32.45 
542 702265 70 71 105 80 92 81 81 103 93 105 86 106 71 91 100 74 105 81 81 74 86 101 74 96 -279.00 130.00 23.00 -1236.00 5920.00 -15948.00 31.57 
543 703856 71 91 100 74 105 81 81 74 86 101 74 96 109 87 85 99 89 109 84 88 90 104 83 91 1558.00 -96.00 -752.00 -2684.00 6512.00 -19832.00 31.69 
544 704951 109 87 85 99 89 109 84 88 90 104 83 91 96 87 81 80 75 85 78 81 105 93 79 72 -143.00 17.00 -153.00 -144.00 4280.00 -17172.00 32.20 
545 706418 96 87 81 80 75 85 78 81 105 93 79 72 104 85 95 93 73 109 100 71 80 85 94 84 -918.00 -1368.00 -5694.00 -3544.00 4232.00 -14848.00 30.61 
546 708175 104 85 95 93 73 109 100 71 80 85 94 84 107 108 70 92 70 109 103 107 86 104 86 96 874.00 -105.00 1960.00 2652.00 3608.00 -20076.00 30.97 
547 709529 107 108 70 92 70 109 103 107 86 104 86 96 84 92 104 99 72 83 86 97 105 103 96 109 -985.00 1421.00 206.00 2028.00 3152.00 -16772.00 31.19 
548 710814 84 92 104 99 72 83 86 97 105 103 96 109 102 99 84 71 86 82 104 82 71 84 91 80 -11.00 -460.00 2624.00 -1228.00 7128.00 -15404.00 30.72 
549 712515 102 99 84 71 86 82 104 82 71 84 91 80 103 84 85 77 70 90 87 100 81 90 77 91 1475.00 494.00 -13483.00 -2432.00 3732.00 -13368.00 30.66 
550 714136 103 84 85 77 70 90 87 100 81 90 77 91 100 79 72 96 83 103 93 79 78 73 106 83 -1066.00 1005.00 3147.00 -1220.00 5284.00 -14692.00 30.43 
551 715638 100 79 72 96 83 103 93 79 78 73 106 83 91 82 75 95 92 100 71 75 104 92 91 94 -373.00 -258.00 -1059.00 -1236.00 4876.00 -17888.00 31.44 
552 717412 91 82 75 95 92 100 71 75 104 92 91 94 73 78 81 87 102 93 82 82 105 101 78 78 -358.00 513.00 1960.00 1044.00 5076.00 -16464.00 31.04 
553 718726 73 78 81 87 102 93 82 82 105 101 78 78 96 90 105 73 90 83 72 108 81 95 74 70 -1475.00 -789.00 -1420.00 -1976.00 5768.00 -17284.00 32.15 
554 719881 96 90 105 73 90 83 72 108 81 95 74 70 102 74 78 74 94 91 96 82 90 71 89 95 -653.00 369.00 -129.00 -1940.00 5820.00 -13896.00 31.33 
555 721125 102 74 78 74 94 91 96 82 90 71 89 95 77 73 74 76 73 96 74 106 86 81 92 83 -201.00 -383.00 5737.00 -3972.00 6580.00 -15656.00 31.26 
556 722505 77 73 74 76 73 96 74 106 86 81 92 83 89 103 98 102 100 81 85 85 94 98 96 87 -1227.00 149.00 -2710.00 -3776.00 5352.00 -10580.00 30.90 
557 724074 89 103 98 102 100 81 85 85 94 98 96 87 76 95 107 108 95 73 80 79 92 97 76 79 -313.00 141.00 1075.00 72.00 5236.00 -16008.00 32.27 
558 725459 76 95 107 108 95 73 80 79 92 97 76 79 95 96 80 105 73 80 71 80 93 102 108 97 -54.00 132.00 -1389.00 -2228.00 6084.00 -21896.00 31.77 
559 726729 95 96 80 105 73 80 71 80 93 102 108 97 80 88 95 99 93 92 102 103 85 78 80 74 384.00 -607.00 4784.00 -692.00 5476.00 -14452.00 31.97 
560 727995 80 88 95 99 93 92 102 103 85 78 80 74 71 94 88 107 109 102 82 104 104 102 109 84 3569.00 148.00 -9280.00 -1292.00 2880.00 -18292.00 32.02 
561 729365 71 94 88 107 109 102 82 104 104 102 109 84 79 77 99 84 74 108 103 89 83 109 101 91 641.00 436.00 1985.00 -1184.00 5460.00 -16632.00 32.71 
562 730608 79 77 99 84 74 108 103 89 83 109 101 91 73 109 104 91 78 98 95 70 77 96 81 80 -163.00 253.00 -248.00 -2868.00 6444.00 -16760.00 31.78 
563 732136 73 109 104 91 78 98 95 70 77 96 81 80 95 79 85 105 107 102 108 71 95 105 98 104 1013.00 -614.00 -3248.00 -4244.00 7592.00 -12476.00 31.75 
564 733540 95 79 85 105 107 102 108 71 95 105 98 104 72 77 101 94 109 91 107 91 80 88 81 84 -352.00 -706.00 7334.00 -260.00 4100.00 -14404.00 32.87 
565 734997 72 77 101 94 109 91 107 91 80 88 81 84 96 82 84 78 74 103 93 100 109 85 72 92 -294.00 210.00 -2347.00 -3640.00 7676.00 -17240.00 32.69 
566 736375 96 82 84 78 74 103 93 100 109 85 72 92 92 99 108 91 98 107 84 89 72 104 92 102 -820.00 371.00 790.00 844.00 4200.00 -17800.00 31.19 
567 737959 92 99 108 91 98 107 84 89 72 104 92 102 86 98 101 79 99 93 85 103 78 76 83 81 -342.00 -73.00 1437.00 -1056.00 5200.00 -14540.00 31.82 
568 739165 86 98 101 79 99 93 85 103 78 76 83 81 80 93 86 70 76 97 79 87 85 70 80 97 -356.00 -419.00 -6248.00 -1568.00 4984.00 -19948.00 31.50 
569 740431 80 93 86 70 76 97 79 87 85 70 80 97 70 90 79 77 107 108 101 85 101 97 108 93 -1461.00 -260.00 4322.00 -916.00 6072.00 -15868.00 31.39 
570 741685 70 90 79 77 107 108 101 85 101 97 108 93 73 103 97 96 109 86 107 86 72 78 97 79 -290.00 72.00 190.00 -1112.00 5712.00 -15848.00 31.26 
571 742785 73 103 97 96 109 86 107 86 72 78 97 79 109 93 105 86 99 75 95 78 96 89 96 89 -652.00 -564.00 -2922.00 -2064.00 3436.00 -17100.00 32.15 
572 744256 109 93 105 86 99 75 95 78 96 89 96 89 88 92 105 92 78 72 93 95 99 102 85 107 -1493.00 45.00 2200.00 -404.00 4844.00 -18144.00 32.35 
573 745619 88 92 105 92 78 72 93 95 99 102 85 107 80 108 77 101 105 73 86 98 73 108 86 105 202.00 631.00 4177.00 -4868.00 7060.00 -12800.00 31.44 
574 747298 80 108 77 101 105 73 86 98 73 108 86 105 104 82 100 77 91 83 74 72 92 73 109 94 -149.00 -87.00 77.00 -660.00 5000.00 -17404.00 32.26 
575 748447 104 82 100 77 91 83 74 72 92 73 109 94 71 97 101 75 77 91 101 104 89 74 79 106 302.00 -549.00 -2200.00 -2024.00 3968.00 -17632.00 30.66 
576 749718 71 97 101 75 77 91 101 104 89 74 79 106 80 81 108 86 93 82 77 109 95 72 82 85 -430.00 37.00 860.00 1408.00 3280.00 -15564.00 31.22 
577 751104 80 81 108 86 93 82 77 109 95 72 82 85 105 91 75 97 86 83 100 87 94 90 77 78 -1057.00 -1077.00 -5961.00 -564.00 4084.00 -20212.00 31.12 
578 752389 105 91 75 97 86 83 100 87 94 90 77 78 96 97 76 81 89 90 107 80 78 101 108 81 -1220.00 414.00 1503.00 508.00 6564.00 -17868.00 32.20 
579 753633 96 97 76 81 89 90 107 80 78 101 108 81 100 83 102 88 101 105 89 103 107 71 72 87 -432.00 151.00 297.00 -1236.00 5112.00 -15888.00 31.37 
580 755141 100 83 102 88 101 105 89 103 107 71 72 87 107 104 97 106 73 102 101 91 81 94 100 71 -219.00 -25.00 -360.00 132.00 5640.00 -16968.00 32.07 
581 756306 107 104 97 106 73 102 101 91 81 94 100 71 79 76 84 92 92 109 82 92 83 102 87 94 -1171.00 1366.00 -656.00 -3268.00 9088.00 -17180.00 31.75 
582 758116 79 76 84 92 92 109 82 92 83 102 87 94 86 74 94 101 84 99 107 85 106 102 109 98 314.00 309.00 4612.00 -796.00 7708.00 -20196.00 32.07 
583 758918 86 74 94 101 84 99 107 85 106 102 109 98 91 80 82 80 94 77 86 73 82 97 71 92 -520.00 -139.00 56.00 -1168.00 6460.00 -15868.00 31.75 
584 760361 91 80 82 80 94 77 86 73 82 97 71 92 108 108 83 103 105 79 99 104 100 103 78 101 -391.00 -457.00 -292.00 -1716.00 6664.00 -17152.00 31.82 
585 761911 108 108 83 103 105 79 99 104 100 103 78 101 101 73 92 102 83 91 103 74 98 85 79 77 -136.00 686.00 2611.00 1476.00 4984.00 -16044.00 32.64 
586 763310 101 73 92 102 83 91 103 74 98 85 79 77 95 96 85 84 73 96 94 72 81 71 107 78 -2282.00 436.00 -2940.00 -796.00 8748.00 -9548.00 32.11 
587 764767 95 96 85 84 73 96 94 72 81 71 107 78 80 95 108 86 85 105 90 70 76 89 72 95 -872.00 -455.00 108.00 -1560.00 4720.00 -16304.00 31.60 
588 766136 80 95 108 86 85 105 90 70 76 89 72 95 76 83 71 89 70 75 73 73 93 109 104 82 235.00 668.00 5865.00 -172.00 4792.00 -16820.00 30.93 
589 767567 76 83 71 89 70 75 73 73 93 109 104 82 94 85 75 71 109 83 71 94 102 79 92 81 75.00 1311.00 -2733.00 -2880.00 5504.00 -18344.00 31.26 
590 768827 94 85 75 71 109 83 71 94 102 79 92 81 91 83 78 74 93 89 103 91 80 100 78 85 -712.00 77.00 281.00 -1412.00 5652.00 -14548.00 31.08 
591 770103 91 83 78 74 93 89 103 91 80 100 78 85 97 70 87 88 97 93 95 80 97 83 97 108 100.00 -321.00 228.00 -876.00 4756.00 -16912.00 31.57 
592 771188 97 70 87 88 97 93 95 80 97 83 97 108 96 81 101 92 105 108 70 100 83 99 101 95 -2911.00 1443.00 7459.00 232.00 7124.00 -14820.00 31.75 
593 772331 96 81 101 92 105 108 70 100 83 99 101 95 73 90 102 86 72 73 74 107 73 73 107 93 632.00 -361.00 -1218.00 -1836.00 5900.00 -18964.00 31.86 
594 773408 73 90 102 86 72 73 74 107 73 73 107 93 87 81 82 74 92 105 87 104 107 85 99 96 -1113.00 -187.00 27.00 -1748.00 5724.00 -15196.00 30.30 
595 774724 87 81 82 74 92 105 87 104 107 85 99 96 84 98 71 86 107 108 103 87 81 98 91 87 -881.00 -401.00 -138.00 -1192.00 6464.00 -15048.00 31.33 
596 776231 84 98 71 86 107 108 103 87 81 98 91 87 83 89 75 71 76 72 86 71 108 77 97 94 376.00 571.00 1052.00 -1384.00 6556.00 -16220.00 31.48 
597 777614 83 89 75 71 76 72 86 71 108 77 97 94 88 93 74 108 78 80 106 95 85 103 100 77 -1248.00 16.00 1403.00 -1088.00 5696.00 -16896.00 30.79 
598 779129 88 93 74 108 78 80 106 95 85 103 100 77 105 96 82 94 84 93 106 83 87 105 89 97 -666.00 847.00 1785.00 -404.00 7576.00 -17840.00 30.97 
599 780310 105 96 82 94 84 93 106 83 87 105 89 97 83 77 80 107 109 104 107 87 81 87 105 96 -1285.00 -382.00 -1690.00 -1708.00 -4020.00 -14472.00 31.86 
600 782095 83 77 80 107 109 104 107 87 81 87 105 96 86 104 79 101 80 85 92 77 99 77 101 82 -193.00 51.00 39.00 -732.00 4928.00 -17012.00 32.54 
601 783499 86 104 79 101 80 85 92 77 99 77 101 82 84 89 80 99 91 96 106 87 75 84 109 81 1892.00 -2201.00 -5665.00 -1284.00 12804.00 -19772.00 31.89 
602 784560 84 89 80 99 91 96 106 87 75 84 109 81 89 93 101 93 90 81 94 77 88 78 74 88 -40.00 -113.00 243.00 -1684.00 5664.00 -17308.00 31.89 
603 785878 89 93 101 93 90 81 94 77 88 78 74 88 77 98 107 99 74 74 82 75 73 83 82 109 -893.00 -53.00 1373.00 -1056.00 4448.00 -17400.00 31.60 
604 787006 77 98 107 99 74 74 82 75 73 83 82 109 78 104 88 107 78 106 90 80 70 83 84 94 -350.00 175.00 7765.00 -2792.00 7416.00 -16056.00 30.95 
605 788436 78 104 88 107 78 106 90 80 70 83 84 94 82 87 90 77 85 96 73 100 96 90 73 85 -196.00 -560.00 -5008.00 168.00 3636.00 -16556.00 30.97 
606 789757 82 87 90 77 85 96 73 100 96 90 73 85 96 99 77 80 83 91 100 81 106 104 83 77 -944.00 -462.00 -1226.00 -2676.00 5828.00 -16236.00 31.12 
607 790950 96 99 77 80 83 91 100 81 106 104 83 77 74 76 80 70 70 76 75 73 108 84 81 79 -49.00 232.00 859.00 -768.00 6304.00 -15592.00 31.57 
608 791982 74 76 80 70 70 76 75 73 108 84 81 79 91 77 104 96 107 86 88 70 83 94 104 71 -546.00 133.00 151.00 -2044.00 6596.00 -15764.00 30.64 
609 793163 91 77 104 96 107 86 88 70 83 94 104 71 94 82 96 94 78 74 92 92 94 79 83 78 -905.00 -237.00 -1085.00 -2684.00 6164.00 -16500.00 31.35 
610 794174 94 82 96 94 78 74 92 92 94 79 83 78 96 92 96 100 106 72 81 87 88 81 104 81 -269.00 -75.00 98.00 -528.00 4976.00 -16368.00 31.75 
611 795316 96 92 96 100 106 72 81 87 88 81 104 81 93 91 90 91 83 108 80 79 98 86 88 100 -412.00 87.00 230.00 -296.00 4788.00 -17244.00 31.93 
612 796502 93 91 90 91 83 108 80 79 98 86 88 100 96 92 106 77 85 84 91 91 70 80 77 79 -1065.00 -1146.00 6379.00 -3060.00 7152.00 -16388.00 30.95 
613 797699 96 92 106 77 85 84 91 91 70 80 77 79 81 92 88 96 83 73 85 95 72 74 83 88 2905.00 -267.00 -10561.00 1824.00 1868.00 -18604.00 31.04 
614 798948 81 92 88 96 83 73 85 95 72 74 83 88 85 105 106 79 101 88 107 99 98 104 76 109 -1213.00 -244.00 2777.00 384.00 3428.00 -19020.00 30.81 
615 800204 85 105 106 79 101 88 107 99 98 104 76 109 86 102 88 89 78 79 72 94 100 102 84 107 1057.00 2224.00 -926.00 -4776.00 5116.00 -19984.00 31.35 
616 801476 86 102 88 89 78 79 72 94 100 102 84 107 79 92 104 70 108 71 84 108 82 105 98 109 -315.00 126.00 169.00 520.00 5756.00 -17092.00 31.01 
617 802590 79 92 104 70 108 71 84 108 82 105 98 109 76 70 70 83 85 72 92 96 102 98 104 75 -231.00 84.00 196.00 -1276.00 5836.00 -16344.00 30.26 
618 803954 76 70 70 83 85 72 92 96 102 98 104 75 78 90 95 80 87 77 85 92 95 94 107 96 -3652.00 -3776.00 -6073.00 -4712.00 12128.00 -13384.00 31.77 
619 805022 78 90 95 80 87 77 85 92 95 94 107 96 90 75 92 91 72 103 71 75 72 93 80 79 -69.00 -260.00 -587.00 -2484.00 596.00 -20044.00 30.86 
620 806388 90 75 92 91 72 103 71 75 72 93 80 79 75 93 76 79 96 106 97 93 96 103 93 99 2667.00 -1402.00 -7004.00 -1580.00 3840.00 -15148.00 30.66 
621 807366 75 93 76 79 96 106 97 93 96 103 93 99 87 94 104 102 91 76 102 101 109 97 94 79 985.00 322.00 5977.00 68.00 7088.00 -17584.00 31.02 
622 808476 87 94 104 102 91 76 102 101 109 97 94 79 88 83 92 99 76 88 75 109 85 100 84 95 -831.00 -559.00 -6165.00 -3436.00 8512.00 -15204.00 32.36 
623 809761 88 83 92 99 76 88 75 109 85 100 84 95 84 71 79 74 77 79 78 79 81 109 103 88 1154.00 2801.00 2421.00 -800.00 2328.00 -20916.00 31.75 
624 811412 84 71 79 74 77 79 78 79 81 109 103 88 72 90 87 95 80 73 72 101 88 87 99 106 809.00 37.00 -1980.00 -1172.00 4956.00 -17360.00 30.93 
625 812323 72 90 87 95 80 73 72 101 88 87 99 106 105 100 101 75 84 83 98 95 76 87 79 107 -2753.00 -1507.00 4865.00 -1600.00 5372.00 -14180.00 31.08 
626 813630 105 100 101 75 84 83 98 95 76 87 79 107 81 83 85 94 90 74 82 97 107 76 88 94 -55.00 263.00 29.00 -1120.00 4792.00 -16724.00 30.72 
627 815079 81 83 85 94 90 74 82 97 107 76 88 94 102 100 75 82 91 106 93 98 75 93 99 102 -505.00 -432.00 -3454.00 2744.00 5916.00 -19652.00 31.51 
628 816413 102 100 75 82 91 106 93 98 75 93 99 102 99 70 105 72 93 109 84 87 104 109 96 109 -1313.00 262.00 1567.00 -292.00 6124.00 -15924.00 31.44 
629 817586 99 70 105 72 93 109 84 87 104 109 96 109 71 70 98 88 84 99 107 92 93 92 101 70 -194.00 299.00 -2.00 -872.00 6316.00 -18436.00 31.39 
630 818450 71 70 98 88 84 99 107 92 93 92 101 70 81 102 81 98 80 107 73 79 87 86 83 77 -1988.00 -1346.00 -7376.00 -3104.00 5368.00 -16740.00 30.83 
631 819435 81 102 81 98 80 107 73 79 87 86 83 77 104 95 95 71 79 102 77 103 108 108 75 90 172.00 -169.00 2198.00 -1264.00 4980.00 -18240.00 31.39 
632 820442 104 95 95 71 79 102 77 103 108 108 75 90 107 79 74 74 109 94 78 108 96 91 109 103 -593.00 -117.00 111.00 -248.00 8124.00 -15068.00 31.08 
633 821683 107 79 74 74 109 94 78 108 96 91 109 103 90 76 107 80 108 75 94 72 84 101 98 79 516.00 639.00 17.00 1008.00 5536.00 -17544.00 31.69 
634 822887 90 76 107 80 108 75 94 72 84 101 98 79 92 72 106 96 78 108 106 79 103 102 71 99 3500.00 -405.00 -5922.00 -4504.00 3756.00 -17640.00 31.10 
635 824392 92 72 106 96 78 108 106 79 103 102 71 99 107 82 84 71 95 79 75 85 73 93 99 82 -1192.00 1674.00 5219.00 5276.00 3916.00 -15320.00 31.69 
636 825840 107 82 84 71 95 79 75 85 73 93 99 82 73 75 78 74 75 76 82 79 85 103 94 107 6096.00 18.00 -10350.00 -2324.00 1976.00 -21872.00 31.48 
637 827368 73 75 78 74 75 76 82 79 85 103 94 107 82 87 105 104 81 83 104 107 70 94 104 100 -2374.00 486.00 6614.00 -380.00 8000.00 -16252.00 30.68 
638 828607 82 87 105 104 81 83 104 107 70 94 104 100 107 97 106 93 91 99 93 109 106 80 76 72 -209.00 244.00 -848.00 -2128.00 6216.00 -16172.00 30.93 
639 829740 107 97 106 93 91 99 93 109 106 80 76 72 73 101 70 86 89 109 102 75 85 73 83 93 -2676.00 -2672.00 -5287.00 -2908.00 10812.00 -17432.00 31.31 
640 830498 73 101 70 86 89 109 102 75 85 73 83 93 73 108 70 84 81 73 84 79 89 84 72 81 1918.00 331.00 5194.00 496.00 5976.00 -18800.00 30.99 
641 831607 73 108 70 84 81 73 84 79 89 84 72 81 95 102 92 94 94 71 89 106 81 101 101 71 -59.00 -52.00 -2050.00 -1044.00 5148.00 -19200.00 31.19 
