N	Tempo	EM1	EM2	EM3	EM4	EM5	EM6	EM7	EM8	EM9	EM10	EM11	EM12	CM1	CM2	CM3	CM4	CM5	CM6	CM7	CM8	CM9	CM10	CM11	CM12	AcX		AcY	AcZ	GyX	GyY	GyZ		HCSR
0 103 93 93 93 93 93 93 93 93 93 93 93 93 67 113 130 24 143 0 132 27 7 160 123 9 -7604.00 1339.00 2339.00 4744.00 1252.00 -23216.00 27.71 
1 1649 67 113 130 24 143 0 132 27 7 160 123 9 40 159 116 97 32 170 19 99 127 73 65 128 -1626.00 -1277.00 -6471.00 2232.00 2580.00 -10764.00 26.88 
2 3105 40 159 116 97 32 170 19 99 127 73 65 128 114 161 88 28 84 30 142 9 161 117 168 58 -2247.00 1624.00 8059.00 6268.00 3460.00 -16784.00 28.56 
3 4555 114 161 88 28 84 30 142 9 161 117 168 58 115 105 23 5 15 9 137 105 171 48 5 132 -8351.00 -13532.00 -14331.00 7840.00 -904.00 -14632.00 29.38 
4 5612 115 105 23 5 15 9 137 105 171 48 5 132 16 38 21 11 137 37 174 149 5 75 142 8 -2674.00 -4082.00 7415.00 2784.00 1636.00 -19004.00 29.05 
5 6946 16 38 21 11 137 37 174 149 5 75 142 8 0 114 115 113 46 142 22 127 135 51 170 158 32767.00 11509.00 -24740.00 -8248.00 -1780.00 -14772.00 26.08 
6 8084 0 114 115 113 46 142 22 127 135 51 170 158 136 140 35 152 15 174 169 145 63 173 18 60 -2843.00 7080.00 5914.00 -308.00 1120.00 -15864.00 30.25 
7 9598 136 140 35 152 15 174 169 145 63 173 18 60 106 26 43 64 170 43 85 152 47 136 103 104 -559.00 -1978.00 26.00 -2564.00 5432.00 -18724.00 29.83 
8 11099 106 26 43 64 170 43 85 152 47 136 103 104 55 105 142 159 84 98 132 151 149 93 125 62 33.00 -1173.00 -157.00 -2160.00 820.00 -15540.00 28.22 
9 12762 55 105 142 159 84 98 132 151 149 93 125 62 108 61 175 95 147 94 156 112 14 35 127 73 -2583.00 1571.00 -9057.00 -1288.00 2564.00 -17164.00 29.09 
10 13755 108 61 175 95 147 94 156 112 14 35 127 73 140 75 63 176 9 24 168 171 63 111 59 29 698.00 111.00 696.00 -924.00 -1368.00 -17396.00 29.76 
11 15221 140 75 63 176 9 24 168 171 63 111 59 29 169 154 177 57 80 104 48 170 16 94 104 148 2421.00 -4957.00 3118.00 2464.00 3476.00 -20804.00 30.83 
12 16535 169 154 177 57 80 104 48 170 16 94 104 148 158 129 93 167 173 105 53 70 60 110 16 15 -219.00 -471.00 965.00 -1660.00 2112.00 -16020.00 28.56 
13 17644 158 129 93 167 173 105 53 70 60 110 16 15 137 38 77 158 159 173 40 13 171 69 117 18 8420.00 -1867.00 -7858.00 2920.00 -3540.00 -31396.00 29.61 
14 18829 137 38 77 158 159 173 40 13 171 69 117 18 154 175 20 135 7 60 55 173 53 54 57 9 684.00 3183.00 622.00 1584.00 -1372.00 -16440.00 30.77 
15 19985 154 175 20 135 7 60 55 173 53 54 57 9 23 97 79 147 15 153 108 38 126 104 153 177 -131.00 -244.00 818.00 832.00 872.00 -16740.00 31.26 
16 21055 23 97 79 147 15 153 108 38 126 104 153 177 30 160 140 93 23 10 140 152 109 89 90 163 -152.00 618.00 4423.00 -436.00 3504.00 -14844.00 27.80 
17 22367 30 160 140 93 23 10 140 152 109 89 90 163 60 50 129 66 150 116 84 156 24 98 80 111 -366.00 676.00 23.00 872.00 836.00 -17016.00 27.86 
18 23565 60 50 129 66 150 116 84 156 24 98 80 111 125 58 149 140 32 148 148 24 157 30 50 153 63.00 1192.00 -148.00 104.00 1264.00 -17608.00 28.13 
19 25154 125 58 149 140 32 148 148 24 157 30 50 153 20 23 107 50 179 11 134 101 128 15 65 80 1238.00 1569.00 -690.00 4764.00 24.00 -17116.00 28.76 
20 26296 20 23 107 50 179 11 134 101 128 15 65 80 59 145 13 106 4 78 120 160 132 158 171 131 3426.00 -388.00 -3959.00 -1708.00 8632.00 -23708.00 30.48 
21 27448 59 145 13 106 4 78 120 160 132 158 171 131 148 41 120 158 167 151 94 7 35 82 86 144 -6662.00 -6753.00 990.00 -1072.00 6084.00 -14412.00 29.30 
22 28511 148 41 120 158 167 151 94 7 35 82 86 144 97 43 168 141 130 5 121 51 65 156 5 167 -466.00 122.00 -101.00 -144.00 -1068.00 -19272.00 29.09 
23 29614 97 43 168 141 130 5 121 51 65 156 5 167 56 156 87 64 30 51 118 34 107 98 45 88 -664.00 92.00 434.00 1444.00 -876.00 -17216.00 28.24 
24 30974 56 156 87 64 30 51 118 34 107 98 45 88 54 60 40 75 68 151 84 157 25 75 170 17 866.00 1255.00 -2689.00 3524.00 1028.00 -16388.00 27.59 
25 32546 54 60 40 75 68 151 84 157 25 75 170 17 147 93 9 139 125 118 120 170 86 143 56 119 -1335.00 -6545.00 -5031.00 2028.00 4632.00 -17492.00 28.04 
26 33813 147 93 9 139 125 118 120 170 86 143 56 119 47 19 75 92 129 174 19 125 141 179 63 178 -3063.00 -1033.00 3679.00 1516.00 -4052.00 -14660.00 28.44 
27 35010 47 19 75 92 129 174 19 125 141 179 63 178 44 119 11 164 41 126 163 12 34 97 149 127 930.00 593.00 -797.00 3572.00 1636.00 -23076.00 25.90 
28 36303 44 119 11 164 41 126 163 12 34 97 149 127 139 96 142 159 83 81 106 37 55 174 61 133 -983.00 -11911.00 -723.00 276.00 -11160.00 -32768.00 26.99 
29 37406 139 96 142 159 83 81 106 37 55 174 61 133 92 91 32 70 179 139 35 63 106 170 63 145 1014.00 1632.00 -895.00 -872.00 -1376.00 -20052.00 29.14 
30 38333 92 91 32 70 179 139 35 63 106 170 63 145 11 172 19 119 76 17 148 90 96 51 131 126 30.00 -804.00 539.00 300.00 -1128.00 -18504.00 27.11 
31 39549 11 172 19 119 76 17 148 90 96 51 131 126 30 124 124 81 159 77 101 65 172 74 27 122 -1048.00 -1468.00 2121.00 -1344.00 1488.00 -18044.00 25.92 
32 40992 30 124 124 81 159 77 101 65 172 74 27 122 139 117 176 179 19 10 168 64 90 35 111 45 -519.00 397.00 -248.00 1824.00 -732.00 -16340.00 27.88 
33 42541 139 117 176 179 19 10 168 64 90 35 111 45 177 48 13 29 63 35 60 82 63 69 95 104 505.00 -488.00 2029.00 7224.00 -1096.00 -2352.00 30.12 
34 44081 177 48 13 29 63 35 60 82 63 69 95 104 123 32 16 80 90 81 136 21 28 128 133 109 -405.00 859.00 3568.00 -1140.00 -684.00 -22392.00 29.87 
35 45359 123 32 16 80 90 81 136 21 28 128 133 109 99 20 139 70 73 138 64 133 60 96 90 163 863.00 -8276.00 -4199.00 -3248.00 3216.00 -15900.00 28.47 
36 47027 99 20 139 70 73 138 64 133 60 96 90 163 72 84 100 97 178 25 149 169 50 123 125 15 -3204.00 -3024.00 -596.00 -3020.00 -1048.00 -17404.00 28.16 
37 48106 72 84 100 97 178 25 149 169 50 123 125 15 31 11 103 177 118 97 98 42 20 0 86 142 1967.00 551.00 771.00 -2540.00 464.00 -20384.00 26.77 
38 49638 31 11 103 177 118 97 98 42 20 0 86 142 149 103 153 170 38 114 36 86 124 96 72 14 -2260.00 -338.00 1653.00 -1632.00 -2068.00 -18248.00 26.08 
39 51169 149 103 153 170 38 114 36 86 124 96 72 14 19 11 143 144 134 161 48 39 119 41 113 148 -2825.00 1402.00 38.00 -1140.00 -1004.00 -24872.00 28.65 
40 52307 19 11 143 144 134 161 48 39 119 41 113 148 0 163 56 27 119 171 106 10 67 101 16 135 2355.00 2481.00 2523.00 -4580.00 -3204.00 -6420.00 27.89 
41 53359 0 163 56 27 119 171 106 10 67 101 16 135 92 118 147 109 170 52 112 171 21 108 140 54 -568.00 -753.00 -2572.00 -1756.00 -708.00 -14588.00 28.58 
42 54673 92 118 147 109 170 52 112 171 21 108 140 54 54 132 117 32 163 93 1 138 100 80 59 64 -112.00 -595.00 810.00 -2344.00 -780.00 -18684.00 28.85 
43 56207 54 132 117 32 163 93 1 138 100 80 59 64 10 99 158 112 80 20 105 115 78 41 168 0 -90.00 648.00 -1329.00 -1696.00 1220.00 -18532.00 28.07 
44 57528 10 99 158 112 80 20 105 115 78 41 168 0 70 51 29 69 72 25 90 23 49 154 92 84 -2875.00 -3542.00 1663.00 -684.00 3424.00 -17320.00 28.85 
45 58838 70 51 29 69 72 25 90 23 49 154 92 84 79 62 65 9 142 53 42 66 43 59 33 38 612.00 6172.00 6941.00 -3532.00 -1220.00 -14272.00 28.65 
46 60592 79 62 65 9 142 53 42 66 43 59 33 38 111 55 89 120 172 7 171 71 36 127 106 152 2126.00 208.00 -11988.00 -1164.00 -1204.00 -14784.00 27.97 
47 61947 111 55 89 120 172 7 171 71 36 127 106 152 100 57 15 151 154 78 115 172 82 116 93 104 -4983.00 -2421.00 1419.00 -5848.00 -668.00 -16992.00 29.14 
48 63675 100 57 15 151 154 78 115 172 82 116 93 104 159 88 102 176 52 80 158 45 40 172 103 61 -998.00 1571.00 2268.00 -1116.00 -320.00 -22896.00 30.19 
49 64882 159 88 102 176 52 80 158 45 40 172 103 61 61 13 91 79 136 14 74 137 137 20 51 134 536.00 1297.00 1180.00 -1596.00 3892.00 -16788.00 31.24 
50 66212 61 13 91 79 136 14 74 137 137 20 51 134 97 64 50 119 109 84 32 14 143 99 33 1 -1079.00 281.00 8972.00 -4424.00 7824.00 -16492.00 29.11 
51 67211 97 64 50 119 109 84 32 14 143 99 33 1 153 56 1 151 140 67 52 121 111 65 114 116 -1562.00 -4032.00 -12354.00 -932.00 1212.00 -19296.00 30.43 
52 68987 153 56 1 151 140 67 52 121 111 65 114 116 166 4 159 109 128 177 118 9 128 179 29 68 -1219.00 3633.00 768.00 1020.00 556.00 -15232.00 32.56 
53 69992 166 4 159 109 128 177 118 9 128 179 29 68 159 77 118 103 80 61 158 166 178 123 86 28 4470.00 1447.00 -10100.00 816.00 -3968.00 -17396.00 31.89 
54 71734 159 77 118 103 80 61 158 166 178 123 86 28 59 57 113 133 51 164 32 11 68 110 70 105 -701.00 -2144.00 -740.00 -2932.00 1468.00 -26008.00 31.57 
55 72787 59 57 113 133 51 164 32 11 68 110 70 105 119 87 103 46 143 144 36 164 86 4 134 127 524.00 -409.00 10538.00 -1336.00 2424.00 -19424.00 27.24 
56 73959 119 87 103 46 143 144 36 164 86 4 134 127 70 165 152 145 26 160 83 125 145 4 60 160 -2310.00 -2663.00 50.00 -832.00 -1780.00 -22864.00 31.04 
57 75332 70 165 152 145 26 160 83 125 145 4 60 160 59 48 57 82 158 29 115 79 141 94 6 146 -459.00 3469.00 2930.00 3132.00 1688.00 -17428.00 26.72 
58 76402 59 48 57 82 158 29 115 79 141 94 6 146 121 84 178 111 20 44 148 17 14 139 73 179 526.00 3265.00 49.00 6396.00 2632.00 -18164.00 24.45 
59 77618 121 84 178 111 20 44 148 17 14 139 73 179 21 76 142 53 128 58 131 60 132 95 173 116 484.00 -2817.00 499.00 -2164.00 3952.00 11784.00 27.19 
60 78665 21 76 142 53 128 58 131 60 132 95 173 116 7 92 108 99 34 137 81 114 176 178 163 176 -11319.00 -11011.00 -6698.00 876.00 748.00 -17624.00 28.11 
61 79832 7 92 108 99 34 137 81 114 176 178 163 176 144 3 72 82 76 68 151 55 172 37 145 41 1498.00 1445.00 -2228.00 -3220.00 1516.00 -14760.00 27.69 
62 81404 144 3 72 82 76 68 151 55 172 37 145 41 88 59 99 19 115 2 80 25 125 74 142 0 -2530.00 664.00 2451.00 -3340.00 1612.00 -8044.00 31.48 
63 82583 88 59 99 19 115 2 80 25 125 74 142 0 134 41 178 92 131 142 75 132 62 21 99 80 -11.00 1703.00 -958.00 -3436.00 3968.00 -16148.00 30.26 
64 83939 134 41 178 92 131 142 75 132 62 21 99 80 175 44 33 148 75 121 124 176 44 142 143 58 -560.00 -3032.00 508.00 -392.00 -5548.00 -13772.00 29.52 
65 85355 175 44 33 148 75 121 124 176 44 142 143 58 168 159 63 139 57 162 119 130 150 35 22 50 1579.00 -8841.00 -1256.00 -3724.00 1240.00 -15228.00 19.06 
66 86526 168 159 63 139 57 162 119 130 150 35 22 50 28 39 133 111 82 13 56 29 83 149 142 12 -909.00 3407.00 698.00 1248.00 1348.00 -12748.00 29.76 
67 88142 28 39 133 111 82 13 56 29 83 149 142 12 166 75 92 82 46 19 70 86 47 58 137 136 796.00 -1847.00 -600.00 -3684.00 1032.00 -22132.00 30.46 
68 89574 166 75 92 82 46 19 70 86 47 58 137 136 83 63 162 11 82 73 80 75 90 78 173 79 -1192.00 1873.00 6984.00 -2796.00 3044.00 -16952.00 29.41 
69 90764 83 63 162 11 82 73 80 75 90 78 173 79 22 114 126 115 37 178 40 47 62 157 137 127 -2033.00 -1629.00 -7029.00 168.00 1120.00 -13020.00 28.15 
70 91865 22 114 126 115 37 178 40 47 62 157 137 127 98 143 121 117 17 4 139 176 151 122 175 161 -1913.00 -2693.00 265.00 -4332.00 -1124.00 -16512.00 27.98 
71 93124 98 143 121 117 17 4 139 176 151 122 175 161 111 83 104 78 119 145 7 168 4 155 69 45 -20.00 228.00 464.00 -184.00 552.00 -16768.00 28.27 
72 94468 111 83 104 78 119 145 7 168 4 155 69 45 17 161 64 31 26 103 28 177 145 63 160 59 -2175.00 3292.00 -4388.00 -1588.00 2696.00 -16144.00 0.00 
73 96214 17 161 64 31 26 103 28 177 145 63 160 59 134 29 45 94 88 129 29 166 45 118 99 103 -71.00 102.00 -2691.00 2980.00 788.00 -14896.00 26.84 
74 97967 134 29 45 94 88 129 29 166 45 118 99 103 179 174 15 16 35 73 52 23 27 146 26 74 -895.00 155.00 -643.00 1308.00 776.00 -17080.00 26.48 
75 99257 179 174 15 16 35 73 52 23 27 146 26 74 110 97 104 103 18 136 112 140 104 133 99 129 -282.00 396.00 -165.00 -216.00 -1428.00 -18260.00 29.03 
76 100424 110 97 104 103 18 136 112 140 104 133 99 129 11 113 160 77 51 160 118 17 73 116 174 110 3301.00 1659.00 -1645.00 -3680.00 840.00 -13192.00 28.20 
77 101437 11 113 160 77 51 160 118 17 73 116 174 110 109 85 31 17 14 21 152 10 167 65 91 40 32.00 711.00 2367.00 544.00 -1628.00 -19760.00 26.54 
78 102703 109 85 31 17 14 21 152 10 167 65 91 40 15 174 174 174 143 177 87 134 59 83 50 106 8391.00 17088.00 -6759.00 4552.00 -11612.00 -8276.00 27.73 
79 103957 15 174 174 174 143 177 87 134 59 83 50 106 52 38 141 47 60 27 21 54 155 99 23 86 -418.00 -1953.00 1434.00 3684.00 336.00 -17512.00 27.68 
80 105426 52 38 141 47 60 27 21 54 155 99 23 86 133 126 73 96 41 57 22 92 20 51 153 77 -2849.00 -3016.00 1792.00 500.00 2016.00 -18812.00 27.11 
81 106582 133 126 73 96 41 57 22 92 20 51 153 77 85 119 67 150 145 87 177 165 122 173 168 124 -765.00 276.00 1519.00 -3888.00 -1372.00 -17740.00 29.76 
82 107779 85 119 67 150 145 87 177 165 122 173 168 124 97 60 81 98 109 87 39 110 104 60 139 35 -102.00 -143.00 462.00 -1072.00 1652.00 -19444.00 28.60 
83 109050 97 60 81 98 109 87 39 110 104 60 139 35 104 58 163 114 167 53 97 142 82 60 130 81 -1257.00 -422.00 28.00 228.00 3504.00 -18584.00 28.85 
84 110220 104 58 163 114 167 53 97 142 82 60 130 81 60 117 92 175 71 11 91 29 94 23 31 119 -186.00 116.00 -501.00 576.00 -2468.00 -19752.00 28.13 
85 111847 60 117 92 175 71 11 91 29 94 23 31 119 145 123 159 166 132 66 45 136 157 95 64 11 -781.00 1000.00 1211.00 1936.00 764.00 -12888.00 29.11 
86 113186 145 123 159 166 132 66 45 136 157 95 64 11 96 97 109 102 79 40 148 156 153 33 168 86 -815.00 615.00 597.00 2876.00 1852.00 -16760.00 30.23 
87 114497 96 97 109 102 79 40 148 156 153 33 168 86 30 26 89 78 179 134 36 153 95 135 108 12 -1028.00 646.00 -42.00 2616.00 -1628.00 -19932.00 30.37 
88 115944 30 26 89 78 179 134 36 153 95 135 108 12 151 83 159 21 42 116 61 30 120 31 130 177 -282.00 -1.00 912.00 992.00 8.00 -15628.00 30.72 
89 117193 151 83 159 21 42 116 61 30 120 31 130 177 115 61 13 166 152 179 152 152 87 68 96 178 -834.00 -483.00 3204.00 4536.00 -5260.00 -24700.00 29.85 
90 118113 115 61 13 166 152 179 152 152 87 68 96 178 128 29 3 83 179 94 71 71 114 96 16 173 -28.00 630.00 297.00 1132.00 -1136.00 -17292.00 31.08 
91 119608 128 29 3 83 179 94 71 71 114 96 16 173 17 57 96 113 10 6 108 93 176 164 28 141 -337.00 133.00 -41.00 -172.00 -108.00 -17440.00 30.03 
92 120764 17 57 96 113 10 6 108 93 176 164 28 141 131 154 149 39 74 87 62 141 60 9 103 158 -198.00 620.00 298.00 -784.00 -532.00 -17624.00 29.49 
93 122187 131 154 149 39 74 87 62 141 60 9 103 158 18 1 110 55 94 62 40 25 0 103 170 142 1585.00 -1279.00 -1463.00 1528.00 -2788.00 -13896.00 30.88 
94 123451 18 1 110 55 94 62 40 25 0 103 170 142 50 62 15 74 34 10 66 123 115 35 135 157 -479.00 -21.00 -169.00 -1624.00 -1308.00 -16688.00 30.37 
95 124704 50 62 15 74 34 10 66 123 115 35 135 157 177 123 116 142 51 65 157 90 176 71 86 50 134.00 707.00 -166.00 -1432.00 -608.00 -18072.00 27.93 
96 125771 177 123 116 142 51 65 157 90 176 71 86 50 157 113 100 3 82 143 17 167 11 2 110 86 -3576.00 802.00 -866.00 1232.00 -412.00 -22096.00 29.21 
97 127072 157 113 100 3 82 143 17 167 11 2 110 86 137 19 12 84 23 125 87 47 79 103 159 121 5377.00 -34.00 -830.00 5544.00 -5916.00 -19772.00 31.10 
98 128488 137 19 12 84 23 125 87 47 79 103 159 121 5 24 96 159 88 112 98 1 176 85 5 93 252.00 -2943.00 -966.00 -1176.00 -264.00 -13716.00 31.60 
99 129479 5 24 96 159 88 112 98 1 176 85 5 93 25 14 30 179 59 165 48 177 31 38 84 56 2870.00 7235.00 -3906.00 -6204.00 -1956.00 -26004.00 31.30 
100 130589 25 14 30 179 59 165 48 177 31 38 84 56 13 12 150 153 168 62 0 135 84 127 48 48 -1767.00 2412.00 81.00 1044.00 -920.00 -26580.00 29.41 
101 131635 13 12 150 153 168 62 0 135 84 127 48 48 114 81 84 9 64 147 87 36 96 6 17 156 -1168.00 -14.00 397.00 1288.00 -2068.00 -17156.00 27.64 
102 132961 114 81 84 9 64 147 87 36 96 6 17 156 81 94 84 167 137 93 78 107 20 46 167 37 -952.00 -2487.00 280.00 1324.00 -2124.00 -17796.00 27.55 
103 134112 81 94 84 167 137 93 78 107 20 46 167 37 38 45 105 159 81 161 25 113 3 101 40 169 3236.00 1812.00 -4883.00 -380.00 -656.00 -14680.00 29.67 
104 135204 38 45 105 159 81 161 25 113 3 101 40 169 140 34 56 144 128 86 54 21 95 21 158 145 394.00 4192.00 2533.00 -1012.00 -4548.00 -14852.00 30.10 
105 136419 140 34 56 144 128 86 54 21 95 21 158 145 1 112 74 114 176 143 73 84 99 132 32 149 3078.00 2065.00 -2997.00 -3852.00 616.00 -17060.00 34.25 
106 137979 1 112 74 114 176 143 73 84 99 132 32 149 43 109 24 111 163 105 160 69 173 65 165 14 727.00 -1942.00 -583.00 1144.00 -6844.00 -15348.00 31.64 
107 139042 43 109 24 111 163 105 160 69 173 65 165 14 103 3 163 171 69 29 109 111 91 36 164 28 -505.00 -899.00 1154.00 7644.00 -968.00 -17488.00 29.79 
108 140511 103 3 163 171 69 29 109 111 91 36 164 28 20 145 92 160 40 138 99 123 158 67 171 115 701.00 1319.00 1842.00 -1424.00 228.00 -13364.00 29.78 
109 141858 20 145 92 160 40 138 99 123 158 67 171 115 169 51 140 112 179 144 93 48 60 165 19 22 -808.00 -818.00 -988.00 580.00 -384.00 -17104.00 28.47 
110 143228 169 51 140 112 179 144 93 48 60 165 19 22 167 149 49 138 65 117 169 155 112 120 39 124 6103.00 4145.00 -810.00 -7248.00 -3720.00 -24840.00 29.67 
111 144731 167 149 49 138 65 117 169 155 112 120 39 124 60 38 35 81 45 75 90 162 162 101 55 124 -3568.00 -1744.00 2588.00 1896.00 -5796.00 -16876.00 28.02 
112 146105 60 38 35 81 45 75 90 162 162 101 55 124 145 177 89 104 24 61 118 27 93 91 18 160 -364.00 307.00 206.00 2316.00 524.00 -16988.00 26.66 
113 147432 145 177 89 104 24 61 118 27 93 91 18 160 169 79 134 88 87 73 8 76 13 147 119 166 -338.00 -78.00 933.00 1992.00 -1204.00 -19212.00 26.59 
114 148946 169 79 134 88 87 73 8 76 13 147 119 166 11 9 129 72 164 33 48 78 87 178 75 152 658.00 -1488.00 -1130.00 1332.00 -1960.00 -5932.00 28.51 
115 149765 11 9 129 72 164 33 48 78 87 178 75 152 169 60 127 99 104 36 11 75 19 129 52 50 -476.00 -1223.00 1017.00 -484.00 -1560.00 -19876.00 29.43 
116 151541 169 60 127 99 104 36 11 75 19 129 52 50 2 141 154 173 61 108 152 5 62 179 157 36 4102.00 1149.00 -1941.00 -3156.00 -948.00 -15432.00 28.60 
117 152576 2 141 154 173 61 108 152 5 62 179 157 36 28 113 117 14 150 85 107 174 27 54 39 27 -219.00 296.00 1429.00 1836.00 -3000.00 -17504.00 28.58 
118 153683 28 113 117 14 150 85 107 174 27 54 39 27 28 153 120 170 116 106 62 79 56 81 35 111 349.00 7719.00 -233.00 -4180.00 -2488.00 -15308.00 28.74 
119 155258 28 153 120 170 116 106 62 79 56 81 35 111 87 152 172 33 3 37 88 103 88 166 98 87 -6922.00 -3189.00 12986.00 3192.00 -124.00 -26596.00 25.96 
120 156203 87 152 172 33 3 37 88 103 88 166 98 87 22 51 80 104 85 122 88 145 133 17 12 106 -7921.00 -4004.00 -226.00 -256.00 3620.00 -18576.00 27.15 
121 157638 22 51 80 104 85 122 88 145 133 17 12 106 177 43 76 99 62 57 111 164 145 72 97 147 -770.00 9721.00 2041.00 5544.00 -2848.00 -16112.00 25.56 
122 158974 177 43 76 99 62 57 111 164 145 72 97 147 62 104 113 1 103 124 18 43 67 73 161 139 8137.00 4560.00 4174.00 2208.00 -456.00 -16588.00 27.04 
123 160528 62 104 113 1 103 124 18 43 67 73 161 139 70 76 167 158 15 107 15 146 107 58 82 19 -354.00 -361.00 275.00 -804.00 -1896.00 -17756.00 28.07 
124 161980 70 76 167 158 15 107 15 146 107 58 82 19 46 140 1 142 89 48 43 160 22 130 107 88 1671.00 1122.00 -6055.00 -2324.00 208.00 -19720.00 26.06 
125 163452 46 140 1 142 89 48 43 160 22 130 107 88 25 14 25 139 150 142 43 64 44 87 164 94 602.00 -340.00 2090.00 -24.00 -1728.00 -18684.00 24.73 
126 164631 25 14 25 139 150 142 43 64 44 87 164 94 68 24 155 116 105 94 13 10 170 124 179 155 47.00 469.00 -1491.00 -2212.00 -1436.00 -18568.00 25.99 
127 165901 68 24 155 116 105 94 13 10 170 124 179 155 139 80 81 9 122 104 100 128 61 102 85 83 -700.00 -255.00 -552.00 -4172.00 -140.00 -19052.00 26.66 
128 167096 139 80 81 9 122 104 100 128 61 102 85 83 8 27 94 177 140 12 143 1 127 168 93 101 2547.00 2711.00 -7211.00 -2488.00 -476.00 -12204.00 29.23 
129 168364 8 27 94 177 140 12 143 1 127 168 93 101 132 170 70 43 134 158 120 151 119 133 39 18 968.00 506.00 -4409.00 112.00 -2828.00 -19384.00 26.92 
130 169990 132 170 70 43 134 158 120 151 119 133 39 18 58 37 68 146 172 73 61 87 83 82 138 6 -3099.00 -358.00 -6788.00 -1484.00 1120.00 -18268.00 28.91 
131 171296 58 37 68 146 172 73 61 87 83 82 138 6 63 50 133 172 7 124 55 138 6 94 148 59 -579.00 46.00 -43.00 -76.00 -1068.00 -18104.00 27.13 
132 172665 63 50 133 172 7 124 55 138 6 94 148 59 149 36 133 131 0 19 149 154 4 164 7 99 -3698.00 -1612.00 170.00 -7020.00 4200.00 -17332.00 26.45 
133 173970 149 36 133 131 0 19 149 154 4 164 7 99 95 71 78 53 163 60 33 100 53 103 46 95 1653.00 771.00 5534.00 -956.00 -2964.00 -16156.00 25.59 
134 175306 95 71 78 53 163 60 33 100 53 103 46 95 96 115 88 122 127 34 30 136 63 35 82 123 246.00 281.00 -686.00 76.00 -5572.00 -16844.00 24.58 
135 176968 96 115 88 122 127 34 30 136 63 35 82 123 152 60 177 83 46 136 138 86 29 176 136 155 959.00 3958.00 4360.00 868.00 524.00 -19316.00 25.29 
136 178083 152 60 177 83 46 136 138 86 29 176 136 155 118 83 146 170 147 152 124 36 131 3 119 142 -355.00 21.00 35.00 -532.00 -3392.00 -15752.00 24.58 
137 179200 118 83 146 170 147 152 124 36 131 3 119 142 96 40 54 146 59 59 123 76 126 120 169 27 -1928.00 -190.00 1110.00 -1148.00 1572.00 -19388.00 28.53 
138 180419 96 40 54 146 59 59 123 76 126 120 169 27 176 58 156 179 139 166 86 76 166 13 170 58 -5533.00 -254.00 -2522.00 -1784.00 260.00 -22688.00 26.34 
139 181551 176 58 156 179 139 166 86 76 166 13 170 58 94 157 75 108 144 28 63 11 56 172 112 161 2093.00 5043.00 3939.00 -3064.00 -1464.00 -17660.00 27.73 
140 182857 94 157 75 108 144 28 63 11 56 172 112 161 95 44 46 8 153 143 8 9 41 23 32 41 -947.00 -148.00 -1126.00 -1980.00 -284.00 -15112.00 26.16 
141 184162 95 44 46 8 153 143 8 9 41 23 32 41 61 93 13 166 116 126 124 166 179 74 152 74 8502.00 1387.00 -16697.00 -4812.00 -5316.00 -20936.00 26.93 
142 185904 61 93 13 166 116 126 124 166 179 74 152 74 123 27 64 46 24 101 130 172 169 7 120 37 3037.00 3158.00 -155.00 4836.00 1412.00 -20044.00 21.32 
143 187119 123 27 64 46 24 101 130 172 169 7 120 37 60 140 1 15 82 91 15 138 17 126 4 139 -411.00 2008.00 -1212.00 -1204.00 2712.00 -19340.00 26.79 
144 188443 60 140 1 15 82 91 15 138 17 126 4 139 135 61 28 18 144 46 120 28 79 77 78 137 -1526.00 617.00 2670.00 3896.00 4340.00 -14588.00 26.57 
145 189460 135 61 28 18 144 46 120 28 79 77 78 137 61 131 22 32 49 24 87 74 79 156 96 72 6143.00 1017.00 -787.00 96.00 -2780.00 -15880.00 25.36 
146 190642 61 131 22 32 49 24 87 74 79 156 96 72 42 134 9 7 91 145 119 9 33 41 88 166 281.00 -557.00 1320.00 -668.00 -2476.00 -17968.00 24.49 
147 191887 42 134 9 7 91 145 119 9 33 41 88 166 168 163 67 131 50 63 9 103 174 126 111 155 1333.00 -285.00 4280.00 -464.00 -2296.00 -17216.00 26.03 
148 193415 168 163 67 131 50 63 9 103 174 126 111 155 139 24 114 125 85 20 8 52 90 25 69 68 -2177.00 -1130.00 -257.00 2552.00 3372.00 -17476.00 23.69 
149 194588 139 24 114 125 85 20 8 52 90 25 69 68 116 113 105 19 4 29 34 131 29 99 165 95 158.00 544.00 -7622.00 -4288.00 -2656.00 -9012.00 24.04 
150 196012 116 113 105 19 4 29 34 131 29 99 165 95 20 155 28 7 24 130 65 143 172 156 63 107 -73.00 259.00 -1539.00 -1640.00 -1420.00 -15136.00 24.16 
151 197069 20 155 28 7 24 130 65 143 172 156 63 107 123 143 40 49 97 96 179 28 48 40 72 97 6394.00 13461.00 0.00 -700.00 2196.00 -14888.00 25.23 
152 198419 123 143 40 49 97 96 179 28 48 40 72 97 28 5 139 35 93 20 127 16 25 166 52 139 -458.00 243.00 -1123.00 212.00 -2476.00 -17484.00 23.24 
153 199833 28 5 139 35 93 20 127 16 25 166 52 139 86 137 122 94 106 156 52 157 79 143 23 155 -1336.00 -971.00 -294.00 32.00 -1108.00 -17176.00 23.86 
154 201262 86 137 122 94 106 156 52 157 79 143 23 155 161 12 95 163 89 23 142 97 38 2 74 123 179.00 483.00 -171.00 1324.00 176.00 -16724.00 24.29 
155 202548 161 12 95 163 89 23 142 97 38 2 74 123 143 66 133 69 67 178 132 32 41 41 94 174 1749.00 -1891.00 -8825.00 -3320.00 -4780.00 -17316.00 24.49 
156 203803 143 66 133 69 67 178 132 32 41 41 94 174 37 176 52 133 76 175 11 66 40 106 54 141 -1174.00 -1322.00 -1288.00 -1964.00 -36.00 -16356.00 25.36 
157 204820 37 176 52 133 76 175 11 66 40 106 54 141 3 45 110 147 21 161 81 63 121 132 120 104 -960.00 -82.00 -114.00 -1096.00 -2684.00 -17056.00 24.73 
158 205760 3 45 110 147 21 161 81 63 121 132 120 104 117 135 46 163 79 167 3 53 86 37 153 114 -1553.00 -2216.00 -541.00 -3312.00 1460.00 -14728.00 23.93 
159 207014 117 135 46 163 79 167 3 53 86 37 153 114 56 27 80 84 84 43 132 40 9 1 155 139 4900.00 1777.00 -780.00 -2156.00 1632.00 -19660.00 24.42 
160 208711 56 27 80 84 84 43 132 40 9 1 155 139 55 90 169 157 42 74 62 32 26 130 169 135 749.00 -28.00 751.00 -1084.00 -1956.00 -18548.00 23.28 
161 209768 55 90 169 157 42 74 62 32 26 130 169 135 96 83 82 67 5 72 169 148 151 68 144 96 -2610.00 -1000.00 -1785.00 -2636.00 -324.00 -18068.00 25.52 
162 211014 96 83 82 67 5 72 169 148 151 68 144 96 49 170 124 56 177 105 30 168 13 34 30 127 -2406.00 -1116.00 2244.00 -2924.00 -820.00 -16696.00 23.78 
163 212008 49 170 124 56 177 105 30 168 13 34 30 127 0 141 59 1 50 80 118 173 155 147 11 115 -1000.00 4272.00 5442.00 -4412.00 -56.00 -14544.00 24.18 
164 213512 0 141 59 1 50 80 118 173 155 147 11 115 174 159 58 69 25 116 141 135 106 163 113 86 660.00 253.00 1071.00 1028.00 1172.00 -20128.00 25.58 
165 214542 174 159 58 69 25 116 141 135 106 163 113 86 172 102 148 64 132 69 136 61 61 112 16 59 2019.00 2158.00 5307.00 -1188.00 2908.00 -16716.00 23.93 
166 215713 172 102 148 64 132 69 136 61 61 112 16 59 42 63 67 127 57 60 142 81 127 57 6 70 6019.00 -1346.00 -3878.00 -844.00 -2404.00 -16932.00 23.57 
167 217161 42 63 67 127 57 60 142 81 127 57 6 70 60 56 46 57 120 64 47 75 11 57 54 165 -3580.00 7353.00 -600.00 5892.00 1988.00 -20008.00 21.99 
168 218418 60 56 46 57 120 64 47 75 11 57 54 165 172 165 49 150 6 128 80 143 171 17 156 16 3858.00 2981.00 3878.00 5236.00 480.00 -16612.00 21.83 
169 220001 172 165 49 150 6 128 80 143 171 17 156 16 155 37 92 77 92 45 57 116 116 162 118 161 -6810.00 -4120.00 -918.00 5408.00 3072.00 -16040.00 23.01 
170 220944 155 37 92 77 92 45 57 116 116 162 118 161 59 111 42 143 20 40 162 11 11 9 103 68 -1163.00 -116.00 482.00 4496.00 2252.00 -17456.00 22.48 
171 221882 59 111 42 143 20 40 162 11 11 9 103 68 11 24 159 40 144 26 45 47 31 11 87 103 -340.00 126.00 136.00 -564.00 -1132.00 -17280.00 0.00 
172 223767 11 24 159 40 144 26 45 47 31 11 87 103 115 84 117 104 65 171 32 120 124 47 12 111 181.00 -1826.00 1184.00 -1644.00 -5140.00 -12392.00 22.30 
173 225133 115 84 117 104 65 171 32 120 124 47 12 111 174 129 151 126 160 21 49 139 60 119 106 162 -921.00 -980.00 127.00 2144.00 -2112.00 -16832.00 23.71 
174 226642 174 129 151 126 160 21 49 139 60 119 106 162 63 68 59 37 163 13 64 13 71 69 48 171 -751.00 -35.00 -207.00 -2076.00 -256.00 -18856.00 25.11 
175 227887 63 68 59 37 163 13 64 13 71 69 48 171 155 91 80 3 178 7 52 176 91 100 47 160 -415.00 262.00 28.00 -324.00 -3396.00 -16964.00 25.49 
176 229429 155 91 80 3 178 7 52 176 91 100 47 160 110 90 30 64 102 10 77 34 60 141 160 74 -269.00 73.00 179.00 -1536.00 -2136.00 -17584.00 25.54 
177 230438 110 90 30 64 102 10 77 34 60 141 160 74 62 10 157 69 9 151 79 115 7 40 55 147 -413.00 -741.00 -590.00 -140.00 -3932.00 -20540.00 24.78 
178 231744 62 10 157 69 9 151 79 115 7 40 55 147 17 92 18 139 123 58 172 127 82 48 23 87 -222.00 4859.00 3062.00 -3884.00 -4864.00 -6736.00 24.47 
179 232771 17 92 18 139 123 58 172 127 82 48 23 87 80 3 131 118 39 137 128 16 162 73 94 4 -2970.00 7487.00 -407.00 4196.00 -3248.00 -27908.00 26.10 
180 233962 80 3 131 118 39 137 128 16 162 73 94 4 6 0 135 37 33 17 10 50 129 130 11 126 -256.00 -95.00 -4155.00 288.00 940.00 -18988.00 25.23 
181 234919 6 0 135 37 33 17 10 50 129 130 11 126 123 115 31 41 103 53 160 107 168 135 54 174 -932.00 -523.00 1520.00 844.00 -1792.00 -16724.00 25.96 
182 236143 123 115 31 41 103 53 160 107 168 135 54 174 112 59 72 118 167 127 173 13 87 152 90 173 -609.00 2052.00 1153.00 3768.00 -788.00 -19136.00 25.21 
183 237358 112 59 72 118 167 127 173 13 87 152 90 173 103 101 15 179 62 35 145 174 104 173 68 7 -266.00 -151.00 278.00 -1108.00 -1224.00 -16784.00 24.18 
184 238511 103 101 15 179 62 35 145 174 104 173 68 7 117 60 73 36 36 54 57 176 169 144 147 96 -657.00 -2209.00 -4168.00 2552.00 -2540.00 -15240.00 25.59 
185 239828 117 60 73 36 36 54 57 176 169 144 147 96 162 108 64 116 22 61 92 170 89 159 25 42 -2366.00 435.00 -1359.00 1008.00 -284.00 -16648.00 26.68 
186 240974 162 108 64 116 22 61 92 170 89 159 25 42 158 22 81 36 10 41 72 31 8 17 170 109 -4324.00 -520.00 -4155.00 572.00 7560.00 -19940.00 25.72 
187 242466 158 22 81 36 10 41 72 31 8 17 170 109 69 7 105 179 168 171 106 115 29 167 170 149 -5999.00 7027.00 745.00 -2552.00 -7012.00 -17560.00 24.62 
188 243620 69 7 105 179 168 171 106 115 29 167 170 149 136 161 170 134 174 166 173 68 0 79 75 111 -1067.00 -160.00 3183.00 -2668.00 -656.00 -17476.00 26.57 
189 244854 136 161 170 134 174 166 173 68 0 79 75 111 139 109 138 179 23 106 45 31 25 100 114 27 -243.00 -255.00 -88.00 380.00 -2984.00 -14684.00 24.33 
190 246159 139 109 138 179 23 106 45 31 25 100 114 27 44 113 11 59 150 160 58 110 38 14 40 98 1581.00 107.00 2754.00 -2760.00 -120.00 -17056.00 25.20 
191 247389 44 113 11 59 150 160 58 110 38 14 40 98 135 163 49 20 145 9 52 17 150 165 89 58 3995.00 10835.00 9586.00 340.00 -2088.00 -20912.00 23.86 
192 248614 135 163 49 20 145 9 52 17 150 165 89 58 130 136 104 93 22 59 42 17 173 147 89 61 -4913.00 -3975.00 -1138.00 1560.00 2292.00 -17584.00 23.35 
193 250184 130 136 104 93 22 59 42 17 173 147 89 61 59 99 26 11 157 55 177 71 166 39 19 17 -701.00 -147.00 -87.00 -836.00 4364.00 -17264.00 24.87 
194 251561 59 99 26 11 157 55 177 71 166 39 19 17 97 130 114 57 178 119 72 56 69 29 15 44 2035.00 4537.00 1793.00 8168.00 524.00 -19872.00 28.80 
195 253325 97 130 114 57 178 119 72 56 69 29 15 44 13 61 101 71 102 108 143 98 136 171 36 100 -406.00 -6574.00 -1190.00 9456.00 -3600.00 -18680.00 25.34 
196 254497 13 61 101 71 102 108 143 98 136 171 36 100 117 118 80 75 43 92 34 134 127 32 63 110 -266.00 -701.00 -1355.00 5416.00 -7636.00 -19192.00 21.79 
197 255603 117 118 80 75 43 92 34 134 127 32 63 110 56 140 157 65 98 173 11 46 42 111 98 165 3400.00 -1028.00 22.00 -7136.00 -5692.00 -22108.00 23.93 
198 256796 56 140 157 65 98 173 11 46 42 111 98 165 22 10 144 104 90 162 80 91 177 129 78 1 -1703.00 70.00 406.00 -5920.00 2652.00 -8588.00 25.32 
199 258030 22 10 144 104 90 162 80 91 177 129 78 1 72 108 63 15 131 54 121 172 46 32 11 109 1674.00 1891.00 -10005.00 312.00 -1268.00 -16960.00 24.76 
200 259339 72 108 63 15 131 54 121 172 46 32 11 109 61 63 93 68 60 166 21 55 174 75 176 143 1378.00 1424.00 -143.00 3812.00 -4228.00 -20464.00 25.47 
201 260805 61 63 93 68 60 166 21 55 174 75 176 143 131 111 80 137 23 109 130 166 79 135 72 104 1900.00 1510.00 -669.00 96.00 -596.00 -16496.00 25.0
202 262477 131 111 80 137 23 109 130 166 79 135 72 104 27 97 65 74 122 29 93 116 83 21 91 144 -2296.00 3796.00 -3790.00 636.00 916.00 -27836.00 27.01 
203 264156 27 97 65 74 122 29 93 116 83 21 91 144 131 39 79 29 135 133 125 168 87 63 110 170 1981.00 2152.00 2620.00 3176.00 632.00 -16940.00 26.66 
204 265135 131 39 79 29 135 133 125 168 87 63 110 170 75 75 178 134 170 123 22 84 26 105 117 157 -854.00 1359.00 -1295.00 -380.00 -5188.00 -21796.00 27.28 
205 266046 75 75 178 134 170 123 22 84 26 105 117 157 50 27 16 53 163 78 45 133 127 154 83 179 2307.00 2224.00 -1908.00 -4024.00 1264.00 -15536.00 24.15 
206 267405 50 27 16 53 163 78 45 133 127 154 83 179 14 164 18 40 15 14 69 63 20 156 18 26 -402.00 128.00 -236.00 -3952.00 -2780.00 -15996.00 25.38 
207 268492 14 164 18 40 15 14 69 63 20 156 18 26 167 63 39 126 39 177 92 60 42 1 98 74 907.00 134.00 -6050.00 -1828.00 -1448.00 -16024.00 25.54 
208 269935 167 63 39 126 39 177 92 60 42 1 98 74 149 101 34 127 18 61 61 12 108 149 166 144 -2864.00 12688.00 15321.00 -6152.00 -3352.00 -22868.00 27.31 
209 271529 149 101 34 127 18 61 61 12 108 149 166 144 155 124 71 154 93 94 69 71 56 177 176 108 -951.00 -965.00 -287.00 188.00 -372.00 -17156.00 27.49 
210 272921 155 124 71 154 93 94 69 71 56 177 176 108 15 125 109 67 43 93 94 136 159 19 12 9 1424.00 -1862.00 560.00 -1936.00 820.00 -17252.00 26.75 
211 274551 15 125 109 67 43 93 94 136 159 19 12 9 19 17 135 163 19 28 41 88 162 135 103 117 490.00 660.00 -1099.00 3248.00 -440.00 -15972.00 27.11 
212 275919 19 17 135 163 19 28 41 88 162 135 103 117 7 170 49 69 109 40 58 95 63 64 69 14 -2006.00 -1993.00 476.00 -228.00 692.00 -18092.00 27.49 
213 277425 7 170 49 69 109 40 58 95 63 64 69 14 60 74 118 68 95 15 107 53 96 53 100 125 101.00 -242.00 -2602.00 1052.00 3876.00 -12008.00 26.93 
214 278629 60 74 118 68 95 15 107 53 96 53 100 125 174 88 30 144 143 110 30 11 171 42 84 151 -2836.00 -3123.00 13064.00 -188.00 -8.00 -7652.00 26.55 
215 279908 174 88 30 144 143 110 30 11 171 42 84 151 105 161 131 88 146 104 128 51 142 148 49 102 270.00 2006.00 3962.00 3040.00 -1056.00 -17264.00 29.03 
216 281121 105 161 131 88 146 104 128 51 142 148 49 102 54 86 166 24 84 154 33 113 62 139 15 117 -5252.00 -3634.00 1.00 2516.00 1500.00 -19312.00 27.91 
217 282387 54 86 166 24 84 154 33 113 62 139 15 117 122 53 19 94 98 162 52 167 104 42 124 127 -750.00 1576.00 4875.00 4748.00 -2372.00 -15204.00 25.76 
218 283591 122 53 19 94 98 162 52 167 104 42 124 127 129 101 137 87 20 89 153 137 96 63 88 115 4719.00 4734.00 -2631.00 -272.00 3364.00 -19164.00 25.18 
219 284818 129 101 137 87 20 89 153 137 96 63 88 115 100 174 109 138 37 101 171 29 76 68 88 119 -3264.00 -1573.00 347.00 1320.00 2960.00 -15520.00 23.73 
220 286124 100 174 109 138 37 101 171 29 76 68 88 119 21 61 88 16 121 172 171 109 150 171 0 101 -1704.00 -331.00 1207.00 -296.00 -108.00 -17960.00 26.37 
221 287182 21 61 88 16 121 172 171 109 150 171 0 101 129 119 168 68 33 49 113 24 130 17 74 128 -801.00 -309.00 -4495.00 168.00 -2368.00 -17396.00 26.48 
222 288328 129 119 168 68 33 49 113 24 130 17 74 128 51 104 157 114 66 95 74 13 112 162 24 19 3159.00 6556.00 13774.00 -568.00 -384.00 -12360.00 25.34 
223 289519 51 104 157 114 66 95 74 13 112 162 24 19 167 111 22 116 40 55 44 91 98 36 21 152 5336.00 -582.00 -13653.00 -2624.00 -4880.00 -24016.00 27.04 
224 291021 167 111 22 116 40 55 44 91 98 36 21 152 13 36 94 89 171 72 159 98 87 81 89 70 465.00 1992.00 16357.00 8472.00 -4004.00 -13140.00 26.92 
225 292166 13 36 94 89 171 72 159 98 87 81 89 70 30 19 20 163 54 0 81 179 8 28 166 143 5590.00 -7612.00 -10172.00 -3080.00 -3112.00 -12896.00 28.56 
226 293537 30 19 20 163 54 0 81 179 8 28 166 143 41 142 79 160 0 60 169 72 7 25 119 85 1364.00 -2108.00 -27.00 -4164.00 -3540.00 -22028.00 25.74 
227 295041 41 142 79 160 0 60 169 72 7 25 119 85 40 136 86 0 23 1 110 143 53 101 141 31 -1512.00 -2994.00 -3866.00 -3900.00 -576.00 -10956.00 24.89 
228 296124 40 136 86 0 23 1 110 143 53 101 141 31 127 24 77 147 129 77 145 112 123 125 175 104 2439.00 2628.00 1865.00 -3364.00 3300.00 -22272.00 33.36 
229 297651 127 24 77 147 129 77 145 112 123 125 175 104 95 6 111 115 92 118 89 172 163 93 132 11 -1912.00 -489.00 1950.00 1052.00 -2708.00 -19060.00 26.97 
230 298734 95 6 111 115 92 118 89 172 163 93 132 11 87 121 58 11 70 132 63 9 21 169 123 126 -140.00 2995.00 2578.00 260.00 4748.00 -13188.00 25.54 
231 300086 87 121 58 11 70 132 63 9 21 169 123 126 147 86 84 163 90 8 96 117 93 66 74 50 -1589.00 412.00 692.00 1332.00 -3252.00 -18512.00 25.63 
232 301296 147 86 84 163 90 8 96 117 93 66 74 50 179 154 45 148 174 67 158 119 146 86 106 149 2125.00 4245.00 -8614.00 -4744.00 -1696.00 -11904.00 26.75 
233 302802 179 154 45 148 174 67 158 119 146 86 106 149 55 86 19 172 141 39 80 121 110 173 2 96 -1896.00 -788.00 2372.00 5528.00 -2360.00 -18496.00 25.32 
234 304073 55 86 19 172 141 39 80 121 110 173 2 96 87 118 164 111 137 120 170 1 161 70 18 76 613.00 1193.00 -282.00 840.00 3368.00 -16268.00 32.54 
235 305674 87 118 164 111 137 120 170 1 161 70 18 76 33 131 7 21 129 165 166 127 24 109 11 113 1420.00 226.00 -4014.00 5280.00 2856.00 -15700.00 24.18 
236 307079 33 131 7 21 129 165 166 127 24 109 11 113 176 72 84 77 145 163 154 22 129 66 144 101 -594.00 -459.00 743.00 9492.00 -3268.00 -15124.00 23.30 
237 308542 176 72 84 77 145 163 154 22 129 66 144 101 85 23 94 119 55 41 146 156 128 139 18 103 14012.00 -13583.00 2754.00 -7032.00 -9664.00 -7388.00 22.95 
238 309652 85 23 94 119 55 41 146 156 128 139 18 103 140 168 110 155 54 148 21 126 169 125 117 88 -247.00 -52.00 -613.00 -1460.00 -1432.00 -12768.00 25.18 
239 310944 140 168 110 155 54 148 21 126 169 125 117 88 151 78 108 41 79 133 78 96 16 9 152 149 -1345.00 -365.00 1529.00 -2356.00 3972.00 -15848.00 23.11 
240 312469 151 78 108 41 79 133 78 96 16 9 152 149 173 75 101 150 129 7 80 173 143 88 177 33 -1520.00 2817.00 646.00 -1864.00 380.00 -20872.00 22.21 
241 314099 173 75 101 150 129 7 80 173 143 88 177 33 174 26 41 41 10 40 44 9 159 122 118 12 357.00 -2085.00 -2013.00 -260.00 -1928.00 -16440.00 21.43 
242 315301 174 26 41 41 10 40 44 9 159 122 118 12 66 73 137 51 131 102 0 116 126 102 168 77 9350.00 -7619.00 -3289.00 1768.00 5740.00 -18128.00 23.11 
243 316741 66 73 137 51 131 102 0 116 126 102 168 77 104 67 51 150 37 102 136 9 62 118 91 120 -903.00 254.00 508.00 1136.00 -2104.00 -17400.00 21.25 
244 318180 104 67 51 150 37 102 136 9 62 118 91 120 20 135 160 81 74 12 88 155 77 101 123 143 -2504.00 5683.00 5958.00 -664.00 -7600.00 -2256.00 27.17 
245 319672 20 135 160 81 74 12 88 155 77 101 123 143 179 133 87 80 125 30 152 147 83 34 66 52 -951.00 63.00 -2587.00 -1300.00 0.00 -18428.00 29.87 
246 320818 179 133 87 80 125 30 152 147 83 34 66 52 96 56 159 148 158 66 156 51 100 96 155 57 -306.00 109.00 153.00 -300.00 -1512.00 -17184.00 0.00 
247 322816 96 56 159 148 158 66 156 51 100 96 155 57 93 135 141 138 134 101 62 3 17 106 42 149 -2091.00 295.00 4870.00 -2900.00 -4556.00 -9344.00 26.45 
248 324221 93 135 141 138 134 101 62 3 17 106 42 149 3 0 64 115 46 60 30 157 48 75 52 69 719.00 3327.00 1181.00 -3668.00 -600.00 -20656.00 25.40 
249 325373 3 0 64 115 46 60 30 157 48 75 52 69 173 126 94 152 128 155 29 65 158 5 115 24 1573.00 -1499.00 -10672.00 -3796.00 -7544.00 -15084.00 27.59 
250 326423 173 126 94 152 128 155 29 65 158 5 115 24 31 127 100 116 13 149 51 7 96 78 138 62 -1303.00 4323.00 476.00 676.00 -676.00 -21092.00 24.38 
251 327923 31 127 100 116 13 149 51 7 96 78 138 62 121 44 98 59 4 137 8 131 74 95 84 150 479.00 3346.00 1636.00 -1676.00 2620.00 -15952.00 32.87 
252 328983 121 44 98 59 4 137 8 131 74 95 84 150 54 121 80 22 130 62 141 25 89 23 10 105 1375.00 2799.00 13599.00 -3444.00 180.00 -18772.00 23.30 
253 330523 54 121 80 22 130 62 141 25 89 23 10 105 73 109 27 86 66 34 156 42 102 49 93 171 648.00 89.00 -10010.00 2704.00 -5576.00 -17460.00 12.92 
254 332084 73 109 27 86 66 34 156 42 102 49 93 171 50 59 16 11 140 120 80 119 0 89 129 177 -183.00 150.00 661.00 1984.00 -1908.00 -17168.00 0.00 
255 333995 50 59 16 11 140 120 80 119 0 89 129 177 140 17 126 65 38 34 162 63 134 18 4 5 1420.00 -436.00 591.00 624.00 -2400.00 -13040.00 19.66 
256 335436 140 17 126 65 38 34 162 63 134 18 4 5 79 167 110 96 96 12 163 90 85 143 4 128 8332.00 6140.00 -8908.00 -396.00 -2360.00 -17844.00 24.15 
257 336826 79 167 110 96 96 12 163 90 85 143 4 128 103 4 80 133 124 83 49 118 103 26 54 29 -6484.00 1116.00 6421.00 4352.00 3092.00 -15752.00 24.00 
258 338066 103 4 80 133 124 83 49 118 103 26 54 29 21 18 167 174 137 139 143 140 87 167 42 175 -4481.00 -1883.00 -5911.00 4364.00 -2336.00 -17472.00 22.81 
259 339166 21 18 167 174 137 139 143 140 87 167 42 175 139 43 50 127 154 73 140 83 21 25 109 82 -4326.00 -2100.00 14539.00 -2628.00 652.00 -18032.00 24.83 
260 340381 139 43 50 127 154 73 140 83 21 25 109 82 101 49 151 114 148 62 142 88 6 15 107 107 13226.00 2107.00 -8625.00 -236.00 -2092.00 -19240.00 15.35 
261 341701 101 49 151 114 148 62 142 88 6 15 107 107 17 107 17 82 48 148 31 32 43 108 138 140 -3194.00 -2363.00 1245.00 2672.00 -11552.00 -13996.00 22.99 
262 343303 17 107 17 82 48 148 31 32 43 108 138 140 98 34 16 142 1 25 151 107 13 129 141 34 -1685.00 -264.00 -3175.00 -3888.00 -1728.00 -17420.00 21.83 
263 344728 98 34 16 142 1 25 151 107 13 129 141 34 118 128 20 18 149 63 100 67 39 57 97 95 253.00 -512.00 -6982.00 -3424.00 -2308.00 -13972.00 24.82 
264 345947 118 128 20 18 149 63 100 67 39 57 97 95 174 24 170 134 169 90 157 149 128 122 137 117 -5582.00 -3519.00 8982.00 -3392.00 668.00 -32384.00 25.05 
265 347314 174 24 170 134 169 90 157 149 128 122 137 117 44 136 57 147 59 30 34 80 175 134 130 126 -260.00 -114.00 -7.00 -3072.00 -1860.00 -17848.00 24.63 
266 348837 44 136 57 147 59 30 34 80 175 134 130 126 71 151 143 2 108 53 174 1 121 27 36 19 680.00 1467.00 -703.00 -392.00 1980.00 -16708.00 25.20 
267 349880 71 151 143 2 108 53 174 1 121 27 36 19 114 179 26 82 98 159 148 19 66 55 116 14 492.00 8586.00 -911.00 -804.00 332.00 -16832.00 27.71 
268 350987 114 179 26 82 98 159 148 19 66 55 116 14 80 54 41 130 121 154 89 78 100 155 135 96 8.00 444.00 129.00 108.00 -1764.00 -17664.00 27.04 
269 352391 80 54 41 130 121 154 89 78 100 155 135 96 78 77 142 53 86 61 148 156 166 170 75 16 -1419.00 -683.00 1431.00 72.00 180.00 -17816.00 29.11 
270 353820 78 77 142 53 86 61 148 156 166 170 75 16 77 52 144 88 17 91 73 110 151 41 30 123 -2858.00 -2414.00 653.00 60.00 -932.00 -16864.00 27.88 
271 355028 77 52 144 88 17 91 73 110 151 41 30 123 88 43 119 131 3 168 50 143 27 15 61 121 -5583.00 -924.00 11895.00 -1880.00 -816.00 -17452.00 26.88 
272 356417 88 43 119 131 3 168 50 143 27 15 61 121 68 134 71 62 61 65 99 162 116 148 69 127 -512.00 512.00 2167.00 -680.00 28.00 -16840.00 25.88 
273 357442 68 134 71 62 61 65 99 162 116 148 69 127 19 74 16 0 56 108 31 93 28 6 60 168 -295.00 595.00 -168.00 1920.00 1080.00 -16200.00 24.71 
274 358290 19 74 16 0 56 108 31 93 28 6 60 168 33 107 146 23 5 91 86 154 89 175 91 75 180.00 -1103.00 641.00 -2744.00 -2936.00 -16940.00 24.15 
275 359507 33 107 146 23 5 91 86 154 89 175 91 75 133 54 132 56 65 18 127 146 21 91 30 55 -641.00 -487.00 -2553.00 2308.00 -1300.00 -18612.00 25.18 
276 361001 133 54 132 56 65 18 127 146 21 91 30 55 35 4 115 109 122 31 132 39 93 107 66 107 2638.00 72.00 -3639.00 -2724.00 -1920.00 -17876.00 24.06 
277 362678 35 4 115 109 122 31 132 39 93 107 66 107 10 105 126 81 106 163 122 79 108 20 167 164 1072.00 662.00 13345.00 -3176.00 -1564.00 -13880.00 24.45 
278 364168 10 105 126 81 106 163 122 79 108 20 167 164 34 13 93 90 73 58 110 138 15 175 24 85 -456.00 386.00 -1818.00 2788.00 -2644.00 -17560.00 22.08 
279 365596 34 13 93 90 73 58 110 138 15 175 24 85 165 147 143 114 65 109 27 49 17 102 74 123 1530.00 -1329.00 -11068.00 740.00 -2792.00 -19960.00 21.39 
280 367021 165 147 143 114 65 109 27 49 17 102 74 123 81 23 87 109 124 158 98 101 79 17 20 84 -4645.00 3974.00 14096.00 5548.00 -6248.00 -20060.00 21.39 
281 368180 81 23 87 109 124 158 98 101 79 17 20 84 176 177 161 143 104 30 69 100 79 157 137 152 2846.00 3827.00 -4156.00 2912.00 -5080.00 -21392.00 22.23 
282 369469 176 177 161 143 104 30 69 100 79 157 137 152 62 123 52 164 3 88 102 173 63 143 59 138 -22293.00 -15830.00 6931.00 4104.00 -3484.00 -21540.00 22.64 
283 370992 62 123 52 164 3 88 102 173 63 143 59 138 38 104 4 158 160 163 166 46 117 43 148 79 69.00 143.00 83.00 1472.00 204.00 -19044.00 23.37 
284 372269 38 104 4 158 160 163 166 46 117 43 148 79 92 15 86 157 127 86 109 49 66 121 90 53 -13724.00 -1124.00 4676.00 2572.00 716.00 -14184.00 26.70 
285 373543 92 15 86 157 127 86 109 49 66 121 90 53 18 38 38 14 142 31 112 24 153 151 75 112 4732.00 2125.00 -3204.00 -1348.00 -2400.00 -25516.00 26.48 
286 374630 18 38 38 14 142 31 112 24 153 151 75 112 83 129 7 86 0 74 3 119 92 40 152 25 -2016.00 -1013.00 -3576.00 -2196.00 -10680.00 -20360.00 24.56 
287 375632 83 129 7 86 0 74 3 119 92 40 152 25 31 36 89 113 81 65 7 178 175 30 72 175 2601.00 635.00 2170.00 4024.00 -1024.00 -10016.00 26.86 
288 376896 31 36 89 113 81 65 7 178 175 30 72 175 111 118 43 16 0 167 56 79 165 176 123 104 -3875.00 -823.00 8408.00 -2924.00 2932.00 -17352.00 25.40 
289 378014 111 118 43 16 0 167 56 79 165 176 123 104 118 88 26 139 164 104 98 155 123 143 28 132 120.00 757.00 101.00 3224.00 4876.00 -15028.00 26.16 
290 379304 118 88 26 139 164 104 98 155 123 143 28 132 88 5 86 46 78 19 176 139 12 95 31 153 6948.00 7260.00 2605.00 1624.00 -188.00 -16592.00 25.74 
291 380692 88 5 86 46 78 19 176 139 12 95 31 153 156 40 49 130 63 19 174 157 118 18 145 179 -648.00 -166.00 -816.00 -2420.00 -3436.00 -19888.00 24.69 
292 381833 156 40 49 130 63 19 174 157 118 18 145 179 58 155 7 117 176 92 72 2 150 125 86 164 3320.00 1445.00 527.00 2444.00 4452.00 -16396.00 25.02 
293 383397 58 155 7 117 176 92 72 2 150 125 86 164 27 125 75 79 117 87 11 49 161 165 25 62 4471.00 -11233.00 -8788.00 6192.00 708.00 -10884.00 25.47 
294 384403 27 125 75 79 117 87 11 49 161 165 25 62 70 27 147 171 150 35 64 61 172 90 41 156 3084.00 4893.00 -9405.00 872.00 144.00 -17404.00 23.42 
295 385556 70 27 147 171 150 35 64 61 172 90 41 156 47 3 18 160 61 1 159 113 85 51 118 154 -3669.00 -3026.00 6424.00 4424.00 -4388.00 -18744.00 25.03 
296 386738 47 3 18 160 61 1 159 113 85 51 118 154 90 57 152 116 54 13 178 11 27 50 1 104 -2826.00 -9344.00 2508.00 1108.00 -3228.00 -23100.00 24.04 
297 387781 90 57 152 116 54 13 178 11 27 50 1 104 68 174 37 79 78 115 84 4 115 35 91 126 1135.00 -2507.00 -13443.00 -4544.00 -3524.00 -18480.00 24.27 
298 389050 68 174 37 79 78 115 84 4 115 35 91 126 179 61 84 70 174 111 149 96 159 61 174 62 -459.00 1740.00 -1980.00 780.00 -2248.00 -17144.00 24.67 
299 390441 179 61 84 70 174 111 149 96 159 61 174 62 105 58 127 136 18 43 125 83 122 14 115 134 -429.00 -355.00 996.00 32.00 -452.00 -16196.00 26.28 
300 391780 105 58 127 136 18 43 125 83 122 14 115 134 175 63 41 172 71 156 156 164 9 69 164 61 908.00 2448.00 7719.00 -1528.00 -1204.00 -18636.00 26.25 
301 393371 175 63 41 172 71 156 156 164 9 69 164 61 103 0 145 108 48 45 149 65 39 173 133 149 -101.00 544.00 120.00 -3116.00 -552.00 -15340.00 25.02 
302 394107 103 0 145 108 48 45 149 65 39 173 133 149 107 165 134 45 52 98 133 131 72 174 163 84 -2423.00 295.00 -467.00 -3120.00 -5588.00 -13448.00 24.92 
303 395623 107 165 134 45 52 98 133 131 72 174 163 84 63 23 101 85 107 18 143 48 108 176 158 29 -706.00 2.00 252.00 -760.00 -516.00 -16684.00 0.00 
304 397396 63 23 101 85 107 18 143 48 108 176 158 29 92 144 1 57 51 151 162 49 148 107 82 8 -179.00 246.00 208.00 -856.00 -324.00 -17296.00 0.00 
305 399603 92 144 1 57 51 151 162 49 148 107 82 8 14 61 98 91 44 72 67 40 85 174 86 66 -274.00 614.00 431.00 -188.00 3144.00 -13544.00 27.77 
306 400974 14 61 98 91 44 72 67 40 85 174 86 66 124 116 127 47 76 76 116 43 170 118 177 13 -3552.00 -1590.00 13758.00 -9044.00 2188.00 -15648.00 25.29 
307 402340 124 116 127 47 76 76 116 43 170 118 177 13 97 171 89 135 38 114 20 62 127 144 122 68 681.00 740.00 1135.00 -2716.00 3532.00 -15392.00 23.68 
308 403423 97 171 89 135 38 114 20 62 127 144 122 68 94 142 59 21 137 171 2 69 129 68 160 63 -1261.00 602.00 1934.00 880.00 1388.00 -17436.00 29.16 
309 405101 94 142 59 21 137 171 2 69 129 68 160 63 89 112 52 150 79 168 139 146 162 144 140 0 -22.00 -23.00 632.00 -792.00 3448.00 -16440.00 26.05 
310 406258 89 112 52 150 79 168 139 146 162 144 140 0 126 16 158 16 36 86 78 87 25 36 111 120 789.00 1383.00 2050.00 1052.00 2244.00 -17396.00 25.99 
311 407516 126 16 158 16 36 86 78 87 25 36 111 120 90 122 123 17 174 6 136 156 116 133 54 70 -4496.00 1018.00 10648.00 -4512.00 -4708.00 -19388.00 22.63 
312 409023 90 122 123 17 174 6 136 156 116 133 54 70 104 57 69 69 139 167 102 122 158 76 174 49 -2527.00 -1682.00 2838.00 2720.00 688.00 -18356.00 26.59 
313 410592 104 57 69 69 139 167 102 122 158 76 174 49 35 18 154 46 70 14 86 132 129 20 99 86 3060.00 3018.00 2799.00 -740.00 4640.00 -17576.00 28.65 
314 412145 35 18 154 46 70 14 86 132 129 20 99 86 57 78 49 169 5 19 64 96 17 2 27 24 2111.00 2279.00 5194.00 -2000.00 2232.00 -17196.00 28.62 
315 413681 57 78 49 169 5 19 64 96 17 2 27 24 122 108 84 176 9 72 97 8 129 14 56 21 2010.00 -1653.00 -2973.00 -1336.00 -2252.00 -16496.00 25.34 
316 414942 122 108 84 176 9 72 97 8 129 14 56 21 164 123 10 124 80 60 20 163 41 90 154 41 -346.00 645.00 413.00 -4.00 2644.00 -16644.00 23.11 
317 416063 164 123 10 124 80 60 20 163 41 90 154 41 70 165 145 23 21 147 77 162 168 55 107 41 -3497.00 5189.00 -6480.00 -624.00 -3012.00 -12920.00 13.94 
318 417163 70 165 145 23 21 147 77 162 168 55 107 41 3 32 95 11 74 17 81 15 109 88 25 162 -627.00 209.00 -41.00 -272.00 1644.00 -18096.00 24.56 
319 418459 3 32 95 11 74 17 81 15 109 88 25 162 55 161 38 144 131 3 92 45 151 39 91 138 2107.00 518.00 -600.00 2844.00 -2684.00 -18716.00 24.11 
320 419768 55 161 38 144 131 3 92 45 151 39 91 138 54 136 0 55 158 44 140 173 109 139 55 19 615.00 3037.00 -547.00 1508.00 -1080.00 -15404.00 27.64 
321 420791 54 136 0 55 158 44 140 173 109 139 55 19 49 92 68 164 124 126 164 134 19 155 66 20 -1169.00 -148.00 2458.00 -156.00 -2392.00 -21052.00 25.74 
322 422381 49 92 68 164 124 126 164 134 19 155 66 20 148 33 151 163 141 59 31 47 4 72 174 72 -546.00 -114.00 53.00 -1000.00 -2404.00 -14100.00 24.65 
323 423763 148 33 151 163 141 59 31 47 4 72 174 72 151 168 173 34 52 85 145 62 94 18 120 124 149.00 1411.00 6456.00 -5380.00 -1284.00 -24492.00 24.98 
324 425041 151 168 173 34 52 85 145 62 94 18 120 124 142 122 124 92 74 153 118 56 100 160 14 63 -12.00 1707.00 -953.00 208.00 -324.00 -18024.00 25.21 
325 426320 142 122 124 92 74 153 118 56 100 160 14 63 13 63 166 154 62 66 107 110 40 70 52 118 -6547.00 -5357.00 -5444.00 2268.00 4896.00 -22616.00 25.32 
326 427981 13 63 166 154 62 66 107 110 40 70 52 118 2 57 48 102 179 59 32 171 105 12 142 12 -877.00 -622.00 2561.00 568.00 -3580.00 -23136.00 23.22 
327 429426 2 57 48 102 179 59 32 171 105 12 142 12 117 88 170 24 114 165 163 166 46 113 116 171 7474.00 4576.00 -1001.00 904.00 -4076.00 -25176.00 25.36 
328 430994 117 88 170 24 114 165 163 166 46 113 116 171 133 174 64 147 94 110 117 96 104 99 101 141 -3791.00 -2949.00 1108.00 -1496.00 -1992.00 -18136.00 26.79 
329 432489 133 174 64 147 94 110 117 96 104 99 101 141 123 147 175 140 68 169 170 55 140 51 131 70 -1297.00 -319.00 44.00 -356.00 2028.00 -19472.00 25.52 
