Accelerometer range set to: +-8G
Gyro range set to: +- 500 deg/s
Filter bandwidth set to: 21 Hz

Robo Inteligente Iniciado
N T EM1 EM2 EM3 EM4 EM5 EM6 EM7 EM8 EM9 EM10 EM11 EM12 CM1 CM2 CM3 CM4 CM5 CM6 CM7 CM8 CM9 CM10 CM11 CM12 AcX AcY AcZ  GyX GyY GyZ HCSR Tmp 
0 551 93 93 93 93 93 93 93 93 93 93 93 93 77 79 103 88 80 102 94 108 73 99 70 75 1.38 -3.70 -8.11 -0.47 -0.58 0.42 22.45 32.26 
1 781 77 79 103 88 80 102 94 108 73 99 70 75 72 97 93 77 79 70 82 93 79 99 107 70 -0.70 1.49 -2.96 -0.71 0.68 0.02 22.48 24.44 
2 915 72 97 93 77 79 70 82 93 79 99 107 70 89 108 86 85 87 96 102 97 80 103 89 99 -45.78 -14.06 13.41 -1.85 0.79 1.97 22.52 23.19 
3 1052 89 108 86 85 87 96 102 97 80 103 89 99 91 77 102 103 86 75 95 98 81 104 107 71 -5.03 -4.85 -0.12 -1.00 0.96 -4.40 22.54 24.45 
4 1272 91 77 102 103 86 75 95 98 81 104 107 71 98 94 98 80 74 106 80 93 72 96 99 94 -3.22 -3.78 -6.61 -1.69 0.96 0.66 22.55 37.85 
5 1410 98 94 98 80 74 106 80 93 72 96 99 94 83 87 78 98 83 88 91 105 83 95 84 93 -10.84 -12.21 -3.56 -1.28 0.08 1.02 22.56 35.37 
6 1546 83 87 78 98 83 88 91 105 83 95 84 93 95 99 105 84 99 91 107 105 95 74 81 88 3.24 -17.29 -37.80 -1.11 0.76 -0.45 22.59 32.38 
7 1711 95 99 105 84 99 91 107 105 95 74 81 88 73 95 72 102 76 106 87 108 94 91 87 101 17.41 15.50 -1.43 0.73 1.82 -0.55 22.59 30.99 
8 1850 73 95 72 102 76 106 87 108 94 91 87 101 87 108 87 107 84 94 79 101 95 85 105 88 -2.24 1.94 -31.69 -1.15 0.39 -3.12 22.62 25.40 
9 1991 87 108 87 107 84 94 79 101 95 85 105 88 109 78 82 90 107 104 78 105 78 103 80 76 12.34 9.73 23.04 0.75 1.73 -2.30 22.64 31.82 
10 2131 109 78 82 90 107 104 78 105 78 103 80 76 92 75 72 82 77 91 85 102 101 91 100 101 -5.06 7.26 38.23 -0.01 -2.13 -1.17 22.65 23.80 
11 2338 92 75 72 82 77 91 85 102 101 91 100 101 87 86 100 70 109 85 76 82 88 85 109 84 7.19 3.70 -1.43 0.37 1.49 -0.61 22.67 35.46 
12 2524 87 86 100 70 109 85 76 82 88 85 109 84 79 70 95 76 73 96 83 80 108 84 90 74 0.87 -1.46 13.41 -0.30 1.84 -0.88 22.66 36.49 
13 2661 79 70 95 76 73 96 83 80 108 84 90 74 84 96 104 73 88 74 100 100 109 93 97 95 -17.10 -3.11 -17.57 -0.06 1.19 2.41 22.68 41.45 
14 2905 84 96 104 73 88 74 100 100 109 93 97 95 102 89 77 95 86 75 93 90 94 78 85 105 -1.11 0.20 -2.35 -0.67 2.13 -0.32 22.67 34.77 
15 3044 102 89 77 95 86 75 93 90 94 78 85 105 84 72 81 109 102 74 85 88 106 82 85 101 6.69 -8.35 14.26 -0.51 1.98 1.02 22.69 34.77 
16 3217 84 72 81 109 102 74 85 88 106 82 85 101 99 107 103 97 95 80 92 81 78 87 71 95 3.42 -2.56 -13.28 -0.57 1.22 0.16 22.70 35.46 
17 3356 99 107 103 97 95 80 92 81 78 87 71 95 98 105 86 77 109 104 81 106 91 102 70 84 4.17 6.23 21.22 0.52 0.59 -4.11 22.72 26.39 
18 3528 98 105 86 77 109 104 81 106 91 102 70 84 105 99 77 85 103 79 70 85 85 96 73 92 -0.53 3.12 -7.57 -0.50 0.99 -1.24 22.72 33.74 
19 3732 105 99 77 85 103 79 70 85 85 96 73 92 98 79 81 74 108 78 107 81 79 73 81 81 -3.37 1.14 4.98 -0.05 0.50 0.41 22.72 26.28 
20 3946 98 79 81 74 108 78 107 81 79 73 81 81 89 85 79 90 79 93 84 90 87 95 107 75 -0.81 0.33 -0.84 -0.14 0.64 0.16 22.74 24.94 
21 4081 89 85 79 90 79 93 84 90 87 95 107 75 86 74 107 78 94 100 100 86 82 104 107 94 -65.66 -5.35 -33.04 -0.56 0.82 2.43 22.75 35.35 
22 4321 86 74 107 78 94 100 100 86 82 104 107 94 98 95 88 89 79 79 103 73 77 77 83 72 1.04 -2.04 -2.49 -0.91 0.30 0.51 22.75 36.11 
23 4584 98 95 88 89 79 79 103 73 77 77 83 72 86 83 94 100 76 70 74 80 75 86 88 105 1.42 -0.86 -0.73 -1.00 0.65 0.28 22.77 34.48 
24 4790 86 83 94 100 76 70 74 80 75 86 88 105 107 86 88 96 107 101 108 84 89 87 83 101 6.92 1.73 -12.12 -1.20 0.33 1.57 22.77 33.88 
25 5015 107 86 88 96 107 101 108 84 89 87 83 101 72 103 107 101 98 99 103 107 94 108 70 84 -2.71 -1.08 0.11 -0.41 -0.15 0.45 22.78 25.29 
26 5231 72 103 107 101 98 99 103 107 94 108 70 84 105 97 70 80 105 96 97 108 70 76 105 87 -7.81 -3.19 -5.43 -0.23 -0.35 0.59 22.78 24.62 
27 5376 105 97 70 80 105 96 97 108 70 76 105 87 104 103 70 104 88 107 95 79 85 73 92 107 -9.55 33.24 -0.46 -2.61 -0.60 -1.10 22.79 23.64 
28 5533 104 103 70 104 88 107 95 79 85 73 92 107 89 77 97 99 105 93 103 93 98 95 88 89 9.61 1.56 -17.51 0.65 0.10 -1.27 22.79 35.51 
29 5673 89 77 97 99 105 93 103 93 98 95 88 89 80 94 82 83 73 87 70 100 101 70 73 90 7.68 -9.26 -31.14 -0.39 0.59 0.56 22.79 33.45 
30 5937 80 94 82 83 73 87 70 100 101 70 73 90 83 88 73 106 100 84 90 109 102 84 99 92 1.93 -2.07 -2.08 0.35 1.53 0.18 22.82 37.54 
31 6159 83 88 73 106 100 84 90 109 102 84 99 92 81 100 109 93 80 70 73 80 81 99 108 96 3.70 4.02 3.48 0.02 1.63 -0.21 22.82 36.62 
32 6296 81 100 109 93 80 70 73 80 81 99 108 96 100 91 86 74 74 108 86 81 94 70 108 101 -30.73 -33.17 -0.14 -3.59 1.19 1.71 22.82 24.45 
33 6438 100 91 86 74 74 108 86 81 94 70 108 101 93 101 71 75 70 88 104 79 83 70 95 82 17.35 32.39 18.08 -0.53 -0.24 -3.45 22.82 32.45 
34 6688 93 101 71 75 70 88 104 79 83 70 95 82 98 107 78 100 74 105 87 101 80 96 80 103 -1.32 0.43 -1.74 -0.25 0.59 -0.15 22.84 35.04 
35 6838 98 107 78 100 74 105 87 101 80 96 80 103 75 70 92 73 102 97 91 100 70 109 77 81 -25.92 -1.55 1.76 0.17 1.21 -0.68 22.84 27.37 
36 7008 75 70 92 73 102 97 91 100 70 109 77 81 84 95 71 107 98 72 105 84 75 83 90 101 -3.49 -1.83 3.10 -1.58 -0.37 0.88 22.85 22.64 
37 7148 84 95 71 107 98 72 105 84 75 83 90 101 84 95 79 83 99 76 106 94 90 88 102 70 -7.60 -5.22 47.47 0.06 0.53 0.14 22.86 33.16 
38 7285 84 95 79 83 99 76 106 94 90 88 102 70 90 97 102 89 88 91 81 86 81 101 78 101 4.39 -5.49 -45.80 -1.63 1.08 1.31 22.86 25.52 
39 7536 90 97 102 89 88 91 81 86 81 101 78 101 75 70 70 108 83 97 100 101 73 104 83 77 0.87 0.20 2.84 -0.39 0.80 -0.49 22.87 25.49 
40 7683 75 70 70 108 83 97 100 101 73 104 83 77 105 81 72 106 76 105 74 71 87 91 93 74 -2.35 -4.33 -45.83 -2.58 -0.01 -0.66 22.88 23.55 
41 7878 105 81 72 106 76 105 74 71 87 91 93 74 86 71 85 100 86 95 83 91 70 101 79 95 1.55 0.88 14.69 0.20 0.46 0.49 22.88 26.28 
42 8020 86 71 85 100 86 95 83 91 70 101 79 95 86 78 75 94 77 99 106 76 86 96 97 70 -3.66 3.04 -11.74 -0.20 -0.50 0.64 22.88 25.12 
43 8296 86 78 75 94 77 99 106 76 86 96 97 70 101 80 88 81 94 108 108 84 95 77 79 88 -0.24 -0.76 0.58 -0.40 0.55 -0.42 22.88 32.16 
44 8550 101 80 88 81 94 108 108 84 95 77 79 88 95 108 98 99 104 77 70 104 90 106 85 73 5.41 4.04 4.32 -0.10 -0.59 0.17 22.89 27.24 
45 8708 95 108 98 99 104 77 70 104 90 106 85 73 95 81 82 94 106 107 105 75 100 85 102 100 -41.40 -1.08 -1.42 1.30 1.80 1.31 22.90 38.37 
46 8991 95 81 82 94 106 107 105 75 100 85 102 100 107 89 77 105 83 89 79 74 89 91 75 79 0.26 -1.41 -0.47 0.45 0.30 0.12 22.92 35.86 
47 9261 107 89 77 105 83 89 79 74 89 91 75 79 103 70 79 100 87 76 108 93 88 86 71 109 2.23 -0.62 1.04 -0.54 0.85 0.77 22.92 26.21 
48 9398 103 70 79 100 87 76 108 93 88 86 71 109 77 98 109 97 105 105 102 74 99 94 84 97 -56.65 -8.21 25.15 0.12 0.93 -0.36 22.91 25.52 
49 9598 77 98 109 97 105 105 102 74 99 94 84 97 85 75 86 91 95 89 101 93 88 108 109 74 -3.98 -10.91 -25.71 0.27 0.45 -0.40 22.92 35.28 
50 9741 85 75 86 91 95 89 101 93 88 108 109 74 109 75 101 97 74 75 71 84 96 80 93 102 -31.45 -10.02 39.79 -1.02 -1.01 3.19 22.93 25.90 
51 9990 109 75 101 97 74 75 71 84 96 80 93 102 91 84 87 87 90 79 95 97 92 109 107 106 8.58 2.56 -3.40 -0.55 1.75 -0.52 22.93 33.90 
52 10163 91 84 87 87 90 79 95 97 92 109 107 106 72 99 109 98 93 87 71 102 96 91 107 106 1.09 -2.27 -0.44 -1.36 1.67 1.03 22.94 35.35 
53 10393 72 99 109 98 93 87 71 102 96 91 107 106 80 84 105 91 102 83 97 102 74 101 108 102 1.79 4.25 2.52 -0.52 -0.15 -0.00 22.94 24.51 
54 10602 80 84 105 91 102 83 97 102 74 101 108 102 80 93 109 104 109 76 105 71 73 102 76 109 3.58 0.62 2.28 -0.95 0.86 -0.08 22.94 33.45 
55 10864 80 93 109 104 109 76 105 71 73 102 76 109 80 93 99 75 93 101 101 102 86 89 81 109 1.35 0.57 1.21 -1.26 0.98 0.02 22.98 33.31 
56 11096 80 93 99 75 93 101 101 102 86 89 81 109 106 81 87 103 78 87 80 73 86 79 81 104 -1.57 0.02 -1.48 0.17 -0.39 -0.52 22.97 24.82 
57 11364 106 81 87 103 78 87 80 73 86 79 81 104 94 96 81 100 72 74 80 74 83 71 77 89 4.34 -0.04 -4.52 -1.22 0.32 0.37 22.94 24.67 
58 11501 94 96 81 100 72 74 80 74 83 71 77 89 87 100 71 91 75 72 82 82 84 109 77 87 6.00 -2.86 -15.07 -1.20 -0.18 -0.63 22.98 26.95 
59 11777 87 100 71 91 75 72 82 82 84 109 77 87 80 89 100 87 91 106 70 89 102 109 106 100 -0.87 0.01 -0.37 -1.21 1.62 0.11 22.97 29.67 
60 11926 80 89 100 87 91 106 70 89 102 109 106 100 78 84 74 108 100 91 85 91 81 91 75 71 -6.97 -8.82 -1.66 0.32 0.98 0.05 22.98 24.63 
61 12142 78 84 74 108 100 91 85 91 81 91 75 71 100 78 75 83 87 99 86 93 91 105 108 90 -2.84 3.07 4.73 -0.53 0.57 0.04 22.99 23.15 
62 12360 100 78 75 83 87 99 86 93 91 105 108 90 92 84 93 73 79 80 85 85 74 84 73 108 -2.16 -3.58 0.47 -1.09 0.73 0.48 22.99 24.16 
63 12497 92 84 93 73 79 80 85 85 74 84 73 108 82 106 104 90 90 80 78 91 77 106 97 91 28.74 -15.67 25.30 -0.06 1.30 1.26 23.00 25.76 
64 12668 82 106 104 90 90 80 78 91 77 106 97 91 78 81 78 105 83 101 79 83 109 101 90 74 -0.38 4.45 7.30 -1.45 0.26 -0.32 23.02 28.49 
65 12870 78 81 78 105 83 101 79 83 109 101 90 74 100 80 70 103 92 88 92 74 98 103 85 90 2.22 4.40 2.00 -2.18 1.50 1.00 23.00 38.21 
66 13008 100 80 70 103 92 88 92 74 98 103 85 90 106 97 80 77 93 83 82 91 94 70 90 88 5.84 8.60 18.58 0.20 1.95 -1.71 23.02 25.92 
67 13277 106 97 80 77 93 83 82 91 94 70 90 88 93 88 84 75 92 99 80 79 88 80 85 93 1.29 -3.05 -0.34 -0.70 1.94 0.40 23.01 32.62 
68 13531 93 88 84 75 92 99 80 79 88 80 85 93 95 84 105 71 101 96 81 89 93 104 107 109 -2.22 0.37 0.18 0.12 0.26 -0.06 23.02 34.84 
69 13668 95 84 105 71 101 96 81 89 93 104 107 109 90 87 75 108 74 92 105 70 97 90 97 76 21.96 -12.85 -4.50 -1.47 1.01 -3.45 23.03 25.12 
70 13812 90 87 75 108 74 92 105 70 97 90 97 76 72 73 79 80 93 108 103 71 80 70 88 70 -34.97 6.77 -54.24 -0.87 0.67 0.32 23.03 27.73 
71 14058 72 73 79 80 93 108 103 71 80 70 88 70 97 86 101 96 101 94 89 86 94 82 98 104 -4.87 1.52 -3.54 -0.42 -1.25 -0.36 23.03 28.35 
72 14266 97 86 101 96 101 94 89 86 94 82 98 104 89 98 101 80 93 97 94 93 84 78 91 102 -0.97 -6.06 -3.10 1.68 1.34 -0.37 23.04 27.49 
73 14405 89 98 101 80 93 97 94 93 84 78 91 102 73 109 89 89 106 91 77 103 89 98 74 70 7.67 5.03 -2.67 -0.64 -0.42 0.10 23.03 28.06 
74 14543 73 109 89 89 106 91 77 103 89 98 74 70 73 104 106 99 77 104 89 74 81 99 96 97 -17.69 7.30 -32.81 -0.49 -0.50 -3.97 23.04 29.78 
75 14801 73 104 106 99 77 104 89 74 81 99 96 97 99 77 83 91 85 86 104 105 101 82 98 108 0.86 -1.15 -4.09 -0.98 0.43 0.98 23.03 22.77 
76 14980 99 77 83 91 85 86 104 105 101 82 98 108 97 87 79 76 80 101 82 93 102 91 101 100 7.50 19.90 20.89 -0.96 1.67 1.27 23.04 26.23 
77 15121 97 87 79 76 80 101 82 93 102 91 101 100 83 78 100 70 109 104 102 104 80 102 109 87 -2.41 8.59 17.44 0.46 0.33 -1.81 23.04 36.69 
78 15339 83 78 100 70 109 104 102 104 80 102 109 87 102 102 93 71 103 92 71 106 88 101 90 106 -1.34 0.80 -0.43 -0.16 0.48 0.14 23.05 36.02 
79 15624 102 102 93 71 103 92 71 106 88 101 90 106 94 109 79 94 85 100 86 109 70 88 78 82 1.88 0.23 2.58 -0.41 1.04 -0.48 23.07 34.63 
80 15798 94 109 79 94 85 100 86 109 70 88 78 82 70 92 70 99 95 93 105 89 108 109 71 92 -0.76 1.99 -16.20 -1.05 0.66 2.11 23.05 36.15 
81 16021 70 92 70 99 95 93 105 89 108 109 71 92 84 70 91 80 98 81 94 99 105 99 100 82 8.14 3.65 -2.56 0.88 1.25 0.08 23.03 34.84 
82 16157 84 70 91 80 98 81 94 99 105 99 100 82 75 89 80 101 73 76 99 100 104 80 102 94 14.13 -9.02 4.44 -0.49 1.33 0.23 23.07 37.78 
83 16369 75 89 80 101 73 76 99 100 104 80 102 94 71 109 90 72 91 75 104 99 80 72 90 83 2.20 3.62 10.90 0.13 1.93 -0.14 23.06 32.18 
84 16507 71 109 90 72 91 75 104 99 80 72 90 83 72 91 76 98 93 72 109 107 103 74 88 106 3.91 3.21 -11.27 -1.48 1.22 -2.48 23.09 29.87 
85 16649 72 91 76 98 93 72 109 107 103 74 88 106 91 105 106 79 78 70 92 102 86 97 96 81 19.94 13.52 37.80 -0.25 0.30 -0.74 23.08 36.51 
86 16864 91 105 106 79 78 70 92 102 86 97 96 81 81 73 86 75 77 103 96 103 82 75 70 103 -6.30 -0.99 4.26 -0.91 2.40 1.79 23.09 37.38 
87 17048 81 73 86 75 77 103 96 103 82 75 70 103 83 85 89 81 88 84 70 88 79 105 108 82 14.49 3.43 -11.66 -0.79 0.73 0.34 23.08 26.97 
88 17326 83 85 89 81 88 84 70 88 79 105 108 82 72 106 106 76 103 94 74 102 109 72 78 89 0.46 0.54 1.60 -1.15 0.87 0.12 23.08 36.24 
89 17464 72 106 106 76 103 94 74 102 109 72 78 89 95 106 77 82 98 70 80 108 82 95 78 90 16.08 21.23 -23.54 -1.34 0.16 -0.49 23.10 32.18 
90 17649 95 106 77 82 98 70 80 108 82 95 78 90 102 73 93 102 71 79 91 76 103 79 81 107 -1.32 -6.99 -8.08 -0.92 2.14 0.76 23.09 25.83 
91 17811 102 73 93 102 71 79 91 76 103 79 81 107 76 86 86 84 104 84 85 87 76 87 107 70 -13.71 -1.92 0.73 1.48 2.99 0.21 23.09 33.79 
92 17979 76 86 86 84 104 84 85 87 76 87 107 70 101 101 84 93 107 74 94 103 100 77 109 99 -23.19 -11.31 7.86 -4.55 -0.23 -1.76 23.10 23.95 
93 18124 101 101 84 93 107 74 94 103 100 77 109 99 94 74 81 82 89 84 77 93 70 89 100 103 8.55 -1.31 13.92 0.66 2.77 1.97 23.12 34.26 
94 18369 94 74 81 82 89 84 77 93 70 89 100 103 71 95 83 79 86 103 91 88 81 73 70 78 4.19 -1.29 -7.34 -0.59 0.88 -0.24 23.11 24.47 
95 18527 71 95 83 79 86 103 91 88 81 73 70 78 76 102 89 71 74 101 82 75 80 104 72 86 -1.03 1.72 -4.12 -1.18 0.68 1.56 23.10 24.35 
96 18728 76 102 89 71 74 101 82 75 80 104 72 86 96 83 94 81 89 105 79 78 78 88 87 73 0.34 -0.21 0.31 -0.70 0.42 0.19 23.10 34.30 
97 18999 96 83 94 81 89 105 79 78 78 88 87 73 98 79 76 78 76 109 85 99 106 78 86 89 1.78 1.10 1.60 -0.63 -0.40 0.43 23.12 31.77 
98 19273 98 79 76 78 76 109 85 99 106 78 86 89 87 86 108 81 73 108 70 98 71 81 88 87 -1.90 -1.49 -0.47 0.11 0.44 0.90 23.12 32.64 
99 19528 87 86 108 81 73 108 70 98 71 81 88 87 91 108 98 93 105 96 98 78 109 109 73 107 -1.81 -0.27 2.46 0.98 -0.11 -0.09 23.12 26.41 
100 19790 91 108 98 93 105 96 98 78 109 109 73 107 103 88 83 85 101 105 74 72 102 89 81 105 16.26 22.30 -3.07 -0.22 0.72 0.32 23.14 35.10 
101 20012 103 88 83 85 101 105 74 72 102 89 81 105 98 80 104 100 88 95 75 109 105 77 77 73 2.92 0.45 -3.48 0.70 0.22 -0.96 23.15 36.04 
102 20154 98 80 104 100 88 95 75 109 105 77 77 73 76 84 73 105 94 105 106 109 94 83 76 103 2.07 -3.34 -44.20 1.07 1.55 1.66 23.12 25.90 
103 20435 76 84 73 105 94 105 106 109 94 83 76 103 77 104 80 77 95 100 72 75 104 82 71 95 -3.60 -0.22 -3.63 0.85 0.61 0.12 23.14 26.26 
104 20634 77 104 80 77 95 100 72 75 104 82 71 95 76 70 70 102 73 100 75 70 95 97 74 98 0.69 1.30 1.63 0.92 0.39 -0.09 23.16 36.06 
105 20871 76 70 70 102 73 100 75 70 95 97 74 98 76 90 85 109 92 98 93 107 86 72 79 88 -0.22 0.80 2.34 0.81 1.11 -1.25 23.15 31.69 
106 21141 76 90 85 109 92 98 93 107 86 72 79 88 99 72 105 75 109 81 71 84 104 92 96 73 1.79 5.75 -1.07 0.41 0.39 -0.15 23.16 26.06 
107 21334 99 72 105 75 109 81 71 84 104 92 96 73 89 71 80 74 85 88 92 81 86 70 98 94 -4.35 1.07 13.76 -0.25 1.56 1.11 23.16 31.06 
108 21471 89 71 80 74 85 88 92 81 86 70 98 94 98 81 107 70 104 86 109 75 83 72 89 104 0.98 3.84 0.86 -1.04 -1.84 -3.82 23.18 38.01 
109 21693 98 81 107 70 104 86 109 75 83 72 89 104 76 86 80 92 83 83 105 98 81 108 91 81 9.99 -5.86 -9.54 0.11 0.51 1.72 23.15 27.01 
110 21935 76 86 80 92 83 83 105 98 81 108 91 81 70 107 82 93 85 78 83 85 106 81 97 79 -1.97 1.09 1.60 -0.77 1.12 -0.84 23.17 25.25 
111 22211 70 107 82 93 85 78 83 85 106 81 97 79 84 78 93 109 96 84 77 87 73 91 77 104 3.67 1.53 -0.96 0.06 1.93 0.35 23.17 35.21 
112 22347 84 78 93 109 96 84 77 87 73 91 77 104 86 109 88 100 93 96 86 75 74 72 73 91 1.65 -21.64 35.65 0.06 0.42 -4.57 23.19 29.27 
113 22487 86 109 88 100 93 96 86 75 74 72 73 91 81 72 85 86 84 78 90 101 100 85 104 102 12.75 31.06 2.99 -2.57 1.03 -2.06 23.18 31.24 
114 22770 81 72 85 86 84 78 90 101 100 85 104 102 87 79 75 109 91 80 98 79 109 97 109 96 24.39 -23.32 0.00 -0.49 1.09 -0.80 23.19 35.79 
115 22984 87 79 75 109 91 80 98 79 109 97 109 96 70 105 87 72 92 90 71 75 100 75 106 104 0.71 -18.83 -2.35 -2.92 0.99 1.84 23.19 30.90 
116 23143 70 105 87 72 92 90 71 75 100 75 106 104 72 103 70 86 104 107 71 91 88 75 102 70 -29.31 28.27 14.50 -1.31 0.20 -0.89 23.19 29.97 
117 23410 72 103 70 86 104 107 71 91 88 75 102 70 71 92 94 105 105 102 73 72 83 71 91 89 -2.87 0.05 -2.81 0.93 -0.64 -1.06 23.18 39.03 
118 23553 71 92 94 105 105 102 73 72 83 71 91 89 70 79 105 72 74 102 103 105 78 94 85 101 -10.32 -61.57 6.12 0.61 -3.65 1.10 23.19 35.98 
119 23766 70 79 105 72 74 102 103 105 78 94 85 101 80 94 101 86 71 94 75 72 103 93 106 108 -27.35 -57.58 -8.85 -5.23 -0.26 1.34 23.23 33.49 
120 23913 80 94 101 86 71 94 75 72 103 93 106 108 98 93 109 92 93 100 89 82 107 82 92 87 -62.26 -35.49 -3.95 -5.28 0.54 3.71 23.21 34.61 
121 24057 98 93 109 92 93 100 89 82 107 82 92 87 103 100 89 80 101 85 88 92 75 100 72 78 18.65 50.54 -6.85 -5.28 5.15 2.23 23.22 35.60 
122 24321 103 100 89 80 101 85 88 92 75 100 72 78 89 99 83 100 101 95 92 87 103 89 106 94 -25.14 18.66 -2.34 -0.70 -1.37 0.93 23.20 28.29 
123 24466 89 99 83 100 101 95 92 87 103 89 106 94 72 93 105 79 87 92 94 102 104 76 97 105 -14.38 42.59 -49.85 -1.64 -0.04 -1.45 23.22 34.36 
124 24614 72 93 105 79 87 92 94 102 104 76 97 105 102 96 92 79 96 99 109 108 80 73 76 73 -2.19 0.63 -8.78 1.58 0.15 -0.26 23.20 33.88 
125 24774 102 96 92 79 96 99 109 108 80 73 76 73 95 108 97 87 101 106 91 73 84 93 102 72 31.26 -65.80 -17.08 -1.62 -0.23 0.53 23.21 38.61 
126 24921 95 108 97 87 101 106 91 73 84 93 102 72 101 101 92 83 103 100 90 94 105 77 100 71 44.37 -56.36 2.09 -2.11 -2.42 1.52 23.21 32.62 
127 25067 101 101 92 83 103 100 90 94 105 77 100 71 96 103 70 89 86 72 88 104 76 76 102 105 -69.89 -73.08 13.07 -4.16 0.05 4.14 23.22 33.92 
128 25214 96 103 70 89 86 72 88 104 76 76 102 105 87 91 108 84 90 107 77 81 92 82 87 74 61.06 38.52 4.14 -7.55 -3.30 2.28 23.22 37.63 
129 25367 87 91 108 84 90 107 77 81 92 82 87 74 75 97 93 88 89 93 87 71 75 87 75 107 -24.61 32.17 -46.58 -4.20 -1.17 3.56 23.22 33.50 
130 25508 75 97 93 88 89 93 87 71 75 87 75 107 94 94 89 89 86 90 81 76 72 83 85 79 112.07 134.17 13.77 -2.89 -5.64 2.02 23.23 39.55 
131 25648 94 94 89 89 86 90 81 76 72 83 85 79 79 101 106 73 86 74 80 108 101 109 85 95 -39.35 29.07 -36.11 -2.67 -2.37 0.38 23.23 25.63 
132 25829 79 101 106 73 86 74 80 108 101 109 85 95 97 107 98 70 94 84 85 93 99 76 75 93 0.37 19.53 -4.90 -1.31 0.47 -0.48 23.22 30.01 
133 26085 97 107 98 70 94 84 85 93 99 76 75 93 82 91 88 94 72 101 90 76 100 73 77 78 12.31 -106.88 15.42 -1.25 -1.06 -0.52 23.24 36.18 
134 26278 82 91 88 94 72 101 90 76 100 73 77 78 107 99 75 103 93 86 70 98 89 107 84 95 -15.49 -72.06 -0.15 -5.39 -2.97 4.60 23.24 38.59 
135 26508 107 99 75 103 93 86 70 98 89 107 84 95 97 95 77 84 105 98 87 79 85 99 96 96 8.94 39.04 -4.34 -4.99 0.06 3.10 23.24 36.24 
136 26752 97 95 77 84 105 98 87 79 85 99 96 96 95 92 108 83 89 73 93 73 109 91 84 104 -4.16 83.72 -13.66 -4.08 -0.60 1.24 23.23 32.64 
137 26898 95 92 108 83 89 73 93 73 109 91 84 104 92 106 109 105 100 83 80 82 98 73 91 77 -43.06 43.99 -14.14 -0.45 -1.51 1.79 23.25 26.34 
138 27052 92 106 109 105 100 83 80 82 98 73 91 77 96 88 96 97 104 100 100 108 87 96 94 86 -16.21 -30.94 -67.57 -3.01 -0.27 1.37 23.24 38.25 
139 27315 96 88 96 97 104 100 100 108 87 96 94 86 107 88 84 86 98 82 103 70 74 94 83 103 -45.02 -71.69 -37.69 -4.67 -1.43 2.05 23.26 41.23 
140 27462 107 88 84 86 98 82 103 70 74 94 83 103 89 87 99 97 101 103 103 89 70 104 107 94 106.19 -53.00 57.45 -6.73 -0.88 4.41 23.23 37.99 
141 27664 89 87 99 97 101 103 103 89 70 104 107 94 108 70 98 88 71 107 102 83 90 106 90 104 19.71 45.04 -4.95 -6.82 -2.29 7.02 23.27 35.44 
142 27911 108 70 98 88 71 107 102 83 90 106 90 104 100 93 79 84 95 101 81 80 87 80 84 75 1.56 69.64 9.45 -3.09 -1.38 0.78 23.27 36.31 
143 28090 100 93 79 84 95 101 81 80 87 80 84 75 84 102 104 80 96 97 71 75 99 81 95 70 -4.85 16.31 8.11 -1.28 -1.62 0.92 23.26 42.30 
144 28229 84 102 104 80 96 97 71 75 99 81 95 70 85 99 84 73 84 104 84 84 93 105 107 107 -4.55 5.46 -20.38 -1.04 -1.64 -0.26 23.27 24.11 
145 28452 85 99 84 73 84 104 84 84 93 105 107 107 92 84 82 109 109 93 87 80 80 76 86 82 5.32 -89.52 -76.72 -4.38 1.01 2.06 23.25 35.17 
146 28595 92 84 82 109 109 93 87 80 80 76 86 82 88 106 71 74 97 88 90 82 77 105 91 76 69.04 -4.33 -68.34 -3.13 2.11 2.04 23.27 30.43 
147 28873 88 106 71 74 97 88 90 82 77 105 91 76 100 85 88 89 82 73 102 96 98 103 76 96 -6.81 30.83 -5.72 -5.32 -2.37 3.48 23.27 52.22 
148 29105 100 85 88 89 82 73 102 96 98 103 76 96 83 91 86 102 91 79 87 74 72 70 82 85 -13.98 100.23 5.50 -3.44 -0.65 2.65 23.29 43.39 
149 29248 83 91 86 102 91 79 87 74 72 70 82 85 82 101 82 83 107 87 96 95 91 89 79 77 -7.80 41.49 12.81 -0.54 -1.50 2.89 23.26 23.46 
150 29507 82 101 82 83 107 87 96 95 91 89 79 77 100 86 95 91 77 89 87 103 95 99 92 98 7.70 -22.96 6.34 -0.68 -1.93 -1.05 23.27 23.39 
151 29652 100 86 95 91 77 89 87 103 95 99 92 98 109 98 97 94 101 107 76 90 102 71 80 88 -55.14 -97.51 26.35 -0.08 -4.21 2.08 23.29 35.01 
152 29883 109 98 97 94 101 107 76 90 102 71 80 88 99 84 77 82 89 87 100 101 94 74 90 85 6.03 -36.12 -3.95 -5.34 -1.04 3.15 23.29 24.76 
153 30068 99 84 77 82 89 87 100 101 94 74 90 85 87 85 85 94 70 108 107 73 87 104 78 97 -10.21 34.31 2.93 -5.50 -0.35 2.97 23.28 23.84 
154 30221 87 85 85 94 70 108 107 73 87 104 78 97 103 72 107 106 92 92 72 78 70 95 80 76 40.03 99.56 5.31 -3.84 -2.86 1.22 23.28 23.75 
155 30410 103 72 107 106 92 92 72 78 70 95 80 76 109 90 72 107 85 102 84 105 80 101 73 81 -38.68 28.75 -14.79 -2.44 0.56 0.36 23.30 27.22 
156 30626 109 90 72 107 85 102 84 105 80 101 73 81 81 100 99 77 104 98 93 78 81 82 109 86 3.87 -86.79 5.13 -2.19 -2.31 0.50 23.30 25.25 
157 30770 81 100 99 77 104 98 93 78 81 82 109 86 92 73 79 89 84 76 97 102 90 96 71 75 -53.00 -88.54 7.41 -5.05 -4.05 -0.66 23.29 36.85 
158 30963 92 73 79 89 84 76 97 102 90 96 71 75 106 104 107 85 85 96 94 81 101 90 106 89 11.27 46.57 5.91 -5.87 -1.72 6.03 23.30 20.87 
159 31196 106 104 107 85 85 96 94 81 101 90 106 89 87 99 73 92 75 89 109 70 102 98 83 86 43.27 103.65 10.69 -1.83 0.58 1.49 23.31 23.28 
160 31418 87 99 73 92 75 89 109 70 102 98 83 86 103 107 103 93 78 84 76 93 100 91 96 75 22.16 -15.11 4.35 -0.47 -0.41 -1.26 23.31 24.00 
161 31584 103 107 103 93 78 84 76 93 100 91 96 75 95 108 95 109 91 104 90 86 102 83 83 85 -35.20 -90.79 -26.78 -2.66 -0.54 1.98 23.31 23.49 
162 31817 95 108 95 109 91 104 90 86 102 83 83 85 105 72 78 95 82 100 101 70 93 97 109 80 8.14 54.10 22.06 -3.79 -2.48 2.21 23.32 21.88 
163 32098 105 72 78 95 82 100 101 70 93 97 109 80 109 92 89 106 99 91 86 80 91 90 72 101 -6.00 17.56 2.31 -2.29 -0.98 -1.92 23.32 24.31 
164 32322 109 92 89 106 99 91 86 80 91 90 72 101 80 84 107 83 85 78 91 76 83 108 76 100 5.09 1.17 7.31 -0.21 -2.31 -0.52 23.32 33.50 
165 32598 80 84 107 83 85 78 91 76 83 108 76 100 96 89 100 102 101 82 91 97 109 78 87 106 8.26 -26.93 5.95 -1.98 -1.13 1.01 23.32 46.30 
166 32741 96 89 100 102 101 82 91 97 109 78 87 106 108 73 78 84 99 106 73 72 73 76 109 105 -84.41 4.88 -26.35 -4.70 1.37 2.75 23.33 23.04 
167 32886 108 73 78 84 99 106 73 72 73 76 109 105 72 101 87 81 89 104 77 86 106 86 97 83 -80.97 9.06 59.62 1.41 -2.26 -2.33 23.32 41.63 
168 33030 72 101 87 81 89 104 77 86 106 86 97 83 87 90 107 70 106 103 83 105 100 72 96 76 -45.84 22.59 -73.16 0.74 2.80 -1.37 23.32 23.53 
169 33176 87 90 107 70 106 103 83 105 100 72 96 76 97 83 87 86 85 94 96 78 103 71 107 81 72.95 -37.11 13.68 0.80 3.89 -0.40 23.34 24.54 
170 33403 97 83 87 86 85 94 96 78 103 71 107 81 104 104 79 85 89 108 84 90 77 93 72 85 64.68 -38.06 11.82 -3.59 1.92 0.64 23.34 26.08 
171 33587 104 104 79 85 89 108 84 90 77 93 72 85 101 90 82 79 80 73 95 108 104 88 74 71 -16.36 97.26 -41.39 -1.96 -1.15 0.49 23.33 44.76 
172 33787 101 90 82 79 80 73 95 108 104 88 74 71 100 108 85 108 104 77 72 98 90 92 75 84 -19.26 0.36 7.36 2.64 1.07 -1.07 23.34 24.94 
173 33986 100 108 85 108 104 77 72 98 90 92 75 84 76 93 90 80 85 72 92 100 108 92 105 85 37.15 -57.03 10.18 -0.08 1.47 -0.63 23.35 25.14 
174 34131 76 93 90 80 85 72 92 100 108 92 105 85 84 97 104 90 100 86 76 71 73 102 105 108 -12.42 -132.67 26.95 -1.56 -0.03 -0.96 23.34 24.31 
175 34415 84 97 104 90 100 86 76 71 73 102 105 108 90 85 96 107 95 87 105 93 85 86 73 72 -42.03 52.69 -12.63 -3.53 -0.08 2.26 23.35 35.46 
176 34561 90 85 96 107 95 87 105 93 85 86 73 72 101 109 95 101 87 76 100 105 106 91 101 75 22.43 102.28 -38.15 -3.43 4.41 0.63 23.35 23.98 
177 34708 101 109 95 101 87 76 100 105 106 91 101 75 89 100 94 107 72 83 103 70 93 73 84 92 -83.49 4.11 13.33 1.36 0.64 -0.75 23.37 22.19 
178 34863 89 100 94 107 72 83 103 70 93 73 84 92 73 71 107 99 77 96 101 84 92 100 100 104 -24.90 8.95 -5.82 -0.18 1.83 -0.40 23.35 23.04 
179 35030 73 71 107 99 77 96 101 84 92 100 100 104 89 107 73 89 103 82 109 94 98 73 99 95 73.81 -10.15 20.06 -0.06 2.48 1.84 23.37 48.33 
180 35247 89 107 73 89 103 82 109 94 98 73 99 95 97 90 77 107 109 78 73 90 109 77 91 78 -12.22 -14.56 -5.97 -0.28 -1.35 0.42 23.34 26.19 
181 35475 97 90 77 107 109 78 73 90 109 77 91 78 70 74 82 106 100 109 79 98 99 102 82 108 14.49 -42.33 12.72 -1.57 1.26 0.15 23.37 24.36 
182 35619 70 74 82 106 100 109 79 98 99 102 82 108 71 72 86 79 75 98 75 98 83 97 95 84 -3.08 -44.57 133.04 -1.21 -1.99 1.79 23.35 24.25 
183 35763 71 72 86 79 75 98 75 98 83 97 95 84 85 100 73 89 108 109 89 95 73 98 94 87 18.81 -16.68 2.78 -8.59 1.84 -2.13 23.36 41.87 
184 36007 85 100 73 89 108 109 89 95 73 98 94 87 81 72 88 87 74 92 106 85 83 80 82 100 -13.31 -51.15 -0.75 -5.77 -1.33 2.73 23.38 39.12 
185 36152 81 72 88 87 74 92 106 85 83 80 82 100 103 103 78 78 103 72 81 90 75 85 91 94 0.08 10.92 -8.85 -7.08 -0.87 4.04 23.38 40.67 
186 36292 103 103 78 78 103 72 81 90 75 85 91 94 77 78 78 95 98 108 84 73 91 102 74 85 42.55 42.81 -17.72 -7.22 -2.43 3.92 23.39 36.55 
187 36525 77 78 78 95 98 108 84 73 91 102 74 85 86 94 108 97 85 77 93 86 93 106 87 96 24.13 106.77 -1.37 -3.36 -1.73 0.44 23.35 28.65 
188 36706 86 94 108 97 85 77 93 86 93 106 87 96 107 92 106 93 91 71 84 98 74 85 77 93 -40.48 30.34 -14.95 -1.77 -0.31 0.51 23.39 41.74 
189 36986 107 92 106 93 91 71 84 98 74 85 77 93 75 83 86 88 81 77 100 70 102 76 99 97 3.58 -4.12 -2.49 -0.76 -0.41 0.81 23.38 25.52 
190 37126 75 83 86 88 81 77 100 70 102 76 99 97 87 75 108 76 95 107 75 97 109 101 71 109 -12.68 -0.59 -12.01 -0.99 0.11 -1.05 23.37 25.02 
191 37271 87 75 108 76 95 107 75 97 109 101 71 109 95 75 84 83 94 73 99 91 102 90 83 79 25.67 34.17 33.24 1.07 -3.71 1.11 23.39 25.20 
192 37412 95 75 84 83 94 73 99 91 102 90 83 79 70 109 104 70 86 99 94 88 78 76 96 92 -47.43 -13.00 -92.15 -1.10 -0.43 3.46 23.39 23.19 
193 37661 70 109 104 70 86 99 94 88 78 76 96 92 88 91 97 85 97 71 79 108 85 75 71 71 1.65 0.30 -28.18 -1.46 0.15 4.65 23.37 22.08 
194 37875 88 91 97 85 97 71 79 108 85 75 71 71 102 89 104 73 84 81 106 94 73 104 103 81 -2.29 -2.21 -26.92 -0.29 1.38 0.64 23.38 23.22 
195 38074 102 89 104 73 84 81 106 94 73 104 103 81 98 109 75 102 102 82 85 99 103 93 70 99 -9.06 5.30 17.12 -1.44 -2.47 -3.81 23.39 27.53 
196 38294 98 109 75 102 102 82 85 99 103 93 70 99 94 79 101 79 93 78 95 97 70 90 99 93 0.92 5.59 5.66 0.78 0.83 -0.13 23.38 33.78 
197 38440 94 79 101 79 93 78 95 97 70 90 99 93 76 95 70 95 72 84 101 93 83 93 108 73 13.07 -31.02 -12.55 -0.54 -0.53 1.07 23.39 28.33 
198 38582 76 95 70 95 72 84 101 93 83 93 108 73 101 87 79 107 99 102 79 90 81 95 101 103 -10.77 10.89 3.39 -2.46 0.81 -0.89 23.39 29.29 
199 38725 101 87 79 107 99 102 79 90 81 95 101 103 80 74 73 78 72 90 86 75 87 82 82 90 -14.71 -10.06 53.60 1.40 -1.27 -2.97 23.40 41.18 
200 38972 80 74 73 78 72 90 86 75 87 82 82 90 90 71 88 105 109 93 73 91 88 92 97 102 38.13 -7.63 -8.55 -0.62 -1.13 0.64 23.39 29.43 
201 39183 90 71 88 105 109 93 73 91 88 92 97 102 91 85 87 99 97 101 76 90 86 102 71 109 63.81 21.61 -0.75 -2.02 -1.87 0.17 23.40 27.86 
202 39430 91 85 87 99 97 101 76 90 86 102 71 109 94 80 103 100 98 95 70 107 75 87 109 109 -11.51 76.65 5.62 1.52 -2.95 1.37 23.40 28.40 
203 39573 94 80 103 100 98 95 70 107 75 87 109 109 93 77 89 79 87 99 109 88 88 75 85 107 -19.97 83.24 13.59 2.07 -1.36 -0.18 23.42 35.15 
204 39774 93 77 89 79 87 99 109 88 88 75 85 107 79 94 105 76 102 86 70 88 109 81 74 75 68.52 -117.98 25.83 2.22 -1.93 2.02 23.42 35.01 
205 40031 79 94 105 76 102 86 70 88 109 81 74 75 87 108 104 105 78 91 78 95 82 85 81 80 -20.94 -60.65 13.54 -1.07 -2.56 1.13 23.41 26.73 
206 40186 87 108 104 105 78 91 78 95 82 85 81 80 72 100 72 100 91 90 105 90 74 76 75 98 -23.06 -2.33 -18.90 -3.07 -1.16 -0.44 23.42 36.71 
207 40332 72 100 72 100 91 90 105 90 74 76 75 98 94 79 103 94 86 94 71 91 95 108 73 97 35.33 36.17 -51.74 -3.29 -4.61 2.04 23.42 36.69 
208 40474 94 79 103 94 86 94 71 91 95 108 73 97 83 85 81 93 88 87 70 106 79 71 89 80 -23.31 94.89 -8.47 -1.65 -1.66 2.21 23.43 27.44 
209 40614 83 85 81 93 88 87 70 106 79 71 89 80 85 78 81 77 91 83 70 78 85 106 74 83 -58.30 111.09 1.94 0.73 -1.83 0.29 23.42 35.24 
210 40853 85 78 81 77 91 83 70 78 85 106 74 83 77 105 109 83 76 95 101 88 99 100 79 97 -13.97 -17.31 21.77 5.32 -0.88 1.62 23.42 35.93 
211 41092 77 105 109 83 76 95 101 88 99 100 79 97 84 94 100 103 101 98 74 88 78 77 92 108 -25.58 -49.52 -15.27 -1.95 -3.70 -0.67 23.40 31.68 
212 41368 84 94 100 103 101 98 74 88 78 77 92 108 85 87 82 87 99 80 90 101 97 71 109 90 -40.29 46.60 11.18 -2.65 -3.31 -0.32 23.43 34.74 
213 41524 85 87 82 87 99 80 90 101 97 71 109 90 87 86 75 81 74 85 85 109 89 79 89 82 -17.69 21.09 23.88 -0.27 0.86 1.03 23.43 27.57 
214 41797 87 86 75 81 74 85 85 109 89 79 89 82 100 96 92 92 91 90 104 77 83 87 91 75 1.13 0.59 2.17 -0.09 0.39 0.09 23.43 40.55 
215 41975 100 96 92 92 91 90 104 77 83 87 91 75 84 82 98 75 88 72 100 109 100 107 102 86 2.36 -0.96 24.86 0.15 0.43 0.38 23.44 25.81 
216 42187 84 82 98 75 88 72 100 109 100 107 102 86 78 100 83 109 107 102 84 103 80 81 95 88 -3.13 2.39 6.83 -0.94 2.29 0.64 23.43 31.59 
217 42426 78 100 83 109 107 102 84 103 80 81 95 88 103 84 94 97 72 84 99 109 104 77 105 78 37.82 -6.97 -14.06 -0.13 0.01 -0.78 23.45 34.16 
218 42591 103 84 94 97 72 84 99 109 104 77 105 78 103 97 70 83 100 73 106 78 96 70 72 107 -69.60 -0.71 61.37 1.88 1.66 4.11 23.46 37.98 
219 42750 103 97 70 83 100 73 106 78 96 70 72 107 81 86 87 91 108 105 78 101 103 97 70 82 41.62 -21.70 -18.29 0.31 5.31 -1.44 23.44 37.16 
220 42951 81 86 87 91 108 105 78 101 103 97 70 82 102 99 83 98 73 108 87 100 98 96 73 75 -8.07 -2.31 -21.60 0.06 1.38 3.11 23.45 25.68 
221 43097 102 99 83 98 73 108 87 100 98 96 73 75 81 76 73 108 74 77 107 72 76 81 93 70 8.29 -4.80 9.33 0.70 -0.11 0.88 23.46 40.49 
222 43348 81 76 73 108 74 77 107 72 76 81 93 70 94 101 75 79 72 86 98 100 75 92 103 75 4.22 -1.48 -0.09 -0.76 1.71 0.90 23.45 28.71 
223 43624 94 101 75 79 72 86 98 100 75 92 103 75 105 82 98 96 78 107 92 73 76 106 91 109 6.89 4.74 -4.00 0.02 1.69 -0.31 23.46 38.88 
224 43899 105 82 98 96 78 107 92 73 76 106 91 109 72 80 107 98 101 93 94 82 75 108 102 97 -19.06 -13.80 -4.15 -0.74 -1.14 -0.72 23.46 37.63 
225 44047 72 80 107 98 101 93 94 82 75 108 102 97 105 77 71 92 87 94 98 83 85 91 109 73 -44.00 -22.50 -84.09 -0.75 0.16 0.96 23.45 28.09 
226 44270 105 77 71 92 87 94 98 83 85 91 109 73 74 101 88 109 93 98 77 82 83 78 91 71 4.52 16.42 22.70 -0.80 2.87 0.47 23.48 27.82 
227 44455 74 101 88 109 93 98 77 82 83 78 91 71 99 80 91 86 83 97 104 108 99 85 70 77 -6.10 -13.96 -0.14 0.07 0.80 0.55 23.47 24.74 
228 44678 99 80 91 86 83 97 104 108 99 85 70 77 105 98 96 94 77 96 108 97 92 81 109 107 1.32 7.21 6.02 -0.44 1.87 0.11 23.45 27.15 
229 44816 105 98 96 94 77 96 108 97 92 81 109 107 77 70 88 71 72 92 95 79 81 98 92 73 37.44 -1.90 70.99 0.84 0.53 -2.05 23.47 38.30 
230 44989 77 70 88 71 72 92 95 79 81 98 92 73 70 106 72 74 80 71 97 70 98 105 75 97 -22.21 -10.27 33.08 -0.71 0.53 2.25 23.48 28.83 
231 45154 70 106 72 74 80 71 97 70 98 105 75 97 71 95 109 109 87 100 73 72 72 93 109 94 4.63 -11.57 -16.84 1.09 2.76 -2.85 23.46 35.59 
232 45296 71 95 109 109 87 100 73 72 72 93 109 94 74 102 97 94 74 86 84 97 98 78 94 97 -3.83 -30.61 51.63 -1.76 -1.32 -0.35 23.47 27.84 
233 45440 74 102 97 94 74 86 84 97 98 78 94 97 82 86 107 75 74 104 78 103 93 100 74 80 -15.10 16.42 -13.79 -0.65 -0.93 3.23 23.48 36.45 
234 45698 82 86 107 75 74 104 78 103 93 100 74 80 94 75 109 74 85 76 109 80 70 100 91 94 1.99 4.80 1.59 0.68 0.21 -0.15 23.48 28.36 
235 45882 94 75 109 74 85 76 109 80 70 100 91 94 77 72 100 94 73 70 74 78 77 91 70 92 11.45 -5.28 -6.95 -1.34 0.54 1.56 23.48 36.93 
236 46021 77 72 100 94 73 70 74 78 77 91 70 92 95 99 93 85 78 108 77 99 104 91 107 107 -10.77 7.27 -8.81 -0.32 1.11 1.59 23.48 39.15 
237 46278 95 99 93 85 78 108 77 99 104 91 107 107 99 82 72 73 72 91 102 97 97 78 97 103 9.70 6.42 8.76 0.02 0.62 0.06 23.47 29.97 
238 46525 99 82 72 73 72 91 102 97 97 78 97 103 71 93 102 97 100 95 80 89 93 95 84 87 0.66 -0.28 1.82 0.08 1.28 0.16 23.50 38.25 
239 46727 71 93 102 97 100 95 80 89 93 95 84 87 103 70 84 101 107 109 95 103 82 109 79 108 5.47 -3.98 3.63 -0.74 0.40 1.37 23.50 38.43 
240 46883 103 70 84 101 107 109 95 103 82 109 79 108 88 99 87 100 78 78 96 102 82 107 103 81 7.29 10.68 -1.97 2.26 -5.08 -1.44 23.51 37.78 
241 47115 88 99 87 100 78 78 96 102 82 107 103 81 81 97 98 73 71 72 87 88 88 76 104 73 -5.31 3.67 25.10 -0.79 2.19 -1.04 23.51 35.98 
242 47365 81 97 98 73 71 72 87 88 88 76 104 73 100 74 83 97 102 79 97 72 74 98 85 100 4.19 0.65 -1.25 -1.30 1.69 0.41 23.49 32.26 
243 47535 100 74 83 97 102 79 97 72 74 98 85 100 104 96 80 84 85 98 101 109 81 79 71 106 6.20 -11.83 40.35 0.12 -0.97 -3.45 23.49 30.92 
244 47765 104 96 80 84 85 98 101 109 81 79 71 106 103 102 81 78 90 102 89 89 99 81 84 94 0.55 -0.06 3.59 0.36 2.07 -1.15 23.49 36.51 
245 47905 103 102 81 78 90 102 89 89 99 81 84 94 81 74 101 77 71 109 107 85 76 81 101 88 2.05 -0.65 -7.43 -0.13 1.56 0.28 23.50 37.99 
246 48102 81 74 101 77 71 109 107 85 76 81 101 88 83 108 73 73 90 78 103 87 90 89 83 79 1.30 -3.37 -5.74 -1.42 0.42 1.26 23.51 27.39 
247 48376 83 108 73 73 90 78 103 87 90 89 83 79 88 96 105 85 71 86 80 85 78 78 107 72 0.20 0.72 -1.48 -0.37 1.59 -0.45 23.52 39.41 
248 48659 88 96 105 85 71 86 80 85 78 78 107 72 77 87 84 105 100 77 86 75 93 96 85 80 -0.77 1.65 -3.04 -0.36 0.57 0.08 23.51 38.90 
249 48865 77 87 84 105 100 77 86 75 93 96 85 80 105 73 95 82 99 90 83 107 106 93 103 76 0.19 0.72 4.09 -1.40 1.32 -0.23 23.52 32.80 
250 49122 105 73 95 82 99 90 83 107 106 93 103 76 86 72 88 81 96 84 99 72 106 79 86 74 -0.06 -1.29 0.81 -0.42 0.91 -0.40 23.54 33.41 
251 49375 86 72 88 81 96 84 99 72 106 79 86 74 75 88 73 93 74 76 105 100 85 97 73 102 -1.57 -0.86 -0.76 -0.46 1.02 0.38 23.54 40.93 
252 49514 75 88 73 93 74 76 105 100 85 97 73 102 94 97 106 107 81 80 73 90 109 100 72 101 -26.30 -16.51 57.28 1.58 3.40 -0.20 23.52 38.84 
253 49708 94 97 106 107 81 80 73 90 109 100 72 101 92 90 99 104 108 96 107 89 80 89 88 73 6.63 1.33 1.95 -0.71 1.95 0.48 23.55 37.92 
254 49875 92 90 99 104 108 96 107 89 80 89 88 73 86 91 76 78 70 71 79 101 97 74 106 106 -32.47 -17.22 6.58 -2.02 0.80 -1.70 23.55 28.71 
255 50144 86 91 76 78 70 71 79 101 97 74 106 106 86 106 92 109 109 109 77 96 90 76 81 106 2.20 -0.76 -4.56 -0.59 2.38 0.17 23.53 34.48 
256 50286 86 106 92 109 109 109 77 96 90 76 81 106 96 100 103 71 100 94 88 77 104 96 87 79 22.57 -9.51 -2.14 -0.39 0.87 -7.77 23.54 27.97 
257 50466 96 100 103 71 100 94 88 77 104 96 87 79 77 78 90 94 90 98 80 73 93 101 93 106 -1.26 11.56 8.61 -1.65 1.15 0.07 23.56 31.13 
258 50658 77 78 90 94 90 98 80 73 93 101 93 106 82 79 102 72 71 85 105 101 94 100 96 103 4.66 -3.06 -14.70 -0.42 0.70 -0.48 23.54 37.87 
259 50935 82 79 102 72 71 85 105 101 94 100 96 103 96 83 109 93 76 78 71 79 89 71 85 73 -1.43 -0.68 3.15 -0.56 1.37 -0.08 23.56 41.16 
260 51131 96 83 109 93 76 78 71 79 89 71 85 73 82 98 71 79 91 93 103 90 83 72 96 80 -0.18 20.33 8.93 -1.45 5.30 -0.61 23.55 30.16 
261 51313 82 98 71 79 91 93 103 90 83 72 96 80 102 96 82 74 92 96 80 109 92 84 105 102 10.03 -2.10 -4.23 -0.05 -0.89 -0.92 23.52 34.95 
262 51527 102 96 82 74 92 96 80 109 92 84 105 102 104 79 73 97 97 105 74 103 76 84 74 108 -0.84 -4.24 0.34 -0.82 1.56 1.71 23.53 30.07 
263 51806 104 79 73 97 97 105 74 103 76 84 74 108 96 100 92 102 104 79 95 97 102 90 106 87 -0.10 0.56 3.10 -0.18 0.12 0.14 23.55 37.79 
264 51979 96 100 92 102 104 79 95 97 102 90 106 87 90 96 70 73 91 84 85 87 92 82 81 98 -10.64 -8.86 -32.61 -1.56 2.94 2.74 23.56 29.14 
265 52186 90 96 70 73 91 84 85 87 92 82 81 98 87 108 102 87 76 96 82 94 70 89 85 105 2.36 -0.90 6.79 0.04 1.64 0.26 23.55 37.27 
266 52378 87 108 102 87 76 96 82 94 70 89 85 105 71 93 98 74 108 95 94 105 76 96 90 73 -0.03 -11.05 -2.64 0.22 1.34 0.55 23.56 38.12 
267 52518 71 93 98 74 108 95 94 105 76 96 90 73 100 89 90 87 109 88 107 107 100 71 81 101 -0.07 0.40 -19.51 -3.40 0.83 -2.14 23.57 31.60 
268 52664 100 89 90 87 109 88 107 107 100 71 81 101 92 109 102 86 99 106 94 78 77 103 84 87 21.84 8.72 46.40 1.55 0.55 2.31 23.57 35.88 
269 52926 92 109 102 86 99 106 94 78 77 103 84 87 80 106 70 86 80 102 105 72 96 104 96 79 1.33 -2.30 -2.08 -0.19 -0.24 0.38 23.57 29.02 
270 53095 80 106 70 86 80 102 105 72 96 104 96 79 97 97 81 89 95 109 109 81 99 93 83 106 -0.99 0.51 -0.30 0.02 0.88 -0.40 23.57 36.04 
271 53304 97 97 81 89 95 109 109 81 99 93 83 106 88 98 107 96 91 78 104 73 77 97 108 81 -0.65 -0.65 1.68 0.20 0.83 0.79 23.58 29.32 
272 53444 88 98 107 96 91 78 104 73 77 97 108 81 80 80 73 87 79 97 93 89 84 103 96 79 -43.34 -48.73 -26.35 -1.02 0.39 1.94 23.57 30.26 
273 53605 80 80 73 87 79 97 93 89 84 103 96 79 101 105 106 109 96 74 106 104 94 95 77 95 0.46 4.17 0.90 -1.12 0.86 -0.82 23.57 29.96 
274 53873 101 105 106 109 96 74 106 104 94 95 77 95 90 96 98 83 102 77 100 72 95 81 99 84 1.64 0.42 -4.84 -0.37 2.23 -0.29 23.59 39.42 
275 54016 90 96 98 83 102 77 100 72 95 81 99 84 90 106 109 103 88 75 98 89 77 94 83 99 -7.86 15.58 -25.94 -4.38 2.26 -0.78 23.58 41.81 
276 54181 90 106 109 103 88 75 98 89 77 94 83 99 84 76 101 81 99 108 109 107 95 93 85 85 7.97 -17.37 -34.41 -0.63 3.09 -0.41 23.57 38.95 
277 54326 84 76 101 81 99 108 109 107 95 93 85 85 106 85 75 78 102 77 94 94 96 100 103 75 -31.34 -0.80 -0.44 -0.12 0.79 0.79 23.60 31.42 
278 54538 106 85 75 78 102 77 94 94 96 100 103 75 93 93 102 81 86 102 93 86 97 75 93 89 5.96 -0.27 0.46 -0.62 1.81 -0.09 23.58 36.93 
279 54738 93 93 102 81 86 102 93 86 97 75 93 89 101 70 79 79 88 107 75 106 73 89 97 78 12.00 3.44 -3.19 -0.31 0.97 1.68 23.60 40.44 
280 54921 101 70 79 79 88 107 75 106 73 89 97 78 98 90 70 88 102 71 107 106 98 92 95 94 14.11 0.89 -5.82 -0.05 -1.09 -0.06 23.58 29.59 
281 55202 98 90 70 88 102 71 107 106 98 92 95 94 99 105 95 103 105 90 79 97 91 106 100 95 -3.00 -1.20 0.64 -0.60 1.64 0.88 23.58 39.50 
282 55366 99 105 95 103 105 90 79 97 91 106 100 95 96 103 102 85 89 95 76 103 107 99 92 70 -38.03 -23.38 -21.21 0.00 0.99 2.35 23.58 36.96 
283 55565 96 103 102 85 89 95 76 103 107 99 92 70 92 76 89 106 78 102 86 87 106 89 103 93 -9.20 4.63 4.76 -2.17 1.73 -0.01 23.59 34.64 
284 55766 92 76 89 106 78 102 86 87 106 89 103 93 93 105 105 109 91 83 102 94 105 106 93 90 -2.15 -1.69 -0.88 0.03 1.50 -0.22 23.61 41.20 
285 55984 93 105 105 109 91 83 102 94 105 106 93 90 87 73 75 92 71 107 72 88 73 72 95 84 0.29 -0.39 -1.30 -0.45 2.37 0.03 23.62 33.18 
286 56176 87 73 75 92 71 107 72 88 73 72 95 84 73 109 73 84 96 102 103 107 79 84 97 78 2.97 -8.50 -0.96 -0.35 0.60 1.02 23.62 38.79 
287 56411 73 109 73 84 96 102 103 107 79 84 97 78 100 82 84 102 98 71 100 91 94 104 77 84 -0.71 -1.06 -0.63 0.60 0.48 0.07 23.61 31.51 
288 56554 100 82 84 102 98 71 100 91 94 104 77 84 87 92 86 71 102 92 103 86 106 80 85 100 -36.29 -1.92 26.08 2.43 0.48 1.12 23.62 38.93 
