0 8232 90 90 90 90 90 90 90 90 90 90 90 90 90 90 90 90 90 90 90 90 90 90 90 90 -0.47 0.27 -0.21 -1.20 0.78 -1.33 29.33 18.90 -168.54 180.91 0.42 
1 8665 90 90 90 90 90 90 90 90 90 90 90 90 90 90 90 90 90 90 90 90 90 90 90 90 0.48 1.61 -0.20 -0.59 0.91 -1.95 29.38 18.90 -172.02 178.59 0.25 
2 9143 90 90 90 90 90 90 90 90 90 90 90 90 90 90 90 90 90 90 90 90 90 90 90 90 -1.64 -1.26 0.49 -0.62 0.40 2.75 29.38 18.90 -174.35 177.06 0.16 
3 9736 90 90 90 90 90 90 90 90 90 90 90 90 90 90 90 90 90 90 90 90 90 90 90 90 0.23 2.20 -1.16 -0.99 1.20 -3.74 29.47 19.44 -175.63 176.16 0.07 
4 10075 90 90 90 90 90 90 90 90 90 90 90 90 90 90 90 90 90 90 90 90 90 90 90 90 -0.82 -2.35 0.99 -0.22 0.36 3.58 29.28 19.02 -175.73 175.87 0.08 
5 10253 90 90 90 90 90 90 90 90 90 90 90 90 90 90 90 90 90 90 90 90 90 90 90 90 2.32 1.69 -0.43 -0.54 1.04 -1.72 29.38 19.44 -168.75 175.56 0.13 
6 10361 90 90 90 90 90 90 90 90 90 90 90 90 90 90 90 90 90 90 90 90 90 90 90 90 0.92 -1.83 -0.03 -0.25 0.85 0.70 29.33 18.73 -168.83 175.62 0.13 
7 10930 90 90 90 90 90 90 90 90 90 90 90 90 90 90 90 90 90 90 90 90 90 90 90 90 -0.90 2.13 0.05 -0.98 0.68 -1.34 29.42 19.22 -164.33 175.61 0.03 
8 11362 90 90 90 90 90 90 90 90 90 90 90 90 90 90 90 90 90 90 90 90 90 90 90 90 1.91 -0.79 0.15 -0.39 0.82 -0.48 29.42 19.42 -164.82 175.45 0.01 
9 11691 90 90 90 90 90 90 90 90 90 90 90 90 90 90 90 90 90 90 90 90 90 90 90 90 -1.06 -2.64 1.31 -0.19 0.32 3.18 29.42 18.90 -163.38 175.53 -0.14 
10 12158 90 90 90 90 90 90 90 90 90 90 90 90 90 90 90 90 90 90 90 90 90 90 90 90 -0.36 -1.98 0.38 -0.13 0.40 3.73 29.33 19.04 -169.77 175.29 -0.08 
11 12281 90 90 90 90 90 90 90 90 90 90 90 90 90 90 90 90 90 90 90 90 90 90 90 90 0.78 2.36 0.03 -0.91 1.20 -4.01 29.42 18.75 -162.99 175.56 -0.17 
12 12528 90 90 90 90 90 90 90 90 90 90 90 90 90 90 90 90 90 90 90 90 90 90 90 90 1.47 0.63 0.05 -0.13 0.52 2.63 29.42 18.90 -165.61 175.69 -0.30 
13 12960 90 90 90 90 90 90 90 90 90 90 90 90 90 90 90 90 90 90 90 90 90 90 90 90 1.52 0.27 0.40 -0.67 1.10 -3.27 29.38 19.42 -170.68 175.73 -0.33 
14 13128 90 90 90 90 90 90 90 90 90 90 90 90 90 90 90 90 90 90 90 90 90 90 90 90 0.17 1.82 -0.75 -0.89 1.06 -3.65 29.33 18.90 -171.30 175.70 -0.28 
15 13343 90 90 90 90 90 90 90 90 90 90 90 90 90 90 90 90 90 90 90 90 90 90 90 90 -0.03 -2.48 0.43 -0.13 0.38 3.90 29.42 19.42 -172.20 175.53 -0.24 
16 13616 90 90 90 90 90 90 90 90 90 90 90 90 90 90 90 90 90 90 90 90 90 90 90 90 -0.59 -2.44 0.72 -0.16 0.49 3.28 29.38 18.90 -173.47 175.59 -0.41 
17 14074 90 90 90 90 90 90 90 90 90 90 90 90 90 90 90 90 90 90 90 90 90 90 90 90 -1.05 -1.46 -0.56 -0.82 0.69 0.08 29.28 19.42 -170.43 175.59 -0.55 
18 14579 90 90 90 90 90 90 90 90 90 90 90 90 90 90 90 90 90 90 90 90 90 90 90 90 0.10 0.25 0.12 -0.50 0.38 2.63 29.38 19.44 -173.58 175.40 -0.53 
19 14953 90 90 90 90 90 90 90 90 90 90 90 90 90 90 90 90 90 90 90 90 90 90 90 90 -0.70 -0.18 -0.11 -1.07 1.11 -3.44 29.33 18.92 -175.05 175.49 -0.53 
20 15551 90 90 90 90 90 90 90 90 90 90 90 90 90 90 90 90 90 90 90 90 90 90 90 90 -0.13 1.99 -0.50 -0.34 0.74 0.62 29.33 19.42 -175.87 175.66 -0.57 
21 15905 90 90 90 90 90 90 90 90 90 90 90 90 90 90 90 90 90 90 90 90 90 90 90 90 -0.70 -2.31 0.31 -0.83 0.65 0.01 29.42 18.90 -176.32 175.33 -0.49 
22 16420 90 90 90 90 90 90 90 90 90 90 90 90 90 90 90 90 90 90 90 90 90 90 90 90 -0.44 -2.65 0.12 -0.67 0.55 1.44 29.33 19.06 -176.70 175.39 -0.63 
23 16889 90 90 90 90 90 90 90 90 90 90 90 90 90 90 90 90 90 90 90 90 90 90 90 90 0.10 -0.71 0.53 -0.42 0.84 -1.12 29.42 18.90 -176.68 175.50 -0.72 
24 17093 90 90 90 90 90 90 90 90 90 90 90 90 90 90 90 90 90 90 90 90 90 90 90 90 -0.41 0.54 -0.30 -0.73 1.04 -2.84 29.42 18.90 -176.66 175.46 -0.82 
25 17309 90 90 90 90 90 90 90 90 90 90 90 90 90 90 90 90 90 90 90 90 90 90 90 90 -0.56 -2.70 0.66 -0.29 0.41 3.81 29.38 19.19 -176.60 175.64 -0.86 
26 17789 90 90 90 90 90 90 90 90 90 90 90 90 90 90 90 90 90 90 90 90 90 90 90 90 -0.55 -2.61 0.43 -0.28 0.42 3.69 29.42 18.79 -176.74 175.59 -0.97 
27 18363 90 90 90 90 90 90 90 90 90 90 90 90 90 90 90 90 90 90 90 90 90 90 90 90 0.07 1.17 -0.32 -1.00 1.13 -3.74 29.33 18.90 -169.55 175.63 -1.04 
28 18567 90 90 90 90 90 90 90 90 90 90 90 90 90 90 90 90 90 90 90 90 90 90 90 90 0.02 1.61 -0.61 -0.52 0.95 -1.86 29.42 19.42 -170.70 175.37 -1.02 
29 19128 90 90 90 90 90 90 90 90 90 90 90 90 90 90 90 90 90 90 90 90 90 90 90 90 -1.03 -2.13 0.00 -0.74 0.63 0.82 29.28 18.90 -174.15 175.46 -1.09 
30 19459 90 90 90 90 90 90 90 90 90 90 90 90 90 90 90 90 90 90 90 90 90 90 90 90 -0.27 -1.00 -0.15 -0.69 0.64 1.13 29.28 18.90 -175.20 175.57 -1.08 
31 19570 90 90 90 90 90 90 90 90 90 90 90 90 90 90 90 90 90 90 90 90 90 90 90 90 0.03 -0.06 0.23 -1.05 1.06 -3.66 29.42 18.75 -175.30 175.39 -1.03 
32 20221 90 90 90 90 90 90 90 90 90 90 90 90 90 90 90 90 90 90 90 90 90 90 90 90 -0.88 -2.48 0.53 -0.92 0.85 -0.81 29.33 19.04 -176.27 175.40 -1.04 
33 20357 90 90 90 90 90 90 90 90 90 90 90 90 90 90 90 90 90 90 90 90 90 90 90 90 -0.41 -2.19 1.21 -0.04 0.48 3.09 29.38 18.75 -176.21 175.09 -0.97 
34 20581 90 90 90 90 90 90 90 90 90 90 90 90 90 90 90 90 90 90 90 90 90 90 90 90 -0.18 -0.13 0.40 -0.16 0.47 2.73 29.33 19.42 -176.26 175.39 -1.09 
35 20900 90 90 90 90 90 90 90 90 90 90 90 90 90 90 90 90 90 90 90 90 90 90 90 90 0.36 1.69 -0.84 -0.87 1.13 -3.82 29.42 19.06 -171.39 175.47 -1.11 
36 21092 90 90 90 90 90 90 90 90 90 90 90 90 90 90 90 90 90 90 90 90 90 90 90 90 0.17 1.29 0.18 -0.98 1.18 -3.89 29.42 18.90 -172.20 175.32 -1.08 
37 21618 90 90 90 90 90 90 90 90 90 90 90 90 90 90 90 90 90 90 90 90 90 90 90 90 -0.32 -0.88 0.95 -0.33 0.74 0.19 29.33 18.90 -171.14 175.54 -1.11 
38 21811 90 90 90 90 90 90 90 90 90 90 90 90 90 90 90 90 90 90 90 90 90 90 90 90 0.34 1.61 0.72 -0.23 0.73 1.31 29.38 19.44 -171.99 175.50 -1.07 
39 22000 90 90 90 90 90 90 90 90 90 90 90 90 90 90 90 90 90 90 90 90 90 90 90 90 -0.65 -2.82 0.60 -0.25 0.43 3.50 29.38 19.06 -172.96 175.72 -1.14 
40 22227 90 90 90 90 90 90 90 90 90 90 90 90 90 90 90 90 90 90 90 90 90 90 90 90 -0.44 -0.61 0.61 -0.33 0.92 -0.32 29.42 18.92 -173.77 175.80 -1.24 
41 22490 90 90 90 90 90 90 90 90 90 90 90 90 90 90 90 90 90 90 90 90 90 90 90 90 1.04 2.31 0.73 -0.93 1.12 -3.45 29.38 18.79 -174.43 175.89 -1.17 
42 23004 90 90 90 90 90 90 90 90 90 90 90 90 90 90 90 90 90 90 90 90 90 90 90 90 0.72 2.62 -0.55 -1.16 1.17 -3.79 29.47 18.90 -175.64 175.70 -1.15 
43 23566 90 90 90 90 90 90 90 90 90 90 90 90 90 90 90 90 90 90 90 90 90 90 90 90 0.37 2.11 -0.95 -0.98 0.78 -1.42 29.38 18.90 -176.12 175.58 -1.09 
44 24011 90 90 90 90 90 90 90 90 90 90 90 90 90 90 90 90 90 90 90 90 90 90 90 90 -0.15 -0.27 0.00 -0.88 0.79 -0.49 29.33 18.81 -171.02 175.53 -1.13 
45 24170 90 90 90 90 90 90 90 90 90 90 90 90 90 90 90 90 90 90 90 90 90 90 90 90 0.11 0.20 0.95 -0.03 0.47 2.71 29.42 18.75 -171.46 175.38 -1.02 
46 24291 90 90 90 90 90 90 90 90 90 90 90 90 90 90 90 90 90 90 90 90 90 90 90 90 0.29 2.30 -1.04 -0.71 1.02 -2.72 29.42 18.75 -171.87 175.70 -1.08 
47 24919 90 90 90 90 90 90 90 90 90 90 90 90 90 90 90 90 90 90 90 90 90 90 90 90 0.16 2.28 -0.87 -1.00 1.20 -3.55 29.38 19.44 -167.66 175.66 -0.94 
48 25341 90 90 90 90 90 90 90 90 90 90 90 90 90 90 90 90 90 90 90 90 90 90 90 90 0.08 1.69 -0.56 -0.94 0.80 -1.55 29.42 19.42 -171.44 175.54 -0.80 
49 25937 90 90 90 90 90 90 90 90 90 90 90 90 90 90 90 90 90 90 90 90 90 90 90 90 0.29 2.46 -0.49 -1.08 1.26 -3.94 29.42 19.31 -174.55 175.55 -0.78 
50 26211 90 90 90 90 90 90 90 90 90 90 90 90 90 90 90 90 90 90 90 90 90 90 90 90 -0.01 0.71 -0.01 -0.80 0.76 0.22 29.33 19.42 -168.07 175.54 -0.78 
51 26426 90 90 90 90 90 90 90 90 90 90 90 90 90 90 90 90 90 90 90 90 90 90 90 90 0.32 1.43 -0.70 -1.10 1.06 -3.76 29.47 19.06 -169.70 175.41 -0.65 
52 27022 90 90 90 90 90 90 90 90 90 90 90 90 90 90 90 90 90 90 90 90 90 90 90 90 -0.67 -2.31 0.67 -1.02 0.80 -1.24 29.42 19.06 -173.84 175.38 -0.63 
53 27157 90 90 90 90 90 90 90 90 90 90 90 90 90 90 90 90 90 90 90 90 90 90 90 90 0.83 0.85 -0.44 -0.78 0.69 -0.37 29.33 18.75 -174.18 175.46 -0.71 
54 27578 90 90 90 90 90 90 90 90 90 90 90 90 90 90 90 90 90 90 90 90 90 90 90 90 0.54 1.24 -0.53 -0.94 0.68 -0.09 29.38 18.90 -170.52 175.52 -0.81 
55 27747 90 90 90 90 90 90 90 90 90 90 90 90 90 90 90 90 90 90 90 90 90 90 90 90 -0.13 1.20 -0.93 -0.20 0.61 1.18 29.42 19.42 -171.05 175.48 -0.74 
56 28239 90 90 90 90 90 90 90 90 90 90 90 90 90 90 90 90 90 90 90 90 90 90 90 90 0.10 -0.59 0.64 -1.16 1.16 -3.33 29.52 18.90 -174.26 175.64 -0.85 
57 28674 90 90 90 90 90 90 90 90 90 90 90 90 90 90 90 90 90 90 90 90 90 90 90 90 0.40 2.05 -0.75 -1.10 1.02 -2.27 29.47 18.90 -165.76 175.59 -0.76 
58 29154 90 90 90 90 90 90 90 90 90 90 90 90 90 90 90 90 90 90 90 90 90 90 90 90 0.32 -1.89 0.35 -0.08 0.40 3.52 29.33 18.90 -166.87 175.49 -0.78 
59 29310 90 90 90 90 90 90 90 90 90 90 90 90 90 90 90 90 90 90 90 90 90 90 90 90 0.22 1.47 -0.26 -1.02 1.19 -3.67 29.47 18.75 -167.67 175.33 -0.73 
60 29883 90 90 90 90 90 90 90 90 90 90 90 90 90 90 90 90 90 90 90 90 90 90 90 90 0.00 -2.68 0.34 0.05 0.29 3.18 29.33 19.06 -172.74 175.52 -0.74 
61 30408 90 90 90 90 90 90 90 90 90 90 90 90 90 90 90 90 90 90 90 90 90 90 90 90 0.37 2.36 -0.58 -0.84 0.99 -2.78 29.33 18.92 -174.56 175.73 -0.79 
62 30969 90 90 90 90 90 90 90 90 90 90 90 90 90 90 90 90 90 90 90 90 90 90 90 90 0.23 2.49 -0.85 -1.20 1.10 -2.84 29.38 18.90 -171.46 175.81 -0.90 
63 31081 90 90 90 90 90 90 90 90 90 90 90 90 90 90 90 90 90 90 90 90 90 90 90 90 -0.36 -1.63 -0.23 -1.00 0.78 -0.61 29.28 19.28 -171.73 175.51 -0.85 
64 31620 90 90 90 90 90 90 90 90 90 90 90 90 90 90 90 90 90 90 90 90 90 90 90 90 0.29 0.72 -0.23 -1.08 1.02 -2.44 29.38 18.90 -158.06 175.85 -0.98 
65 31938 90 90 90 90 90 90 90 90 90 90 90 90 90 90 90 90 90 90 90 90 90 90 90 90 0.00 -2.59 1.50 0.04 0.43 3.59 29.38 19.42 -164.23 175.87 -0.93 
66 32394 90 90 90 90 90 90 90 90 90 90 90 90 90 90 90 90 90 90 90 90 90 90 90 90 -2.22 -1.31 -0.75 -0.51 0.68 1.10 29.47 19.42 -170.34 175.66 -0.86 
67 32887 90 90 90 90 90 90 90 90 90 90 90 90 90 90 90 90 90 90 90 90 90 90 90 90 0.66 -0.02 1.48 -0.18 0.28 2.81 29.52 18.90 -167.54 175.44 -0.82 
68 32998 90 90 90 90 90 90 90 90 90 90 90 90 90 90 90 90 90 90 90 90 90 90 90 90 -0.19 1.79 0.47 -1.17 1.00 -2.88 29.38 18.75 -167.94 175.56 -0.76 
69 33465 90 90 90 90 90 90 90 90 90 90 90 90 90 90 90 90 90 90 90 90 90 90 90 90 -0.19 2.13 0.40 -0.27 0.64 0.95 29.38 19.06 -166.18 175.56 -0.54 
70 33701 90 90 90 90 90 90 90 90 90 90 90 90 90 90 90 90 90 90 90 90 90 90 90 90 0.22 0.34 0.05 -0.56 0.99 -2.38 29.47 19.44 -168.57 175.71 -0.50 
71 33974 90 90 90 90 90 90 90 90 90 90 90 90 90 90 90 90 90 90 90 90 90 90 90 90 -0.04 1.78 -0.05 -0.19 0.70 0.57 29.38 18.90 -170.72 175.49 -0.50 
72 34154 90 90 90 90 90 90 90 90 90 90 90 90 90 90 90 90 90 90 90 90 90 90 90 90 0.32 1.44 0.12 -1.01 1.21 -3.50 29.47 18.90 -171.44 175.45 -0.48 
73 34449 90 90 90 90 90 90 90 90 90 90 90 90 90 90 90 90 90 90 90 90 90 90 90 90 -0.10 0.66 0.32 -0.85 0.99 -0.91 29.33 18.90 -166.37 175.64 -0.44 
74 34722 90 90 90 90 90 90 90 90 90 90 90 90 90 90 90 90 90 90 90 90 90 90 90 90 -0.22 2.66 -0.08 -1.23 1.20 -3.56 29.42 19.42 -163.09 175.66 -0.34 
75 34915 90 90 90 90 90 90 90 90 90 90 90 90 90 90 90 90 90 90 90 90 90 90 90 90 0.37 -0.85 0.15 -1.10 0.88 -1.60 29.42 18.90 -158.61 175.97 -0.43 
76 35165 90 90 90 90 90 90 90 90 90 90 90 90 90 90 90 90 90 90 90 90 90 90 90 90 -0.44 -2.36 1.04 -0.08 0.39 3.29 29.38 19.44 -156.74 175.86 -0.45 
77 35346 90 90 90 90 90 90 90 90 90 90 90 90 90 90 90 90 90 90 90 90 90 90 90 90 0.28 -2.12 0.84 -0.15 0.32 2.68 29.42 19.42 -159.75 176.03 -0.59 
78 35606 90 90 90 90 90 90 90 90 90 90 90 90 90 90 90 90 90 90 90 90 90 90 90 90 -0.22 0.77 0.34 0.23 0.40 1.36 29.38 19.42 -157.40 161.55 -0.51 
79 36016 90 90 90 90 90 90 90 90 90 90 90 90 90 90 90 90 90 90 90 90 90 90 90 90 0.11 -1.87 1.39 -0.15 0.34 3.31 29.38 18.90 -142.41 167.72 -0.52 
80 36311 90 90 90 90 90 90 90 90 90 90 90 90 90 90 90 90 90 90 90 90 90 90 90 90 -0.42 0.48 -0.50 0.23 0.41 1.30 29.42 18.90 -140.52 170.08 -0.45 
81 36525 90 90 90 90 90 90 90 90 90 90 90 90 90 90 90 90 90 90 90 90 90 90 90 90 0.03 0.65 0.53 -0.72 0.99 -2.00 29.52 19.04 -141.31 171.35 -0.53 
82 37051 90 90 90 90 90 90 90 90 90 90 90 90 90 90 90 90 90 90 90 90 90 90 90 90 0.26 -2.96 0.73 0.12 0.25 2.97 29.42 18.90 -155.02 162.37 -0.47 
83 37472 90 90 90 90 90 90 90 90 90 90 90 90 90 90 90 90 90 90 90 90 90 90 90 90 -0.13 -1.54 1.10 -1.03 0.90 -1.14 29.38 18.92 -143.70 168.26 -0.54 
84 37664 90 90 90 90 90 90 90 90 90 90 90 90 90 90 90 90 90 90 90 90 90 90 90 90 0.13 -2.42 0.44 -0.22 0.41 2.99 29.38 19.42 -149.17 169.51 -0.41 
85 38248 90 90 90 90 90 90 90 90 90 90 90 90 90 90 90 90 90 90 90 90 90 90 90 90 0.10 -1.95 1.25 -0.08 0.28 3.49 29.38 19.20 -150.14 166.80 -0.43 
86 38359 90 90 90 90 90 90 90 90 90 90 90 90 90 90 90 90 90 90 90 90 90 90 90 90 -0.26 -2.86 1.41 -0.08 0.23 3.25 29.33 18.73 -151.05 166.95 -0.30 
87 38778 90 90 90 90 90 90 90 90 90 90 90 90 90 90 90 90 90 90 90 90 90 90 90 90 0.00 -2.13 1.83 -0.16 0.26 4.04 29.42 18.90 -160.91 170.28 -0.23 
88 39073 90 90 90 90 90 90 90 90 90 90 90 90 90 90 90 90 90 90 90 90 90 90 90 90 0.08 -2.77 -0.46 0.01 0.34 3.52 29.42 18.90 -159.37 171.95 -0.27 
89 39507 90 90 90 90 90 90 90 90 90 90 90 90 90 90 90 90 90 90 90 90 90 90 90 90 0.10 2.36 -0.14 -1.26 1.26 -3.93 29.38 19.42 -161.01 173.59 -0.33 
90 39872 90 90 90 90 90 90 90 90 90 90 90 90 90 90 90 90 90 90 90 90 90 90 90 90 0.17 2.85 -0.30 -1.08 1.25 -3.45 29.38 18.90 -150.48 174.38 -0.34 
91 40376 90 90 90 90 90 90 90 90 90 90 90 90 90 90 90 90 90 90 90 90 90 90 90 90 0.05 -1.95 0.06 -1.15 0.85 -0.52 29.47 18.90 -146.01 174.98 -0.35 
92 40603 90 90 90 90 90 90 90 90 90 90 90 90 90 90 90 90 90 90 90 90 90 90 90 90 0.22 2.66 0.02 -0.93 1.13 -3.29 29.42 18.90 -152.81 175.30 -0.44 
93 41001 90 90 90 90 90 90 90 90 90 90 90 90 90 90 90 90 90 90 90 90 90 90 90 90 -0.03 -3.02 0.23 -0.00 0.28 3.48 29.42 18.90 -145.36 175.59 -0.53 
94 41264 90 90 90 90 90 90 90 90 90 90 90 90 90 90 90 90 90 90 90 90 90 90 90 90 0.10 2.42 -0.24 -1.18 1.26 -3.79 29.47 18.90 -147.92 175.79 -0.62 
95 41674 90 90 90 90 90 90 90 90 90 90 90 90 90 90 90 90 90 90 90 90 90 90 90 90 -0.01 -0.91 -0.75 -0.82 0.61 0.98 29.38 18.90 -148.95 175.69 -0.63 
96 41914 90 90 90 90 90 90 90 90 90 90 90 90 90 90 90 90 90 90 90 90 90 90 90 90 0.40 -1.64 0.84 -0.46 0.47 2.32 29.38 19.42 -155.17 175.51 -0.61 
97 42359 90 90 90 90 90 90 90 90 90 90 90 90 90 90 90 90 90 90 90 90 90 90 90 90 -0.36 2.28 -1.07 -0.52 1.02 -1.75 29.42 18.90 -155.72 175.58 -0.61 
98 42933 90 90 90 90 90 90 90 90 90 90 90 90 90 90 90 90 90 90 90 90 90 90 90 90 -0.61 2.36 -1.33 -1.08 1.00 -0.43 29.47 19.42 -160.72 175.72 -0.78 
99 43369 90 90 90 90 90 90 90 90 90 90 90 90 90 90 90 90 90 90 90 90 90 90 90 90 -0.19 -1.78 1.45 -0.03 0.26 3.32 29.42 19.42 -156.91 175.46 -0.83 
100 43803 90 90 90 90 90 90 90 90 90 90 90 90 90 90 90 90 90 90 90 90 90 90 90 90 -0.24 -1.46 1.02 0.14 0.27 3.21 29.47 18.90 -154.60 175.38 -0.90 
101 44019 90 90 90 90 90 90 90 90 90 90 90 90 90 90 90 90 90 90 90 90 90 90 90 90 0.16 0.62 -0.79 -1.37 1.19 -3.45 29.33 18.90 -146.01 175.42 -0.93 
102 44535 90 90 90 90 90 90 90 90 90 90 90 90 90 90 90 90 90 90 90 90 90 90 90 90 -0.33 1.35 -0.17 -0.30 0.69 -0.66 29.42 19.42 -153.04 170.94 -0.96 
103 44914 90 90 90 90 90 90 90 90 90 90 90 90 90 90 90 90 90 90 90 90 90 90 90 90 -0.09 0.45 -1.13 -1.17 0.95 -0.67 29.47 18.90 -143.40 172.79 -1.06 
104 45201 90 90 90 90 90 90 90 90 90 90 90 90 90 90 90 90 90 90 90 90 90 90 90 90 -0.09 1.56 -0.03 -1.10 0.84 -0.24 29.52 18.88 -148.07 173.56 -1.12 
105 45326 90 90 90 90 90 90 90 90 90 90 90 90 90 90 90 90 90 90 90 90 90 90 90 90 0.10 -1.14 0.05 -0.24 0.38 2.91 29.38 19.28 -149.88 173.54 -1.13 
106 45850 90 90 90 90 90 90 90 90 90 90 90 90 90 90 90 90 90 90 90 90 90 90 90 90 -0.16 -2.62 0.17 -0.60 0.57 2.05 29.42 19.06 -147.75 174.66 -1.09 
107 46101 90 90 90 90 90 90 90 90 90 90 90 90 90 90 90 90 90 90 90 90 90 90 90 90 0.19 -0.94 -0.21 -1.01 0.77 -0.01 29.47 18.90 -148.97 175.04 -1.12 
108 46550 90 90 90 90 90 90 90 90 90 90 90 90 90 90 90 90 90 90 90 90 90 90 90 90 0.55 1.01 -0.15 -1.07 1.23 -3.72 29.42 19.44 -157.34 171.21 -1.14 
109 46800 90 90 90 90 90 90 90 90 90 90 90 90 90 90 90 90 90 90 90 90 90 90 90 90 0.07 -1.23 0.53 0.08 0.33 2.25 29.38 18.90 -161.79 172.17 -1.08 
110 46980 90 90 90 90 90 90 90 90 90 90 90 90 90 90 90 90 90 90 90 90 90 90 90 90 0.19 -1.40 0.79 -0.99 0.87 0.23 29.42 18.90 -164.03 172.66 -1.06 
111 47149 90 90 90 90 90 90 90 90 90 90 90 90 90 90 90 90 90 90 90 90 90 90 90 90 -0.12 -2.10 0.69 0.24 0.31 2.26 29.47 18.93 -165.43 158.97 -0.91 
112 47687 90 90 90 90 90 90 90 90 90 90 90 90 90 90 90 90 90 90 90 90 90 90 90 90 0.20 1.14 -0.38 -1.28 1.00 -0.40 29.52 18.90 -161.31 168.25 -0.86 
113 47822 90 90 90 90 90 90 90 90 90 90 90 90 90 90 90 90 90 90 90 90 90 90 90 90 -0.04 0.31 0.50 -0.26 0.68 -0.38 29.42 18.73 -162.31 168.62 -0.78 
114 48175 90 90 90 90 90 90 90 90 90 90 90 90 90 90 90 90 90 90 90 90 90 90 90 90 0.20 1.55 0.35 0.04 0.52 -0.34 29.33 19.44 -160.60 171.04 -0.74 
115 48355 90 90 90 90 90 90 90 90 90 90 90 90 90 90 90 90 90 90 90 90 90 90 90 90 -0.30 -0.04 -0.41 0.06 0.27 1.88 29.47 18.90 -156.44 171.88 -0.76 
116 48675 90 90 90 90 90 90 90 90 90 90 90 90 90 90 90 90 90 90 90 90 90 90 90 90 -0.29 -2.85 0.17 0.12 0.31 2.41 29.47 19.31 -149.89 172.79 -0.83 
117 49271 90 90 90 90 90 90 90 90 90 90 90 90 90 90 90 90 90 90 90 90 90 90 90 90 -0.12 -0.88 1.13 0.15 0.34 2.91 29.42 19.06 -141.90 170.07 -0.96 
118 49648 90 90 90 90 90 90 90 90 90 90 90 90 90 90 90 90 90 90 90 90 90 90 90 90 0.11 -0.96 -0.12 -0.61 0.64 1.34 29.38 18.90 -131.43 172.33 -0.94 
119 49969 90 90 90 90 90 90 90 90 90 90 90 90 90 90 90 90 90 90 90 90 90 90 90 90 -0.04 1.91 -0.58 -0.74 1.11 -2.88 29.33 18.90 -146.32 173.58 -0.87 
120 50416 90 90 90 90 90 90 90 90 90 90 90 90 90 90 90 90 90 90 90 90 90 90 90 90 -0.06 1.49 -0.43 -0.26 0.65 0.01 29.42 18.90 -146.69 174.83 -0.99 
121 50795 90 90 90 90 90 90 90 90 90 90 90 90 90 90 90 90 90 90 90 90 90 90 90 90 -0.06 -1.87 0.98 -0.41 0.46 2.78 29.38 18.90 -151.33 170.26 -0.99 
122 50907 90 90 90 90 90 90 90 90 90 90 90 90 90 90 90 90 90 90 90 90 90 90 90 90 -0.04 -0.80 0.38 0.08 0.36 2.45 29.42 18.63 -152.19 170.69 -0.90 
123 51501 90 90 90 90 90 90 90 90 90 90 90 90 90 90 90 90 90 90 90 90 90 90 90 90 0.25 2.51 -0.09 -1.13 1.31 -3.23 29.42 19.42 -118.83 169.83 -0.89 
124 51671 90 90 90 90 90 90 90 90 90 90 90 90 90 90 90 90 90 90 90 90 90 90 90 90 -0.09 2.48 1.01 -0.30 0.82 -0.83 29.42 19.33 -126.48 170.43 -0.88 
125 52002 90 90 90 90 90 90 90 90 90 90 90 90 90 90 90 90 90 90 90 90 90 90 90 90 -0.21 -1.63 0.43 -0.82 0.54 1.28 29.52 18.90 -117.61 172.08 -0.93 
126 52531 90 90 90 90 90 90 90 90 90 90 90 90 90 90 90 90 90 90 90 90 90 90 90 90 -0.01 -2.38 0.28 -1.00 0.81 -0.14 29.47 19.04 -126.86 174.01 -0.86 
127 52644 90 90 90 90 90 90 90 90 90 90 90 90 90 90 90 90 90 90 90 90 90 90 90 90 -0.48 1.36 -1.01 -1.09 0.98 -1.46 29.52 19.28 -128.87 174.10 -0.94 
128 52801 90 90 90 90 90 90 90 90 90 90 90 90 90 90 90 90 90 90 90 90 90 90 90 90 0.26 1.53 -0.70 -1.05 0.89 -0.34 29.47 19.13 -130.76 174.18 -1.03 
129 52968 90 90 90 90 90 90 90 90 90 90 90 90 90 90 90 90 90 90 90 90 90 90 90 90 -0.19 -1.60 1.45 0.03 0.44 1.92 29.42 19.28 -133.32 173.77 -0.97 
130 53273 90 90 90 90 90 90 90 90 90 90 90 90 90 90 90 90 90 90 90 90 90 90 90 90 -0.01 -2.79 -0.24 -0.54 0.67 1.55 29.42 19.42 -133.23 173.96 -1.03 
131 53433 90 90 90 90 90 90 90 90 90 90 90 90 90 90 90 90 90 90 90 90 90 90 90 90 -0.21 0.34 0.31 0.18 0.35 2.27 29.47 18.77 -137.98 166.83 -0.93 
132 53601 90 90 90 90 90 90 90 90 90 90 90 90 90 90 90 90 90 90 90 90 90 90 90 90 0.19 3.06 -0.52 -1.17 1.16 -3.63 29.42 19.42 -135.76 168.13 -0.88 
133 53783 90 90 90 90 90 90 90 90 90 90 90 90 90 90 90 90 90 90 90 90 90 90 90 90 -0.45 1.50 -0.64 -0.73 0.95 -2.52 29.33 18.90 -135.26 169.12 -0.83 
134 54046 90 90 90 90 90 90 90 90 90 90 90 90 90 90 90 90 90 90 90 90 90 90 90 90 -0.30 -1.73 -0.27 -0.91 0.73 0.73 29.47 18.79 -126.48 170.90 -0.87 
135 54576 90 90 90 90 90 90 90 90 90 90 90 90 90 90 90 90 90 90 90 90 90 90 90 90 -0.48 -1.78 0.41 0.10 0.25 2.92 29.38 19.42 -128.30 173.38 -0.91 
136 55045 90 90 90 90 90 90 90 90 90 90 90 90 90 90 90 90 90 90 90 90 90 90 90 90 0.13 -2.76 0.87 -0.90 0.66 1.05 29.42 18.90 -140.52 169.85 -0.87 
137 55283 90 90 90 90 90 90 90 90 90 90 90 90 90 90 90 90 90 90 90 90 90 90 90 90 0.08 -0.90 0.06 -0.39 0.38 2.75 29.38 19.42 -124.79 164.87 -0.98 
138 55556 90 90 90 90 90 90 90 90 90 90 90 90 90 90 90 90 90 90 90 90 90 90 90 90 -0.07 -1.25 0.34 0.06 0.33 2.91 29.42 18.99 -125.99 168.06 -1.07 
139 56059 90 90 90 90 90 90 90 90 90 90 90 90 90 90 90 90 90 90 90 90 90 90 90 90 0.39 2.77 -0.01 -1.31 1.20 -2.91 29.33 18.90 -125.51 165.24 -1.10 
140 56334 90 90 90 90 90 90 90 90 90 90 90 90 90 90 90 90 90 90 90 90 90 90 90 90 -0.03 2.31 -0.41 -0.45 0.92 -1.47 29.47 19.04 -127.20 168.05 -1.07 
141 56448 90 90 90 90 90 90 90 90 90 90 90 90 90 90 90 90 90 90 90 90 90 90 90 90 0.14 2.07 -0.34 -1.16 1.28 -3.35 29.33 18.75 -115.06 168.60 -1.19 
142 56754 90 90 90 90 90 90 90 90 90 90 90 90 90 90 90 90 90 90 90 90 90 90 90 90 -0.59 1.58 -1.50 -0.48 1.22 -3.47 29.38 19.42 -123.96 164.54 -1.07 
143 56994 90 90 90 90 90 90 90 90 90 90 90 90 90 90 90 90 90 90 90 90 90 90 90 90 0.58 1.46 0.09 -1.22 1.22 -3.52 29.38 19.06 -123.54 167.35 -1.19 
144 57440 90 90 90 90 90 90 90 90 90 90 90 90 90 90 90 90 90 90 90 90 90 90 90 90 -0.16 2.28 -0.78 -1.30 1.15 -2.35 29.38 18.90 -138.12 171.43 -1.18 
145 57992 90 90 90 90 90 90 90 90 90 90 90 90 90 90 90 90 90 90 90 90 90 90 90 90 -0.47 -1.49 0.37 -0.32 0.42 2.69 29.42 19.04 -127.80 173.84 -1.26 
146 58566 90 90 90 90 90 90 90 90 90 90 90 90 90 90 90 90 90 90 90 90 90 90 90 90 -0.33 -2.41 0.89 0.08 0.37 2.68 29.47 18.90 -117.45 174.65 -1.15 
147 58932 90 90 90 90 90 90 90 90 90 90 90 90 90 90 90 90 90 90 90 90 90 90 90 90 0.36 0.57 -0.32 -1.16 0.92 0.77 29.42 19.15 -127.92 160.52 -1.04 
148 59413 90 90 90 90 90 90 90 90 90 90 90 90 90 90 90 90 90 90 90 90 90 90 90 90 0.16 -2.42 0.08 -0.75 0.64 1.66 29.42 19.06 -135.75 156.46 -0.91 
149 59882 90 90 90 90 90 90 90 90 90 90 90 90 90 90 90 90 90 90 90 90 90 90 90 90 0.49 0.10 -0.29 -1.43 1.16 -3.19 29.42 19.08 -148.36 166.06 -1.08 
150 60455 90 90 90 90 90 90 90 90 90 90 90 90 90 90 90 90 90 90 90 90 90 90 90 90 0.26 1.39 -0.90 -0.01 0.47 1.09 29.42 19.04 -140.97 166.98 -0.96 
151 60798 90 90 90 90 90 90 90 90 90 90 90 90 90 90 90 90 90 90 90 90 90 90 90 90 0.03 0.07 -0.82 -1.35 1.29 -2.98 29.42 18.90 -129.87 140.09 -0.94 
152 61384 90 90 90 90 90 90 90 90 90 90 90 90 90 90 90 90 90 90 90 90 90 90 90 90 0.48 1.33 -0.76 -1.55 1.17 -1.60 29.52 19.44 -120.47 160.91 -0.93 
153 61981 90 90 90 90 90 90 90 90 90 90 90 90 90 90 90 90 90 90 90 90 90 90 90 90 0.05 -2.36 0.95 0.30 0.29 1.71 29.42 18.90 -119.72 134.94 -1.04 
154 62460 90 90 90 90 90 90 90 90 90 90 90 90 90 90 90 90 90 90 90 90 90 90 90 90 0.69 -0.70 0.34 -1.49 1.10 -1.19 29.47 19.42 -121.27 133.43 -1.13 
155 62897 90 90 90 90 90 90 90 90 90 90 90 90 90 90 90 90 90 90 90 90 90 90 90 90 0.34 -2.42 0.47 -0.82 0.65 1.57 29.33 19.04 -137.57 148.19 -1.08 
156 63100 90 90 90 90 90 90 90 90 90 90 90 90 90 90 90 90 90 90 90 90 90 90 90 90 0.26 -1.73 1.50 0.14 0.30 2.83 29.42 19.44 -118.63 139.65 -1.08 
157 63684 90 90 90 90 90 90 90 90 90 90 90 90 90 90 90 90 90 90 90 90 90 90 90 90 0.02 -2.93 0.84 0.42 0.20 2.22 29.52 18.90 -129.81 101.05 -0.94 
158 63944 90 90 90 90 90 90 90 90 90 90 90 90 90 90 90 90 90 90 90 90 90 90 90 90 0.68 3.20 -0.03 -1.44 1.28 -2.86 29.47 18.92 -121.87 88.28 -0.90 
159 64264 90 90 90 90 90 90 90 90 90 90 90 90 90 90 90 90 90 90 90 90 90 90 90 90 -0.13 -0.61 -0.23 0.22 0.35 0.47 29.42 18.90 -140.34 98.85 -0.89 
160 64594 90 90 90 90 90 90 90 90 90 90 90 90 90 90 90 90 90 90 90 90 90 90 90 90 0.55 -2.48 0.55 -0.26 0.45 2.73 29.38 19.04 -122.15 118.70 -0.99 
161 65063 90 90 90 90 90 90 90 90 90 90 90 90 90 90 90 90 90 90 90 90 90 90 90 90 -0.16 -1.14 0.87 0.11 0.43 -0.31 29.42 19.31 -148.90 146.19 -1.08 
162 65430 90 90 90 90 90 90 90 90 90 90 90 90 90 90 90 90 90 90 90 90 90 90 90 90 0.00 -1.67 1.34 0.09 0.42 0.14 29.52 18.90 -159.78 157.46 -1.09 
163 66002 90 90 90 90 90 90 90 90 90 90 90 90 90 90 90 90 90 90 90 90 90 90 90 90 0.19 -1.84 0.00 -0.61 0.60 2.13 29.57 19.40 -157.38 155.32 -1.05 
164 66460 90 90 90 90 90 90 90 90 90 90 90 90 90 90 90 90 90 90 90 90 90 90 90 90 -0.24 1.53 -0.85 -1.36 1.06 -0.29 29.47 18.90 -129.46 152.58 -1.12 
165 66585 90 90 90 90 90 90 90 90 90 90 90 90 90 90 90 90 90 90 90 90 90 90 90 90 -0.04 2.74 -0.11 -0.50 0.92 -2.76 29.38 18.73 -132.33 154.15 -1.14 
166 66904 90 90 90 90 90 90 90 90 90 90 90 90 90 90 90 90 90 90 90 90 90 90 90 90 0.48 -2.41 1.01 -0.88 0.72 1.74 29.52 18.90 -145.32 160.17 -1.23 
167 67050 90 90 90 90 90 90 90 90 90 90 90 90 90 90 90 90 90 90 90 90 90 90 90 90 -0.21 -3.02 1.15 0.34 0.19 2.09 29.47 18.75 -127.76 154.58 -1.26 
168 67608 90 90 90 90 90 90 90 90 90 90 90 90 90 90 90 90 90 90 90 90 90 90 90 90 -0.59 -0.44 0.61 0.33 0.22 1.26 29.52 18.90 -108.82 116.69 -1.25 
169 68066 90 90 90 90 90 90 90 90 90 90 90 90 90 90 90 90 90 90 90 90 90 90 90 90 0.23 -0.41 1.33 0.16 0.34 0.11 29.47 18.90 -141.25 144.42 -1.28 
170 68476 90 90 90 90 90 90 90 90 90 90 90 90 90 90 90 90 90 90 90 90 90 90 90 90 0.46 -2.38 1.76 0.44 0.37 2.15 29.38 19.30 -123.17 113.79 -1.11 
171 68933 90 90 90 90 90 90 90 90 90 90 90 90 90 90 90 90 90 90 90 90 90 90 90 90 0.08 2.23 -0.67 -1.46 1.22 -1.15 29.47 18.90 -148.86 139.22 -1.09 
172 69081 90 90 90 90 90 90 90 90 90 90 90 90 90 90 90 90 90 90 90 90 90 90 90 90 -0.32 1.98 -0.20 -0.21 0.65 -1.25 29.47 19.28 -151.65 142.58 -1.12 
173 69469 90 90 90 90 90 90 90 90 90 90 90 90 90 90 90 90 90 90 90 90 90 90 90 90 0.11 2.52 -0.21 -1.37 1.23 -2.71 29.52 18.90 -118.45 120.10 -1.08 
174 69742 90 90 90 90 90 90 90 90 90 90 90 90 90 90 90 90 90 90 90 90 90 90 90 90 0.42 -1.84 0.02 -1.60 1.16 -0.53 29.38 19.42 -104.66 104.81 -1.08 
175 70201 90 90 90 90 90 90 90 90 90 90 90 90 90 90 90 90 90 90 90 90 90 90 90 90 0.75 0.10 0.43 -0.86 0.81 1.16 29.47 18.90 -129.61 112.66 -1.00 
176 70404 90 90 90 90 90 90 90 90 90 90 90 90 90 90 90 90 90 90 90 90 90 90 90 90 -0.29 2.10 -0.41 -1.60 1.37 -1.87 29.52 19.17 -111.64 97.72 -1.04 
177 70620 90 90 90 90 90 90 90 90 90 90 90 90 90 90 90 90 90 90 90 90 90 90 90 90 -0.07 -1.46 1.30 0.10 0.29 2.43 29.47 18.90 -111.32 100.77 -0.93 
178 71204 90 90 90 90 90 90 90 90 90 90 90 90 90 90 90 90 90 90 90 90 90 90 90 90 -0.16 -0.30 -0.03 -0.51 0.83 -1.79 29.47 18.90 -118.18 121.93 -0.92 
179 71712 90 90 90 90 90 90 90 90 90 90 90 90 90 90 90 90 90 90 90 90 90 90 90 90 0.28 -2.30 1.02 0.14 0.22 2.71 29.52 18.90 -105.90 106.14 -0.94 
180 71903 90 90 90 90 90 90 90 90 90 90 90 90 90 90 90 90 90 90 90 90 90 90 90 90 0.00 2.75 -0.08 -0.91 1.04 -2.65 29.42 18.90 -98.22 117.90 -0.93 
181 72233 90 90 90 90 90 90 90 90 90 90 90 90 90 90 90 90 90 90 90 90 90 90 90 90 0.42 -2.27 0.84 -0.47 0.56 2.06 29.42 18.79 -106.18 113.95 -0.94 
182 72461 90 90 90 90 90 90 90 90 90 90 90 90 90 90 90 90 90 90 90 90 90 90 90 90 -0.13 2.49 -0.67 -0.97 1.13 -2.99 29.52 18.88 -121.10 115.11 -0.85 
183 72643 90 90 90 90 90 90 90 90 90 90 90 90 90 90 90 90 90 90 90 90 90 90 90 90 0.20 3.49 -0.18 -1.02 1.20 -3.21 29.42 18.90 -129.30 110.32 -0.99 
184 72906 90 90 90 90 90 90 90 90 90 90 90 90 90 90 90 90 90 90 90 90 90 90 90 90 0.10 0.54 -0.15 -1.48 1.23 -1.33 29.47 18.90 -141.78 115.17 -0.98 
185 73238 90 90 90 90 90 90 90 90 90 90 90 90 90 90 90 90 90 90 90 90 90 90 90 90 -0.36 2.36 -0.98 -1.62 1.32 -2.69 29.42 19.06 -131.13 129.20 -0.98 
186 73512 90 90 90 90 90 90 90 90 90 90 90 90 90 90 90 90 90 90 90 90 90 90 90 90 -0.84 2.23 -0.88 -0.81 1.08 -2.49 29.42 18.90 -138.02 117.47 -0.96 
187 74123 90 90 90 90 90 90 90 90 90 90 90 90 90 90 90 90 90 90 90 90 90 90 90 90 0.16 1.30 -1.45 -1.16 1.21 -3.28 29.42 18.90 -136.11 137.62 -0.99 
188 74281 90 90 90 90 90 90 90 90 90 90 90 90 90 90 90 90 90 90 90 90 90 90 90 90 -0.19 -1.15 -0.20 -0.54 0.93 -1.45 29.47 18.73 -140.43 141.72 -0.97 
189 74580 90 90 90 90 90 90 90 90 90 90 90 90 90 90 90 90 90 90 90 90 90 90 90 90 0.11 -1.57 0.76 -0.67 0.60 1.26 29.52 19.42 -138.68 146.36 -1.03 
190 74946 90 90 90 90 90 90 90 90 90 90 90 90 90 90 90 90 90 90 90 90 90 90 90 90 0.02 -2.41 1.27 -0.22 0.37 3.02 29.52 18.90 -142.77 145.98 -1.05 
191 75439 90 90 90 90 90 90 90 90 90 90 90 90 90 90 90 90 90 90 90 90 90 90 90 90 -0.55 2.23 -0.96 -1.31 1.32 -3.53 29.52 19.06 -137.41 156.96 -1.10 
192 75621 90 90 90 90 90 90 90 90 90 90 90 90 90 90 90 90 90 90 90 90 90 90 90 90 -0.61 -1.40 1.21 0.09 0.61 1.22 29.42 19.42 -136.62 159.79 -1.19 
193 76079 90 90 90 90 90 90 90 90 90 90 90 90 90 90 90 90 90 90 90 90 90 90 90 90 0.45 3.27 0.08 -0.50 0.88 -1.78 29.47 19.42 -134.15 160.54 -1.08 
194 76641 90 90 90 90 90 90 90 90 90 90 90 90 90 90 90 90 90 90 90 90 90 90 90 90 -0.71 -2.57 0.43 0.23 0.28 2.17 29.47 19.06 -146.98 162.03 -1.03 
195 77086 90 90 90 90 90 90 90 90 90 90 90 90 90 90 90 90 90 90 90 90 90 90 90 90 0.49 -1.52 0.24 -1.11 0.83 -0.08 29.42 18.90 -129.21 155.84 -1.03 
196 77511 90 90 90 90 90 90 90 90 90 90 90 90 90 90 90 90 90 90 90 90 90 90 90 90 0.26 -3.05 0.75 -0.57 0.44 2.14 29.47 18.88 -121.86 164.70 -0.97 
197 77669 90 90 90 90 90 90 90 90 90 90 90 90 90 90 90 90 90 90 90 90 90 90 90 90 -0.29 0.28 0.34 -0.77 1.07 -2.45 29.47 18.73 -127.99 165.77 -0.92 
198 78139 90 90 90 90 90 90 90 90 90 90 90 90 90 90 90 90 90 90 90 90 90 90 90 90 0.05 -0.74 0.66 0.05 0.59 0.30 29.47 19.22 -135.66 159.18 -1.03 
199 78537 90 90 90 90 90 90 90 90 90 90 90 90 90 90 90 90 90 90 90 90 90 90 90 90 0.13 -2.09 1.24 -0.39 0.57 2.05 29.61 18.90 -128.20 150.48 -1.04 
200 78971 90 90 90 90 90 90 90 90 90 90 90 90 90 90 90 90 90 90 90 90 90 90 90 90 -0.41 -2.18 0.29 -0.17 0.32 2.29 29.47 18.90 -128.51 129.04 -0.95 
201 79373 90 90 90 90 90 90 90 90 90 90 90 90 90 90 90 90 90 90 90 90 90 90 90 90 1.01 -0.53 1.05 -0.24 0.41 2.66 29.57 19.42 -118.99 125.31 -0.88 
202 79553 90 90 90 90 90 90 90 90 90 90 90 90 90 90 90 90 90 90 90 90 90 90 90 90 0.08 0.56 -0.88 -1.46 1.14 -0.64 29.47 18.90 -127.76 133.00 -0.94 
203 79954 90 90 90 90 90 90 90 90 90 90 90 90 90 90 90 90 90 90 90 90 90 90 90 90 0.19 0.30 0.37 -1.54 1.24 -1.81 29.42 19.42 -114.35 126.53 -1.10 
204 80250 90 90 90 90 90 90 90 90 90 90 90 90 90 90 90 90 90 90 90 90 90 90 90 90 0.20 0.10 0.79 -0.64 0.90 -2.31 29.47 18.79 -107.77 118.38 -0.96 
205 80765 90 90 90 90 90 90 90 90 90 90 90 90 90 90 90 90 90 90 90 90 90 90 90 90 -0.13 0.80 -0.08 -0.73 1.05 -2.70 29.38 19.42 -95.78 111.83 -1.06 
206 81213 90 90 90 90 90 90 90 90 90 90 90 90 90 90 90 90 90 90 90 90 90 90 90 90 -0.44 1.94 -1.13 -1.48 1.20 -0.98 29.52 18.90 -118.25 126.58 -1.01 
207 81765 90 90 90 90 90 90 90 90 90 90 90 90 90 90 90 90 90 90 90 90 90 90 90 90 0.39 -2.53 1.30 0.16 0.32 2.69 29.47 18.90 -126.37 138.75 -1.05 
208 82176 90 90 90 90 90 90 90 90 90 90 90 90 90 90 90 90 90 90 90 90 90 90 90 90 -0.15 -0.51 0.32 -0.62 0.89 -1.90 29.47 18.90 -135.72 154.83 -0.93 
209 82486 90 90 90 90 90 90 90 90 90 90 90 90 90 90 90 90 90 90 90 90 90 90 90 90 -0.21 2.37 -0.43 -0.32 0.79 -0.78 29.52 18.90 -143.19 161.88 -0.92 
210 83084 90 90 90 90 90 90 90 90 90 90 90 90 90 90 90 90 90 90 90 90 90 90 90 90 0.43 -2.42 1.30 -0.20 0.30 2.74 29.42 18.90 -140.10 163.66 -1.02 
211 83599 90 90 90 90 90 90 90 90 90 90 90 90 90 90 90 90 90 90 90 90 90 90 90 90 0.14 2.98 0.46 -0.51 0.90 -1.95 29.52 18.90 -131.75 165.80 -1.03 
212 83768 90 90 90 90 90 90 90 90 90 90 90 90 90 90 90 90 90 90 90 90 90 90 90 90 0.37 -1.54 0.23 -0.76 0.70 1.40 29.52 19.33 -117.03 167.16 -0.94 
213 84111 90 90 90 90 90 90 90 90 90 90 90 90 90 90 90 90 90 90 90 90 90 90 90 90 0.13 -0.99 0.53 -1.38 1.15 -0.77 29.52 18.90 -113.65 158.27 -1.04 
214 84316 90 90 90 90 90 90 90 90 90 90 90 90 90 90 90 90 90 90 90 90 90 90 90 90 -0.06 -2.42 0.84 0.07 0.22 3.18 29.57 18.90 -124.94 161.42 -0.98 
215 84450 90 90 90 90 90 90 90 90 90 90 90 90 90 90 90 90 90 90 90 90 90 90 90 90 0.42 -1.52 0.12 -1.32 1.10 -2.09 29.42 18.73 -129.12 162.50 -1.05 
216 84848 90 90 90 90 90 90 90 90 90 90 90 90 90 90 90 90 90 90 90 90 90 90 90 90 0.29 0.74 -0.44 -1.29 1.30 -3.44 29.52 18.90 -118.13 161.52 -1.03 
217 84961 90 90 90 90 90 90 90 90 90 90 90 90 90 90 90 90 90 90 90 90 90 90 90 90 0.08 -1.89 0.70 -0.68 0.54 1.53 29.52 19.26 -120.36 161.77 -0.94 
218 85404 90 90 90 90 90 90 90 90 90 90 90 90 90 90 90 90 90 90 90 90 90 90 90 90 -0.18 -3.17 0.47 0.20 0.32 3.11 29.57 19.04 -125.79 160.87 -1.04 
219 85804 90 90 90 90 90 90 90 90 90 90 90 90 90 90 90 90 90 90 90 90 90 90 90 90 0.10 -2.61 0.40 -0.39 0.48 2.18 29.47 19.04 -120.65 167.05 -1.14 
220 86342 90 90 90 90 90 90 90 90 90 90 90 90 90 90 90 90 90 90 90 90 90 90 90 90 -0.84 1.81 -1.11 -1.64 1.34 -2.65 29.47 19.42 -113.32 139.18 -1.24 
221 86641 90 90 90 90 90 90 90 90 90 90 90 90 90 90 90 90 90 90 90 90 90 90 90 90 0.05 0.45 -0.49 -1.55 1.19 -1.38 29.47 18.90 -118.66 143.53 -1.36 
222 87181 90 90 90 90 90 90 90 90 90 90 90 90 90 90 90 90 90 90 90 90 90 90 90 90 -0.12 0.27 0.29 -0.36 0.78 -1.94 29.52 18.90 -122.84 139.18 -1.44 
223 87627 90 90 90 90 90 90 90 90 90 90 90 90 90 90 90 90 90 90 90 90 90 90 90 90 0.57 -2.68 0.47 -0.42 0.51 2.50 29.47 18.90 -136.35 156.25 -1.59 
224 87761 90 90 90 90 90 90 90 90 90 90 90 90 90 90 90 90 90 90 90 90 90 90 90 90 0.20 -0.82 0.61 -1.52 1.14 -1.21 29.47 18.90 -132.64 157.86 -1.61 
225 88034 90 90 90 90 90 90 90 90 90 90 90 90 90 90 90 90 90 90 90 90 90 90 90 90 0.48 -2.07 0.64 0.13 0.24 2.65 29.47 18.90 -117.97 131.00 -1.63 
226 88421 90 90 90 90 90 90 90 90 90 90 90 90 90 90 90 90 90 90 90 90 90 90 90 90 0.37 -1.19 0.76 0.03 0.45 -0.19 29.52 19.22 -141.97 148.87 -1.54 
227 88601 90 90 90 90 90 90 90 90 90 90 90 90 90 90 90 90 90 90 90 90 90 90 90 90 0.89 -0.54 1.04 -0.44 0.52 2.28 29.57 18.90 -126.94 146.19 -1.57 
228 89059 90 90 90 90 90 90 90 90 90 90 90 90 90 90 90 90 90 90 90 90 90 90 90 90 -0.13 0.60 -0.21 -0.71 0.51 1.27 29.57 18.90 -115.45 139.95 -1.60 
229 89264 90 90 90 90 90 90 90 90 90 90 90 90 90 90 90 90 90 90 90 90 90 90 90 90 0.37 -3.29 0.03 -1.00 0.82 0.14 29.52 19.44 -113.25 146.18 -1.60 
230 89629 90 90 90 90 90 90 90 90 90 90 90 90 90 90 90 90 90 90 90 90 90 90 90 90 -1.03 1.99 -1.39 -1.10 0.99 -0.67 29.47 19.42 -120.75 150.93 -1.68 
231 90054 90 90 90 90 90 90 90 90 90 90 90 90 90 90 90 90 90 90 90 90 90 90 90 90 -0.55 0.42 0.02 -0.85 1.09 -2.76 29.57 18.90 -103.73 134.91 -1.76 
232 90178 90 90 90 90 90 90 90 90 90 90 90 90 90 90 90 90 90 90 90 90 90 90 90 90 0.05 -1.35 1.59 -0.16 0.65 -0.26 29.47 18.75 -107.80 137.00 -1.65 
233 90335 90 90 90 90 90 90 90 90 90 90 90 90 90 90 90 90 90 90 90 90 90 90 90 90 0.10 2.42 0.24 -0.31 0.77 -1.34 29.52 18.75 -111.91 139.41 -1.56 
234 90835 90 90 90 90 90 90 90 90 90 90 90 90 90 90 90 90 90 90 90 90 90 90 90 90 -0.19 -0.86 0.52 0.28 0.31 2.13 29.47 18.90 -121.09 137.52 -1.60 
235 91028 90 90 90 90 90 90 90 90 90 90 90 90 90 90 90 90 90 90 90 90 90 90 90 90 0.34 -1.66 0.06 -0.42 0.38 2.59 29.52 19.42 -116.32 143.58 -1.56 
236 91600 90 90 90 90 90 90 90 90 90 90 90 90 90 90 90 90 90 90 90 90 90 90 90 90 0.16 0.95 -0.84 -1.04 0.79 -0.08 29.52 18.90 -114.28 157.30 -1.69 
237 91713 90 90 90 90 90 90 90 90 90 90 90 90 90 90 90 90 90 90 90 90 90 90 90 90 0.32 -3.03 0.52 -0.40 0.44 2.41 29.52 18.73 -116.63 157.69 -1.63 
238 92329 90 90 90 90 90 90 90 90 90 90 90 90 90 90 90 90 90 90 90 90 90 90 90 90 0.05 -2.33 0.11 -0.01 0.26 3.30 29.57 19.28 -131.07 160.11 -1.61 
239 92580 90 90 90 90 90 90 90 90 90 90 90 90 90 90 90 90 90 90 90 90 90 90 90 90 -0.48 -2.74 1.28 -0.73 0.64 1.08 29.57 18.90 -128.76 164.14 -1.72 
240 92981 90 90 90 90 90 90 90 90 90 90 90 90 90 90 90 90 90 90 90 90 90 90 90 90 -0.12 3.14 -0.20 -1.10 1.27 -3.34 29.52 18.92 -127.26 162.19 -1.65 
241 93429 90 90 90 90 90 90 90 90 90 90 90 90 90 90 90 90 90 90 90 90 90 90 90 90 -0.30 2.48 -1.25 -1.01 1.18 -3.38 29.38 19.15 -135.01 168.66 -1.72 
242 93946 90 90 90 90 90 90 90 90 90 90 90 90 90 90 90 90 90 90 90 90 90 90 90 90 -0.04 2.49 -0.66 -1.35 1.26 -3.29 29.47 19.04 -124.14 168.41 -1.80 
243 94533 90 90 90 90 90 90 90 90 90 90 90 90 90 90 90 90 90 90 90 90 90 90 90 90 -0.29 2.52 -0.93 -0.32 0.77 -0.35 29.52 18.90 -129.09 172.67 -1.78 
244 95085 90 90 90 90 90 90 90 90 90 90 90 90 90 90 90 90 90 90 90 90 90 90 90 90 0.10 -2.42 0.96 0.05 0.24 3.35 29.57 19.04 -131.57 170.38 -1.85 
245 95483 90 90 90 90 90 90 90 90 90 90 90 90 90 90 90 90 90 90 90 90 90 90 90 90 -0.41 -1.77 0.40 -0.95 0.83 0.60 29.57 18.90 -134.75 172.45 -1.80 
246 96035 90 90 90 90 90 90 90 90 90 90 90 90 90 90 90 90 90 90 90 90 90 90 90 90 0.17 -1.08 -0.14 -1.23 1.13 -1.71 29.57 18.90 -138.09 174.28 -1.80 
247 96299 90 90 90 90 90 90 90 90 90 90 90 90 90 90 90 90 90 90 90 90 90 90 90 90 -0.44 -1.46 0.73 0.14 0.27 2.49 29.57 19.44 -134.97 167.43 -1.86 
248 96502 90 90 90 90 90 90 90 90 90 90 90 90 90 90 90 90 90 90 90 90 90 90 90 90 0.08 -0.10 -0.88 -1.21 0.99 -1.09 29.57 18.90 -136.54 168.73 -1.89 
249 96951 90 90 90 90 90 90 90 90 90 90 90 90 90 90 90 90 90 90 90 90 90 90 90 90 0.48 2.40 -0.46 -0.15 0.71 -0.37 29.57 18.90 -130.01 167.47 -1.93 
250 97456 90 90 90 90 90 90 90 90 90 90 90 90 90 90 90 90 90 90 90 90 90 90 90 90 0.26 -1.84 0.86 -0.01 0.42 2.04 29.57 18.90 -131.48 171.50 -1.93 
251 97982 90 90 90 90 90 90 90 90 90 90 90 90 90 90 90 90 90 90 90 90 90 90 90 90 -1.19 3.03 0.08 -1.15 1.23 -3.72 29.57 18.92 -108.89 173.76 -2.04 
252 98580 90 90 90 90 90 90 90 90 90 90 90 90 90 90 90 90 90 90 90 90 90 90 90 90 0.48 1.35 -0.44 -1.48 1.25 -1.70 29.52 18.90 -126.10 168.15 -2.04 
253 98819 90 90 90 90 90 90 90 90 90 90 90 90 90 90 90 90 90 90 90 90 90 90 90 90 -0.47 -1.75 1.21 -0.02 0.26 2.93 29.52 18.90 -124.41 169.74 -1.97 
254 99185 90 90 90 90 90 90 90 90 90 90 90 90 90 90 90 90 90 90 90 90 90 90 90 90 -0.45 2.30 0.43 -1.03 1.22 -3.40 29.61 19.44 -134.51 172.37 -1.95 
255 99344 90 90 90 90 90 90 90 90 90 90 90 90 90 90 90 90 90 90 90 90 90 90 90 90 0.29 -1.37 1.22 -1.04 0.96 -0.55 29.47 19.28 -126.16 172.89 -2.10 
256 99814 90 90 90 90 90 90 90 90 90 90 90 90 90 90 90 90 90 90 90 90 90 90 90 90 0.07 0.42 0.57 -0.15 0.42 1.06 29.61 18.90 -139.42 174.05 -2.05 
257 99994 90 90 90 90 90 90 90 90 90 90 90 90 90 90 90 90 90 90 90 90 90 90 90 90 -0.16 -0.93 -0.49 -1.18 1.17 -2.88 29.52 19.42 -137.91 174.42 -1.99 
258 100490 90 90 90 90 90 90 90 90 90 90 90 90 90 90 90 90 90 90 90 90 90 90 90 90 0.29 -2.45 0.76 -0.26 0.37 2.93 29.52 19.42 -143.20 175.21 -2.06 
259 100706 90 90 90 90 90 90 90 90 90 90 90 90 90 90 90 90 90 90 90 90 90 90 90 90 0.20 -1.93 1.25 0.14 0.29 2.30 29.52 18.90 -143.12 175.36 -2.02 
260 101117 90 90 90 90 90 90 90 90 90 90 90 90 90 90 90 90 90 90 90 90 90 90 90 90 -0.45 0.30 0.55 -0.64 1.11 -2.63 29.57 19.42 -129.39 175.70 -2.00 
261 101404 90 90 90 90 90 90 90 90 90 90 90 90 90 90 90 90 90 90 90 90 90 90 90 90 -0.01 1.01 0.35 -0.62 1.04 -3.07 29.47 18.90 -136.50 175.94 -1.96 
262 101921 90 90 90 90 90 90 90 90 90 90 90 90 90 90 90 90 90 90 90 90 90 90 90 90 0.00 -2.30 0.87 0.36 0.19 1.45 29.57 18.90 -151.47 175.93 -2.07 
263 102471 90 90 90 90 90 90 90 90 90 90 90 90 90 90 90 90 90 90 90 90 90 90 90 90 0.83 -0.85 -0.12 -0.20 0.29 3.05 29.57 18.90 -156.32 169.83 -2.05 
264 102953 90 90 90 90 90 90 90 90 90 90 90 90 90 90 90 90 90 90 90 90 90 90 90 90 -0.15 -2.48 1.02 -0.49 0.48 2.57 29.57 18.90 -136.20 172.49 -2.11 
265 103194 90 90 90 90 90 90 90 90 90 90 90 90 90 90 90 90 90 90 90 90 90 90 90 90 -0.21 -0.28 0.72 0.09 0.26 2.07 29.47 18.79 -132.25 173.09 -1.95 
266 103688 90 90 90 90 90 90 90 90 90 90 90 90 90 90 90 90 90 90 90 90 90 90 90 90 -0.47 -3.06 1.02 0.12 0.37 1.70 29.47 19.06 -126.81 156.59 -2.04 
267 104066 90 90 90 90 90 90 90 90 90 90 90 90 90 90 90 90 90 90 90 90 90 90 90 90 0.65 -1.87 0.17 -0.75 0.63 1.93 29.52 18.90 -119.51 163.99 -2.15 
268 104258 90 90 90 90 90 90 90 90 90 90 90 90 90 90 90 90 90 90 90 90 90 90 90 90 -0.26 -0.28 1.60 -0.35 0.76 -0.99 29.57 18.90 -122.49 166.02 -2.17 
269 104742 90 90 90 90 90 90 90 90 90 90 90 90 90 90 90 90 90 90 90 90 90 90 90 90 -0.35 -2.88 0.17 -0.37 0.36 2.91 29.52 18.90 -118.55 164.01 -2.19 
270 104856 90 90 90 90 90 90 90 90 90 90 90 90 90 90 90 90 90 90 90 90 90 90 90 90 0.37 1.06 -0.69 0.03 0.36 0.72 29.52 18.75 -113.84 164.70 -2.22 
271 105357 90 90 90 90 90 90 90 90 90 90 90 90 90 90 90 90 90 90 90 90 90 90 90 90 0.55 -0.65 0.23 -1.45 1.23 -1.53 29.47 19.42 -109.23 164.60 -2.34 
272 105932 90 90 90 90 90 90 90 90 90 90 90 90 90 90 90 90 90 90 90 90 90 90 90 90 0.55 1.69 -0.34 -1.01 1.25 -2.98 29.52 18.90 -102.63 151.82 -2.27 
273 106381 90 90 90 90 90 90 90 90 90 90 90 90 90 90 90 90 90 90 90 90 90 90 90 90 -0.74 1.26 -0.21 -0.71 1.22 -2.77 29.57 19.44 -112.93 162.80 -2.34 
274 106853 90 90 90 90 90 90 90 90 90 90 90 90 90 90 90 90 90 90 90 90 90 90 90 90 -0.70 2.14 -0.34 -1.06 1.27 -3.26 29.52 19.31 -120.73 169.03 -2.27 
275 107429 90 90 90 90 90 90 90 90 90 90 90 90 90 90 90 90 90 90 90 90 90 90 90 90 0.46 -2.16 1.59 -0.58 0.59 1.68 29.47 19.06 -119.55 169.68 -2.27 
276 107980 90 90 90 90 90 90 90 90 90 90 90 90 90 90 90 90 90 90 90 90 90 90 90 90 -0.04 -2.07 1.22 -0.24 0.33 2.69 29.52 18.90 -99.49 160.24 -2.22 
277 108209 90 90 90 90 90 90 90 90 90 90 90 90 90 90 90 90 90 90 90 90 90 90 90 90 0.07 -1.96 0.02 -0.96 0.75 1.07 29.52 18.90 -104.50 157.10 -2.32 
278 108447 90 90 90 90 90 90 90 90 90 90 90 90 90 90 90 90 90 90 90 90 90 90 90 90 -1.90 0.22 -2.59 -0.86 0.56 2.17 29.47 18.79 -94.15 161.52 -2.33 
279 108987 90 90 90 90 90 90 90 90 90 90 90 90 90 90 90 90 90 90 90 90 90 90 90 90 0.69 -3.15 0.49 -0.88 0.71 0.78 29.61 18.90 -116.73 158.65 -2.20 
280 109319 90 90 90 90 90 90 90 90 90 90 90 90 90 90 90 90 90 90 90 90 90 90 90 90 0.69 0.51 -0.21 -1.44 1.23 -2.42 29.52 19.42 -120.52 164.58 -2.32 
281 109536 90 90 90 90 90 90 90 90 90 90 90 90 90 90 90 90 90 90 90 90 90 90 90 90 1.07 -0.45 0.43 -1.51 1.18 -1.80 29.57 18.90 -125.76 166.68 -2.29 
282 109730 90 90 90 90 90 90 90 90 90 90 90 90 90 90 90 90 90 90 90 90 90 90 90 90 -0.06 0.10 -0.05 -0.71 0.66 1.51 29.61 19.44 -120.25 154.60 -2.37 
283 110063 90 90 90 90 90 90 90 90 90 90 90 90 90 90 90 90 90 90 90 90 90 90 90 90 -0.38 -3.29 0.43 -0.67 0.50 2.17 29.61 18.90 -117.38 155.66 -2.42 
284 110477 90 90 90 90 90 90 90 90 90 90 90 90 90 90 90 90 90 90 90 90 90 90 90 90 0.13 1.96 0.34 -0.74 1.06 -2.57 29.47 19.42 -128.47 150.16 -2.33 
285 110716 90 90 90 90 90 90 90 90 90 90 90 90 90 90 90 90 90 90 90 90 90 90 90 90 0.14 0.72 0.11 -0.12 0.72 -0.93 29.61 18.90 -126.24 155.89 -2.25 
286 111313 90 90 90 90 90 90 90 90 90 90 90 90 90 90 90 90 90 90 90 90 90 90 90 90 0.08 -0.97 -0.27 -0.91 0.87 1.10 29.57 18.88 -120.14 120.18 -2.17 
287 111427 90 90 90 90 90 90 90 90 90 90 90 90 90 90 90 90 90 90 90 90 90 90 90 90 0.22 -1.14 0.90 0.13 0.14 3.02 29.66 18.64 -122.33 122.41 -2.11 
288 111951 90 90 90 90 90 90 90 90 90 90 90 90 90 90 90 90 90 90 90 90 90 90 90 90 -0.09 0.48 0.09 -0.06 0.48 -0.01 29.47 19.42 -142.82 133.79 -2.13 
289 112481 90 90 90 90 90 90 90 90 90 90 90 90 90 90 90 90 90 90 90 90 90 90 90 90 -0.26 0.69 0.60 -0.17 0.72 -0.82 29.61 18.90 -124.32 127.55 -2.22 
290 112687 90 90 90 90 90 90 90 90 90 90 90 90 90 90 90 90 90 90 90 90 90 90 90 90 -0.32 1.61 -0.87 -0.76 1.08 -2.73 29.57 19.44 -133.88 122.66 -2.28 
291 113228 90 90 90 90 90 90 90 90 90 90 90 90 90 90 90 90 90 90 90 90 90 90 90 90 0.08 -1.48 1.24 -0.07 0.33 3.01 29.61 19.31 -124.03 137.33 -2.24 
292 113549 90 90 90 90 90 90 90 90 90 90 90 90 90 90 90 90 90 90 90 90 90 90 90 90 -0.13 3.26 -0.15 -1.55 1.25 -2.18 29.52 19.42 -116.94 128.08 -2.17 
293 113883 90 90 90 90 90 90 90 90 90 90 90 90 90 90 90 90 90 90 90 90 90 90 90 90 -0.12 -2.65 0.05 -1.20 0.94 -0.94 29.52 18.90 -115.55 138.36 -2.16 
294 114251 90 90 90 90 90 90 90 90 90 90 90 90 90 90 90 90 90 90 90 90 90 90 90 90 -0.33 -0.15 -1.04 -0.66 0.48 1.97 29.57 19.04 -85.76 152.70 -2.32 
295 114364 90 90 90 90 90 90 90 90 90 90 90 90 90 90 90 90 90 90 90 90 90 90 90 90 -0.33 -2.85 0.73 -0.16 0.30 2.62 29.42 19.13 -89.26 153.34 -2.29 
296 114543 90 90 90 90 90 90 90 90 90 90 90 90 90 90 90 90 90 90 90 90 90 90 90 90 0.11 2.97 -0.11 -1.50 1.12 -1.56 29.57 18.75 -88.99 155.13 -2.31 
297 115046 90 90 90 90 90 90 90 90 90 90 90 90 90 90 90 90 90 90 90 90 90 90 90 90 -0.29 -1.92 1.02 -0.18 0.63 -0.32 29.57 18.90 -79.01 154.15 -2.35 
298 115274 90 90 90 90 90 90 90 90 90 90 90 90 90 90 90 90 90 90 90 90 90 90 90 90 0.28 -2.28 0.78 -0.56 0.53 2.38 29.57 18.90 -86.88 158.84 -2.23 
299 115409 90 90 90 90 90 90 90 90 90 90 90 90 90 90 90 90 90 90 90 90 90 90 90 90 0.25 0.27 0.70 -0.42 0.84 -2.12 29.52 18.93 -93.65 153.29 -2.11 
300 115922 90 90 90 90 90 90 90 90 90 90 90 90 90 90 90 90 90 90 90 90 90 90 90 90 -0.22 2.19 -0.55 -1.10 1.28 -3.16 29.57 19.40 -105.78 150.69 -2.16 
301 116094 90 90 90 90 90 90 90 90 90 90 90 90 90 90 90 90 90 90 90 90 90 90 90 90 0.25 -1.37 0.40 -1.31 1.17 -1.87 29.52 19.04 -108.11 141.18 -2.15 
302 116659 90 90 90 90 90 90 90 90 90 90 90 90 90 90 90 90 90 90 90 90 90 90 90 90 0.14 -0.09 -0.81 -1.15 0.91 0.53 29.57 18.90 -128.69 150.77 -2.08 
303 117141 90 90 90 90 90 90 90 90 90 90 90 90 90 90 90 90 90 90 90 90 90 90 90 90 -0.18 -1.03 1.19 0.23 0.25 2.15 29.57 19.42 -133.75 124.56 -2.09 
304 117542 90 90 90 90 90 90 90 90 90 90 90 90 90 90 90 90 90 90 90 90 90 90 90 90 0.19 -2.21 1.05 0.23 0.35 1.14 29.66 18.90 -129.79 123.25 -2.14 
305 118057 90 90 90 90 90 90 90 90 90 90 90 90 90 90 90 90 90 90 90 90 90 90 90 90 -0.38 1.32 -0.93 0.06 0.59 -0.15 29.61 18.90 -129.13 130.80 -2.05 
306 118483 90 90 90 90 90 90 90 90 90 90 90 90 90 90 90 90 90 90 90 90 90 90 90 90 0.10 -2.45 -0.38 -1.12 0.90 1.74 29.61 19.01 -133.71 138.61 -2.12 
307 118758 90 90 90 90 90 90 90 90 90 90 90 90 90 90 90 90 90 90 90 90 90 90 90 90 -0.04 -0.59 1.16 -0.11 0.55 -0.79 29.52 18.90 -126.42 148.84 -2.09 
308 119173 90 90 90 90 90 90 90 90 90 90 90 90 90 90 90 90 90 90 90 90 90 90 90 90 -0.18 1.85 -0.35 -0.15 0.68 0.01 29.57 19.06 -135.28 160.27 -2.03 
309 119575 90 90 90 90 90 90 90 90 90 90 90 90 90 90 90 90 90 90 90 90 90 90 90 90 -0.03 2.08 -0.81 -1.27 1.08 -0.93 29.57 19.04 -136.40 166.96 -2.06 
310 120117 90 90 90 90 90 90 90 90 90 90 90 90 90 90 90 90 90 90 90 90 90 90 90 90 -0.35 0.19 0.60 0.17 0.35 1.34 29.52 18.90 -133.81 164.57 -2.11 
311 120563 90 90 90 90 90 90 90 90 90 90 90 90 90 90 90 90 90 90 90 90 90 90 90 90 0.10 2.40 -1.19 -0.97 1.17 -2.76 29.57 18.90 -110.85 136.93 -2.16 
312 121023 90 90 90 90 90 90 90 90 90 90 90 90 90 90 90 90 90 90 90 90 90 90 90 90 0.43 -2.28 0.96 0.02 0.21 3.18 29.52 18.90 -118.04 145.09 -2.32 
313 121157 90 90 90 90 90 90 90 90 90 90 90 90 90 90 90 90 90 90 90 90 90 90 90 90 -0.30 0.31 -0.05 -1.42 1.14 -1.37 29.52 18.73 -122.85 147.64 -2.39 
314 121708 90 90 90 90 90 90 90 90 90 90 90 90 90 90 90 90 90 90 90 90 90 90 90 90 -0.38 -2.71 0.43 0.04 0.47 1.20 29.57 18.90 -134.13 156.62 -2.46 
315 121948 90 90 90 90 90 90 90 90 90 90 90 90 90 90 90 90 90 90 90 90 90 90 90 90 0.02 1.70 -0.34 -1.45 1.27 -2.24 29.61 18.90 -124.69 161.38 -2.43 
316 122511 90 90 90 90 90 90 90 90 90 90 90 90 90 90 90 90 90 90 90 90 90 90 90 90 0.40 -2.25 0.81 -0.09 0.32 2.80 29.57 18.79 -122.26 161.38 -2.46 
317 122670 90 90 90 90 90 90 90 90 90 90 90 90 90 90 90 90 90 90 90 90 90 90 90 90 -0.47 -2.13 1.22 0.18 0.45 1.16 29.61 18.75 -108.66 163.08 -2.55 
318 122793 90 90 90 90 90 90 90 90 90 90 90 90 90 90 90 90 90 90 90 90 90 90 90 90 -0.01 2.60 -0.56 -1.28 1.05 -1.24 29.57 19.28 -112.80 164.16 -2.62 
319 123090 90 90 90 90 90 90 90 90 90 90 90 90 90 90 90 90 90 90 90 90 90 90 90 90 0.32 -2.15 1.10 -1.14 0.98 -0.76 29.52 18.90 -111.01 167.24 -2.64 
320 123469 90 90 90 90 90 90 90 90 90 90 90 90 90 90 90 90 90 90 90 90 90 90 90 90 0.46 1.90 -0.84 -1.56 1.25 -2.50 29.57 19.19 -93.20 140.90 -2.61 
321 123697 90 90 90 90 90 90 90 90 90 90 90 90 90 90 90 90 90 90 90 90 90 90 90 90 0.31 2.72 -0.53 -1.20 1.19 -3.24 29.71 19.04 -91.32 134.71 -2.52 
322 124260 90 90 90 90 90 90 90 90 90 90 90 90 90 90 90 90 90 90 90 90 90 90 90 90 -0.45 1.41 -0.95 -1.27 1.31 -3.34 29.47 18.90 -94.48 152.13 -2.51 
323 124420 90 90 90 90 90 90 90 90 90 90 90 90 90 90 90 90 90 90 90 90 90 90 90 90 -0.38 -2.27 0.63 -0.01 0.45 0.18 29.66 19.28 -97.06 154.69 -2.59 
324 124658 90 90 90 90 90 90 90 90 90 90 90 90 90 90 90 90 90 90 90 90 90 90 90 90 0.89 0.77 0.40 -0.79 0.62 0.98 29.52 18.90 -95.43 159.77 -2.69 
325 125173 90 90 90 90 90 90 90 90 90 90 90 90 90 90 90 90 90 90 90 90 90 90 90 90 -0.48 -1.05 0.53 -0.71 0.65 1.65 29.71 19.42 -107.79 168.08 -2.63 
326 125702 90 90 90 90 90 90 90 90 90 90 90 90 90 90 90 90 90 90 90 90 90 90 90 90 0.23 1.00 -0.03 -1.33 1.17 -0.44 29.52 18.77 -116.63 154.58 -2.64 
327 126023 90 90 90 90 90 90 90 90 90 90 90 90 90 90 90 90 90 90 90 90 90 90 90 90 0.07 -0.12 1.53 0.38 0.28 1.14 29.57 18.90 -130.62 136.23 -2.65 
328 126273 90 90 90 90 90 90 90 90 90 90 90 90 90 90 90 90 90 90 90 90 90 90 90 90 0.34 -1.73 1.21 0.29 0.35 0.43 29.66 19.42 -142.07 145.90 -2.68 
329 126650 90 90 90 90 90 90 90 90 90 90 90 90 90 90 90 90 90 90 90 90 90 90 90 90 0.63 2.71 -0.23 -1.53 1.25 -2.81 29.57 18.90 -151.37 152.13 -2.69 
330 126798 90 90 90 90 90 90 90 90 90 90 90 90 90 90 90 90 90 90 90 90 90 90 90 90 0.17 -2.22 0.69 -0.48 0.58 2.02 29.61 18.90 -133.64 154.42 -2.76 
331 127081 90 90 90 90 90 90 90 90 90 90 90 90 90 90 90 90 90 90 90 90 90 90 90 90 0.52 -2.18 -0.05 -0.19 0.36 2.44 29.66 18.90 -108.92 148.75 -2.82 
332 127449 90 90 90 90 90 90 90 90 90 90 90 90 90 90 90 90 90 90 90 90 90 90 90 90 -0.67 -3.37 0.06 0.14 0.27 2.14 29.57 18.90 -117.99 151.99 -2.88 
333 127977 90 90 90 90 90 90 90 90 90 90 90 90 90 90 90 90 90 90 90 90 90 90 90 90 -0.27 -0.38 -0.15 0.25 0.34 -0.35 29.61 19.44 -91.58 131.06 -2.99 
334 128494 90 90 90 90 90 90 90 90 90 90 90 90 90 90 90 90 90 90 90 90 90 90 90 90 -0.21 1.64 -1.42 -1.67 1.31 -0.24 29.66 18.90 -80.82 112.55 -3.06 
335 128862 90 90 90 90 90 90 90 90 90 90 90 90 90 90 90 90 90 90 90 90 90 90 90 90 -0.53 0.52 0.24 -0.64 0.97 -2.38 29.66 18.88 -84.99 106.79 -3.18 
336 129182 90 90 90 90 90 90 90 90 90 90 90 90 90 90 90 90 90 90 90 90 90 90 90 90 0.03 0.08 -1.05 -1.24 1.00 -0.43 29.61 18.90 -92.03 102.65 -3.13 
337 129560 90 90 90 90 90 90 90 90 90 90 90 90 90 90 90 90 90 90 90 90 90 90 90 90 -0.12 3.20 -0.15 -1.33 1.26 -3.06 29.57 18.90 -125.69 116.94 -3.18 
338 129801 90 90 90 90 90 90 90 90 90 90 90 90 90 90 90 90 90 90 90 90 90 90 90 90 0.07 0.74 -0.09 -0.62 0.92 -2.26 29.61 18.90 -124.10 130.79 -3.15 
339 130134 90 90 90 90 90 90 90 90 90 90 90 90 90 90 90 90 90 90 90 90 90 90 90 90 -0.13 1.24 0.61 0.35 0.27 -0.03 29.57 18.90 -119.68 107.39 -3.25 
340 130292 90 90 90 90 90 90 90 90 90 90 90 90 90 90 90 90 90 90 90 90 90 90 90 90 -0.16 2.02 0.28 0.29 0.39 0.13 29.52 18.75 -112.81 94.35 -3.30 
341 130865 90 90 90 90 90 90 90 90 90 90 90 90 90 90 90 90 90 90 90 90 90 90 90 90 -0.19 2.40 0.23 -1.05 1.23 -2.19 29.61 18.90 -68.42 104.03 -3.33 
342 131185 90 90 90 90 90 90 90 90 90 90 90 90 90 90 90 90 90 90 90 90 90 90 90 90 -0.16 2.88 -0.58 -1.19 1.29 -2.55 29.61 18.90 -51.03 85.32 -3.35 
343 131459 90 90 90 90 90 90 90 90 90 90 90 90 90 90 90 90 90 90 90 90 90 90 90 90 0.37 -1.78 0.81 0.04 0.18 2.37 29.57 19.01 -61.51 97.09 -3.36 
344 132041 90 90 90 90 90 90 90 90 90 90 90 90 90 90 90 90 90 90 90 90 90 90 90 90 -0.03 -0.35 -0.21 0.25 0.31 0.14 29.66 19.31 -79.87 135.57 -3.24 
345 132200 90 90 90 90 90 90 90 90 90 90 90 90 90 90 90 90 90 90 90 90 90 90 90 90 -0.24 -1.15 0.38 0.18 0.23 2.30 29.52 19.28 -70.76 140.33 -3.30 
346 132450 90 90 90 90 90 90 90 90 90 90 90 90 90 90 90 90 90 90 90 90 90 90 90 90 -0.21 -1.23 0.89 0.10 0.39 0.71 29.61 18.90 -84.64 142.65 -3.27 
347 133047 90 90 90 90 90 90 90 90 90 90 90 90 90 90 90 90 90 90 90 90 90 90 90 90 0.08 -0.27 0.67 -0.04 0.69 -1.06 29.52 19.44 -101.48 146.79 -3.20 
348 133540 90 90 90 90 90 90 90 90 90 90 90 90 90 90 90 90 90 90 90 90 90 90 90 90 0.07 -1.81 1.02 0.35 0.25 1.58 29.66 19.42 -115.89 147.92 -3.23 
349 134010 90 90 90 90 90 90 90 90 90 90 90 90 90 90 90 90 90 90 90 90 90 90 90 90 0.37 -2.59 1.10 0.29 0.21 1.49 29.47 18.90 -126.72 136.18 -3.25 
350 134306 90 90 90 90 90 90 90 90 90 90 90 90 90 90 90 90 90 90 90 90 90 90 90 90 0.57 -1.78 0.52 -1.25 0.90 1.04 29.61 18.90 -131.61 148.19 -3.38 
351 134719 90 90 90 90 90 90 90 90 90 90 90 90 90 90 90 90 90 90 90 90 90 90 90 90 0.37 -2.02 0.52 -0.36 0.45 2.46 29.61 19.42 -108.59 135.08 -3.31 
352 135235 90 90 90 90 90 90 90 90 90 90 90 90 90 90 90 90 90 90 90 90 90 90 90 90 0.36 -0.12 -1.10 -1.40 0.99 0.51 29.57 18.90 -144.62 156.16 -3.26 
353 135614 90 90 90 90 90 90 90 90 90 90 90 90 90 90 90 90 90 90 90 90 90 90 90 90 -0.06 -1.75 1.53 -0.00 0.36 1.83 29.66 18.90 -125.10 147.08 -3.37 
354 136062 90 90 90 90 90 90 90 90 90 90 90 90 90 90 90 90 90 90 90 90 90 90 90 90 -0.77 1.69 -0.76 -0.40 0.83 -1.70 29.57 18.90 -144.51 160.17 -3.21 
355 136315 90 90 90 90 90 90 90 90 90 90 90 90 90 90 90 90 90 90 90 90 90 90 90 90 -1.48 3.53 0.37 -1.01 1.09 -2.64 29.61 18.90 -126.81 151.75 -3.18 
356 136602 90 90 90 90 90 90 90 90 90 90 90 90 90 90 90 90 90 90 90 90 90 90 90 90 -0.74 2.22 -0.38 -0.76 1.17 -2.92 29.61 18.90 -110.27 146.98 -2.95 
357 136936 90 90 90 90 90 90 90 90 90 90 90 90 90 90 90 90 90 90 90 90 90 90 90 90 0.51 -1.02 0.03 -1.20 0.94 0.63 29.52 18.79 -133.26 156.27 -2.90 
358 137060 90 90 90 90 90 90 90 90 90 90 90 90 90 90 90 90 90 90 90 90 90 90 90 90 0.63 -0.77 -0.50 -1.18 0.84 0.72 29.75 19.26 -135.88 157.38 -3.03 
359 137656 90 90 90 90 90 90 90 90 90 90 90 90 90 90 90 90 90 90 90 90 90 90 90 90 0.43 1.64 -1.02 -1.41 1.06 0.74 29.57 18.92 -134.86 167.51 -3.10 
360 138011 90 90 90 90 90 90 90 90 90 90 90 90 90 90 90 90 90 90 90 90 90 90 90 90 -0.58 1.84 -0.20 -0.17 0.86 -2.36 29.66 18.90 -127.70 170.25 -3.09 
361 138564 90 90 90 90 90 90 90 90 90 90 90 90 90 90 90 90 90 90 90 90 90 90 90 90 0.37 -1.93 -1.04 -0.29 0.19 2.72 29.57 19.44 -139.64 173.04 -3.08 
362 139173 90 90 90 90 90 90 90 90 90 90 90 90 90 90 90 90 90 90 90 90 90 90 90 90 0.25 -0.77 0.55 -1.41 1.36 -1.69 29.61 18.90 -128.02 153.32 -3.09 
363 139530 90 90 90 90 90 90 90 90 90 90 90 90 90 90 90 90 90 90 90 90 90 90 90 90 0.54 3.41 -0.55 -0.90 1.11 -3.17 29.52 18.90 -123.16 155.05 -3.08 
364 139897 90 90 90 90 90 90 90 90 90 90 90 90 90 90 90 90 90 90 90 90 90 90 90 90 -0.18 2.07 -0.41 -0.91 1.20 -2.73 29.61 18.90 -125.44 162.95 -3.14 
365 140496 90 90 90 90 90 90 90 90 90 90 90 90 90 90 90 90 90 90 90 90 90 90 90 90 -0.03 0.81 -0.01 -0.06 0.62 -1.35 29.61 19.44 -121.51 165.61 -3.14 
366 140738 90 90 90 90 90 90 90 90 90 90 90 90 90 90 90 90 90 90 90 90 90 90 90 90 0.43 -1.72 1.62 -0.29 0.40 2.91 29.57 19.42 -116.35 168.01 -3.20 
367 140954 90 90 90 90 90 90 90 90 90 90 90 90 90 90 90 90 90 90 90 90 90 90 90 90 -0.03 -0.28 1.08 -0.14 0.65 -1.51 29.57 18.90 -128.25 169.44 -3.12 
368 141288 90 90 90 90 90 90 90 90 90 90 90 90 90 90 90 90 90 90 90 90 90 90 90 90 0.05 -1.19 0.31 0.12 0.24 2.11 29.61 19.42 -124.84 171.64 -3.21 
369 141803 90 90 90 90 90 90 90 90 90 90 90 90 90 90 90 90 90 90 90 90 90 90 90 90 -0.39 1.56 -1.10 -0.62 0.93 -2.79 29.57 19.42 -126.09 167.37 -3.31 
370 142172 90 90 90 90 90 90 90 90 90 90 90 90 90 90 90 90 90 90 90 90 90 90 90 90 -1.61 0.42 -0.84 0.14 0.63 -1.14 29.61 18.79 -110.54 165.68 -3.40 
371 142747 90 90 90 90 90 90 90 90 90 90 90 90 90 90 90 90 90 90 90 90 90 90 90 90 0.20 1.29 -0.17 -0.19 0.84 -2.15 29.61 18.90 -113.57 171.19 -3.30 
372 143056 90 90 90 90 90 90 90 90 90 90 90 90 90 90 90 90 90 90 90 90 90 90 90 90 0.13 -1.09 -0.24 -0.93 0.56 2.12 29.52 18.90 -120.13 172.40 -3.26 
373 143586 90 90 90 90 90 90 90 90 90 90 90 90 90 90 90 90 90 90 90 90 90 90 90 90 -0.06 -0.64 -0.52 -1.38 0.89 1.41 29.61 18.90 -132.08 157.97 -3.39 
374 144151 90 90 90 90 90 90 90 90 90 90 90 90 90 90 90 90 90 90 90 90 90 90 90 90 0.05 2.01 -0.96 -0.86 1.16 -2.63 29.61 18.90 -135.22 157.67 -3.43 
375 144633 90 90 90 90 90 90 90 90 90 90 90 90 90 90 90 90 90 90 90 90 90 90 90 90 -0.22 0.63 -1.31 -1.28 0.96 0.97 29.57 18.90 -135.02 153.38 -3.47 
376 144828 90 90 90 90 90 90 90 90 90 90 90 90 90 90 90 90 90 90 90 90 90 90 90 90 0.32 -0.25 -0.37 0.34 0.29 -0.00 29.61 18.90 -122.87 149.91 -3.63 
377 144976 90 90 90 90 90 90 90 90 90 90 90 90 90 90 90 90 90 90 90 90 90 90 90 90 0.63 -1.05 0.23 -0.62 0.51 2.20 29.57 18.73 -128.04 152.34 -3.62 
378 145410 90 90 90 90 90 90 90 90 90 90 90 90 90 90 90 90 90 90 90 90 90 90 90 90 -0.67 1.96 -0.61 -0.72 1.12 -2.47 29.75 19.42 -138.62 158.05 -3.60 
379 145685 90 90 90 90 90 90 90 90 90 90 90 90 90 90 90 90 90 90 90 90 90 90 90 90 0.37 -0.91 0.81 0.04 0.25 2.21 29.66 18.90 -130.07 162.71 -3.58 
380 145901 90 90 90 90 90 90 90 90 90 90 90 90 90 90 90 90 90 90 90 90 90 90 90 90 0.34 -0.36 0.41 -0.95 0.83 1.76 29.52 18.90 -139.42 165.10 -3.67 
381 146013 90 90 90 90 90 90 90 90 90 90 90 90 90 90 90 90 90 90 90 90 90 90 90 90 0.46 -1.55 1.28 -0.21 0.28 2.47 29.61 18.73 -140.74 165.33 -3.55 
382 146458 90 90 90 90 90 90 90 90 90 90 90 90 90 90 90 90 90 90 90 90 90 90 90 90 0.14 0.42 0.18 -0.06 0.54 -1.39 29.61 18.90 -150.21 159.70 -3.31 
383 146790 90 90 90 90 90 90 90 90 90 90 90 90 90 90 90 90 90 90 90 90 90 90 90 90 0.84 -1.61 0.95 0.13 0.17 2.46 29.57 19.42 -126.74 152.11 -3.43 
384 147027 90 90 90 90 90 90 90 90 90 90 90 90 90 90 90 90 90 90 90 90 90 90 90 90 -0.44 -1.41 0.53 0.31 0.33 -0.03 29.57 18.90 -107.22 144.96 -3.51 
385 147176 90 90 90 90 90 90 90 90 90 90 90 90 90 90 90 90 90 90 90 90 90 90 90 90 -0.09 -2.41 0.47 0.13 0.21 2.00 29.57 18.73 -106.89 140.92 -3.51 
386 147517 90 90 90 90 90 90 90 90 90 90 90 90 90 90 90 90 90 90 90 90 90 90 90 90 -0.21 0.77 0.64 0.31 0.27 0.43 29.66 18.90 -107.20 128.00 -3.57 
387 147755 90 90 90 90 90 90 90 90 90 90 90 90 90 90 90 90 90 90 90 90 90 90 90 90 -0.33 -0.02 -1.04 -1.29 0.82 1.67 29.52 18.90 -117.36 133.08 -3.41 
388 148089 90 90 90 90 90 90 90 90 90 90 90 90 90 90 90 90 90 90 90 90 90 90 90 90 -0.35 -1.51 1.01 -0.52 0.42 2.50 29.61 18.90 -116.38 130.35 -3.45 
389 148641 90 90 90 90 90 90 90 90 90 90 90 90 90 90 90 90 90 90 90 90 90 90 90 90 -0.15 -2.02 0.55 0.01 0.21 2.47 29.61 18.90 -118.77 133.70 -3.37 
390 148950 90 90 90 90 90 90 90 90 90 90 90 90 90 90 90 90 90 90 90 90 90 90 90 90 0.54 0.65 -1.31 -1.45 1.35 -1.12 29.61 18.90 -113.19 134.80 -3.46 
391 149201 90 90 90 90 90 90 90 90 90 90 90 90 90 90 90 90 90 90 90 90 90 90 90 90 1.03 -3.58 0.18 -0.21 0.46 2.64 29.57 18.90 -122.70 126.84 -3.52 
392 149499 90 90 90 90 90 90 90 90 90 90 90 90 90 90 90 90 90 90 90 90 90 90 90 90 0.13 1.21 0.47 0.06 0.54 -1.52 29.66 18.90 -127.23 129.17 -3.66 
393 150072 90 90 90 90 90 90 90 90 90 90 90 90 90 90 90 90 90 90 90 90 90 90 90 90 0.37 -1.06 0.40 -0.66 0.46 2.38 29.61 19.42 -115.86 147.47 -3.58 
394 150300 90 90 90 90 90 90 90 90 90 90 90 90 90 90 90 90 90 90 90 90 90 90 90 90 0.66 -1.69 1.42 -0.03 0.24 1.69 29.61 18.90 -102.91 153.63 -3.63 
395 150656 90 90 90 90 90 90 90 90 90 90 90 90 90 90 90 90 90 90 90 90 90 90 90 90 0.29 -1.19 2.08 -0.38 0.46 2.25 29.61 18.95 -119.66 150.24 -3.65 
396 151229 90 90 90 90 90 90 90 90 90 90 90 90 90 90 90 90 90 90 90 90 90 90 90 90 0.31 -0.53 0.46 0.15 0.34 1.13 29.66 18.90 -112.03 152.89 -3.73 
397 151456 90 90 90 90 90 90 90 90 90 90 90 90 90 90 90 90 90 90 90 90 90 90 90 90 -0.90 1.39 -0.12 -0.18 0.78 -2.40 29.57 18.90 -119.74 157.46 -3.61 
398 151640 90 90 90 90 90 90 90 90 90 90 90 90 90 90 90 90 90 90 90 90 90 90 90 90 0.23 1.88 0.20 -0.27 0.96 -2.35 29.61 18.90 -128.10 159.96 -3.60 
399 152144 90 90 90 90 90 90 90 90 90 90 90 90 90 90 90 90 90 90 90 90 90 90 90 90 -0.04 -1.63 0.67 0.18 0.39 -1.36 29.57 19.42 -125.93 151.98 -3.65 
400 152489 90 90 90 90 90 90 90 90 90 90 90 90 90 90 90 90 90 90 90 90 90 90 90 90 -0.26 0.20 -0.52 -0.96 0.74 2.23 29.66 18.90 -124.52 160.26 -3.66 
401 152880 90 90 90 90 90 90 90 90 90 90 90 90 90 90 90 90 90 90 90 90 90 90 90 90 -0.71 2.16 -0.90 -1.29 1.23 -2.22 29.52 18.90 -103.05 166.31 -3.77 
402 153028 90 90 90 90 90 90 90 90 90 90 90 90 90 90 90 90 90 90 90 90 90 90 90 90 0.10 -2.31 -0.20 -1.46 1.16 0.78 29.61 18.75 -103.08 160.37 -3.69 
403 153532 90 90 90 90 90 90 90 90 90 90 90 90 90 90 90 90 90 90 90 90 90 90 90 90 0.16 -0.19 1.01 0.15 0.29 0.72 29.71 19.44 -113.33 149.11 -3.60 
404 154117 90 90 90 90 90 90 90 90 90 90 90 90 90 90 90 90 90 90 90 90 90 90 90 90 1.23 -1.29 1.39 0.37 0.27 0.48 29.57 18.77 -119.77 135.87 -3.51 
405 154344 90 90 90 90 90 90 90 90 90 90 90 90 90 90 90 90 90 90 90 90 90 90 90 90 -1.26 0.17 0.70 0.21 0.42 -0.03 29.57 18.90 -125.06 136.98 -3.55 
406 154860 90 90 90 90 90 90 90 90 90 90 90 90 90 90 90 90 90 90 90 90 90 90 90 90 -0.70 1.67 -1.22 -1.42 1.24 -0.56 29.71 18.79 -132.60 142.46 -3.60 
407 154986 90 90 90 90 90 90 90 90 90 90 90 90 90 90 90 90 90 90 90 90 90 90 90 90 -0.21 -0.41 0.11 -1.03 1.04 0.54 29.57 19.15 -135.42 144.49 -3.65 
408 155351 90 90 90 90 90 90 90 90 90 90 90 90 90 90 90 90 90 90 90 90 90 90 90 90 0.02 2.98 -0.17 -1.51 1.21 -2.12 29.66 19.42 -121.61 132.72 -3.79 
409 155510 90 90 90 90 90 90 90 90 90 90 90 90 90 90 90 90 90 90 90 90 90 90 90 90 0.39 0.91 -0.44 -0.85 0.91 1.59 29.57 18.73 -114.47 137.53 -3.87 
410 155993 90 90 90 90 90 90 90 90 90 90 90 90 90 90 90 90 90 90 90 90 90 90 90 90 0.43 -0.82 -0.14 -1.10 0.96 1.20 29.71 19.42 -130.23 122.36 -3.88 
411 156268 90 90 90 90 90 90 90 90 90 90 90 90 90 90 90 90 90 90 90 90 90 90 90 90 -0.61 1.61 -0.56 -0.65 0.81 -2.22 29.71 19.04 -130.44 117.95 -3.82 
412 156602 90 90 90 90 90 90 90 90 90 90 90 90 90 90 90 90 90 90 90 90 90 90 90 90 -0.35 2.10 0.40 -0.36 0.68 -2.13 29.66 19.13 -141.66 108.09 -3.85 
413 157084 90 90 90 90 90 90 90 90 90 90 90 90 90 90 90 90 90 90 90 90 90 90 90 90 0.42 -1.67 0.95 0.41 0.26 1.09 29.66 18.90 -140.27 98.76 -3.84 
414 157668 90 90 90 90 90 90 90 90 90 90 90 90 90 90 90 90 90 90 90 90 90 90 90 90 0.58 -1.48 0.24 -1.11 0.88 0.99 29.75 19.04 -133.12 112.86 -3.88 
415 157965 90 90 90 90 90 90 90 90 90 90 90 90 90 90 90 90 90 90 90 90 90 90 90 90 -0.42 1.91 -0.53 -1.48 1.32 -1.13 29.66 19.42 -128.42 125.69 -3.97 
416 158287 90 90 90 90 90 90 90 90 90 90 90 90 90 90 90 90 90 90 90 90 90 90 90 90 0.19 0.31 0.44 -0.15 0.70 -1.39 29.57 19.42 -127.24 142.45 -4.01 
417 158770 90 90 90 90 90 90 90 90 90 90 90 90 90 90 90 90 90 90 90 90 90 90 90 90 -0.01 -1.93 0.49 -0.28 0.36 2.48 29.61 18.90 -143.63 158.63 -4.13 
418 158929 90 90 90 90 90 90 90 90 90 90 90 90 90 90 90 90 90 90 90 90 90 90 90 90 -0.42 1.35 0.26 0.05 0.51 -1.33 29.52 19.28 -133.76 153.63 -4.04 
419 159411 90 90 90 90 90 90 90 90 90 90 90 90 90 90 90 90 90 90 90 90 90 90 90 90 -0.47 1.90 -0.73 -1.20 1.26 -1.77 29.66 19.42 -125.68 157.51 -3.98 
420 159537 90 90 90 90 90 90 90 90 90 90 90 90 90 90 90 90 90 90 90 90 90 90 90 90 0.25 -0.09 0.24 -1.43 1.20 -1.86 29.61 19.28 -121.72 158.71 -4.02 
421 159902 90 90 90 90 90 90 90 90 90 90 90 90 90 90 90 90 90 90 90 90 90 90 90 90 -0.48 2.14 0.12 -0.59 0.94 -2.87 29.52 18.90 -124.92 164.57 -4.16 
422 160131 90 90 90 90 90 90 90 90 90 90 90 90 90 90 90 90 90 90 90 90 90 90 90 90 -0.38 1.93 -0.78 -1.23 1.30 -1.94 29.61 19.19 -110.04 159.76 -4.24 
423 160315 90 90 90 90 90 90 90 90 90 90 90 90 90 90 90 90 90 90 90 90 90 90 90 90 0.13 0.88 0.64 -0.60 0.94 -2.84 29.66 18.90 -113.64 154.98 -4.32 
424 160485 90 90 90 90 90 90 90 90 90 90 90 90 90 90 90 90 90 90 90 90 90 90 90 90 -0.03 1.14 -0.12 -0.04 0.52 -1.54 29.57 18.90 -115.13 150.54 -4.21 
425 161027 90 90 90 90 90 90 90 90 90 90 90 90 90 90 90 90 90 90 90 90 90 90 90 90 0.61 -1.09 0.29 -0.31 0.50 2.60 29.66 19.06 -122.06 144.77 -4.21 
426 161301 90 90 90 90 90 90 90 90 90 90 90 90 90 90 90 90 90 90 90 90 90 90 90 90 0.58 -2.27 0.67 -0.50 0.59 2.50 29.61 18.90 -131.39 153.33 -4.20 
427 161471 90 90 90 90 90 90 90 90 90 90 90 90 90 90 90 90 90 90 90 90 90 90 90 90 -0.15 -1.61 0.43 0.23 0.40 -0.07 29.57 18.90 -124.20 149.58 -4.27 
428 161746 90 90 90 90 90 90 90 90 90 90 90 90 90 90 90 90 90 90 90 90 90 90 90 90 0.07 -1.99 0.50 0.28 0.25 1.27 29.80 18.90 -132.88 143.28 -4.29 
429 161858 90 90 90 90 90 90 90 90 90 90 90 90 90 90 90 90 90 90 90 90 90 90 90 90 0.25 -1.61 0.67 0.17 0.44 -0.46 29.66 19.28 -134.51 137.38 -4.26 
430 162498 90 90 90 90 90 90 90 90 90 90 90 90 90 90 90 90 90 90 90 90 90 90 90 90 0.61 0.68 -0.14 -1.44 1.18 0.28 29.61 18.90 -130.36 130.91 -4.41 
431 162646 90 90 90 90 90 90 90 90 90 90 90 90 90 90 90 90 90 90 90 90 90 90 90 90 -0.01 -2.10 0.70 -1.16 0.97 0.96 29.57 19.28 -134.84 135.11 -4.25 
432 162814 90 90 90 90 90 90 90 90 90 90 90 90 90 90 90 90 90 90 90 90 90 90 90 90 -0.15 0.77 0.26 -0.62 1.10 -2.84 29.57 18.73 -139.49 132.74 -4.16 
433 163124 90 90 90 90 90 90 90 90 90 90 90 90 90 90 90 90 90 90 90 90 90 90 90 90 -0.01 -1.31 0.89 -1.38 1.07 0.84 29.57 19.42 -131.60 140.97 -4.22 
434 163376 90 90 90 90 90 90 90 90 90 90 90 90 90 90 90 90 90 90 90 90 90 90 90 90 0.60 -1.81 1.83 0.22 0.29 1.67 29.66 18.90 -135.65 136.78 -4.10 
435 163892 90 90 90 90 90 90 90 90 90 90 90 90 90 90 90 90 90 90 90 90 90 90 90 90 0.48 0.28 -0.79 -1.17 0.82 1.59 29.66 18.90 -147.69 157.00 -4.04 
436 164339 90 90 90 90 90 90 90 90 90 90 90 90 90 90 90 90 90 90 90 90 90 90 90 90 -0.06 -0.22 0.29 -0.18 0.77 -2.17 29.61 18.90 -144.85 165.45 -3.99 
437 164696 90 90 90 90 90 90 90 90 90 90 90 90 90 90 90 90 90 90 90 90 90 90 90 90 0.48 0.48 0.50 0.23 0.26 1.91 29.61 19.42 -134.61 169.10 -3.90 
438 164933 90 90 90 90 90 90 90 90 90 90 90 90 90 90 90 90 90 90 90 90 90 90 90 90 -0.12 -0.62 0.70 0.01 0.56 -0.27 29.66 19.42 -144.43 164.24 -3.92 
439 165323 90 90 90 90 90 90 90 90 90 90 90 90 90 90 90 90 90 90 90 90 90 90 90 90 0.92 -0.41 0.15 -1.01 0.67 2.07 29.61 19.42 -135.88 147.01 -4.01 
440 165539 90 90 90 90 90 90 90 90 90 90 90 90 90 90 90 90 90 90 90 90 90 90 90 90 1.03 -0.74 -0.64 -1.25 0.88 1.74 29.61 18.90 -131.63 146.39 -4.08 
441 166092 90 90 90 90 90 90 90 90 90 90 90 90 90 90 90 90 90 90 90 90 90 90 90 90 0.39 0.42 0.89 -0.02 0.54 -0.98 29.66 18.88 -132.45 155.71 -4.07 
442 166540 90 90 90 90 90 90 90 90 90 90 90 90 90 90 90 90 90 90 90 90 90 90 90 90 -0.30 2.20 -0.38 -0.81 1.06 -2.31 29.61 19.42 -125.77 153.96 -4.00 
443 167128 90 90 90 90 90 90 90 90 90 90 90 90 90 90 90 90 90 90 90 90 90 90 90 90 -0.58 0.48 0.41 0.19 0.44 -0.48 29.71 18.90 -125.76 162.06 -4.02 
444 167401 90 90 90 90 90 90 90 90 90 90 90 90 90 90 90 90 90 90 90 90 90 90 90 90 -0.48 1.82 0.02 -1.44 1.23 -0.69 29.61 18.84 -133.02 152.32 -3.94 
445 167780 90 90 90 90 90 90 90 90 90 90 90 90 90 90 90 90 90 90 90 90 90 90 90 90 0.78 -1.38 0.76 -1.13 0.88 2.38 29.66 18.77 -129.54 149.03 -3.84 
446 168123 90 90 90 90 90 90 90 90 90 90 90 90 90 90 90 90 90 90 90 90 90 90 90 90 0.80 -1.31 1.16 0.26 0.26 1.75 29.66 18.79 -112.07 152.59 -3.97 
447 168685 90 90 90 90 90 90 90 90 90 90 90 90 90 90 90 90 90 90 90 90 90 90 90 90 -0.53 1.73 -0.76 -0.46 0.85 -2.61 29.61 18.90 -118.31 156.41 -3.92 
448 168973 90 90 90 90 90 90 90 90 90 90 90 90 90 90 90 90 90 90 90 90 90 90 90 90 -0.44 1.01 0.78 -0.06 0.51 -1.05 29.61 19.42 -117.98 155.48 -3.94 
449 169525 90 90 90 90 90 90 90 90 90 90 90 90 90 90 90 90 90 90 90 90 90 90 90 90 0.10 -1.77 -0.18 -1.32 0.96 1.34 29.66 19.20 -124.39 166.35 -3.97 
450 169718 90 90 90 90 90 90 90 90 90 90 90 90 90 90 90 90 90 90 90 90 90 90 90 90 -0.56 -2.12 0.05 -0.36 0.38 2.36 29.61 19.31 -133.10 167.83 -3.91 
451 169959 90 90 90 90 90 90 90 90 90 90 90 90 90 90 90 90 90 90 90 90 90 90 90 90 0.23 -2.56 0.43 -0.80 0.78 1.63 29.71 19.42 -124.41 157.09 -3.86 
452 170256 90 90 90 90 90 90 90 90 90 90 90 90 90 90 90 90 90 90 90 90 90 90 90 90 0.10 1.39 -0.23 -1.47 1.06 0.97 29.66 19.42 -127.74 162.77 -3.93 
453 170692 90 90 90 90 90 90 90 90 90 90 90 90 90 90 90 90 90 90 90 90 90 90 90 90 0.49 -0.62 0.64 -1.45 1.33 -0.28 29.66 19.42 -127.20 158.82 -3.80 
454 170909 90 90 90 90 90 90 90 90 90 90 90 90 90 90 90 90 90 90 90 90 90 90 90 90 0.22 -2.31 1.08 0.18 0.27 1.04 29.66 18.90 -117.56 161.79 -3.69 
455 171413 90 90 90 90 90 90 90 90 90 90 90 90 90 90 90 90 90 90 90 90 90 90 90 90 0.49 -2.06 1.30 0.05 0.18 2.62 29.57 19.42 -121.55 164.24 -3.73 
456 171744 90 90 90 90 90 90 90 90 90 90 90 90 90 90 90 90 90 90 90 90 90 90 90 90 -0.04 -2.21 1.50 -0.98 0.64 2.50 29.61 18.90 -117.31 149.92 -3.78 
457 172284 90 90 90 90 90 90 90 90 90 90 90 90 90 90 90 90 90 90 90 90 90 90 90 90 0.42 -1.19 -0.73 -1.33 1.06 0.94 29.66 18.90 -119.60 146.22 -3.68 
458 172768 90 90 90 90 90 90 90 90 90 90 90 90 90 90 90 90 90 90 90 90 90 90 90 90 -0.52 2.27 -0.29 -1.28 1.34 -2.06 29.52 19.39 -108.85 145.27 -3.79 
459 172894 90 90 90 90 90 90 90 90 90 90 90 90 90 90 90 90 90 90 90 90 90 90 90 90 -0.22 1.67 -0.76 -1.46 1.25 -0.33 29.66 18.90 -112.91 147.31 -3.75 
460 173351 90 90 90 90 90 90 90 90 90 90 90 90 90 90 90 90 90 90 90 90 90 90 90 90 0.17 0.77 -0.38 -1.15 0.95 1.36 29.57 19.42 -114.71 149.87 -3.60 
461 173845 90 90 90 90 90 90 90 90 90 90 90 90 90 90 90 90 90 90 90 90 90 90 90 90 0.02 -1.95 0.50 0.11 0.36 0.21 29.66 18.90 -141.36 162.31 -3.56 
462 173957 90 90 90 90 90 90 90 90 90 90 90 90 90 90 90 90 90 90 90 90 90 90 90 90 0.43 0.04 -0.88 -1.44 1.26 -0.73 29.75 18.73 -135.84 162.74 -3.71 
463 174183 90 90 90 90 90 90 90 90 90 90 90 90 90 90 90 90 90 90 90 90 90 90 90 90 1.29 -0.80 0.92 -0.26 0.42 2.46 29.61 18.88 -135.85 164.58 -3.87 
464 174456 90 90 90 90 90 90 90 90 90 90 90 90 90 90 90 90 90 90 90 90 90 90 90 90 -0.58 -1.89 0.95 0.11 0.24 2.34 29.66 18.90 -135.13 160.33 -4.00 
465 174766 90 90 90 90 90 90 90 90 90 90 90 90 90 90 90 90 90 90 90 90 90 90 90 90 0.65 -1.37 0.17 -0.95 0.61 2.28 29.61 18.90 -137.02 159.47 -4.09 
466 175051 90 90 90 90 90 90 90 90 90 90 90 90 90 90 90 90 90 90 90 90 90 90 90 90 -0.15 -1.99 0.79 -0.12 0.32 2.57 29.61 19.42 -136.13 158.58 -4.01 
467 175488 90 90 90 90 90 90 90 90 90 90 90 90 90 90 90 90 90 90 90 90 90 90 90 90 0.31 -1.63 0.49 0.23 0.33 1.98 29.66 18.90 -124.29 148.28 -4.01 
468 175680 90 90 90 90 90 90 90 90 90 90 90 90 90 90 90 90 90 90 90 90 90 90 90 90 -0.71 1.52 -0.52 -0.46 0.88 -2.69 29.57 18.90 -126.96 152.65 -4.08 
469 176279 90 90 90 90 90 90 90 90 90 90 90 90 90 90 90 90 90 90 90 90 90 90 90 90 0.03 1.72 0.14 -0.22 0.95 -2.57 29.66 18.90 -134.22 152.78 -4.03 
470 176738 90 90 90 90 90 90 90 90 90 90 90 90 90 90 90 90 90 90 90 90 90 90 90 90 0.23 -1.43 0.49 -0.48 0.40 2.42 29.61 18.90 -132.07 158.71 -3.96 
471 177311 90 90 90 90 90 90 90 90 90 90 90 90 90 90 90 90 90 90 90 90 90 90 90 90 -0.35 2.33 -0.01 -0.68 1.03 -2.60 29.61 19.42 -134.66 155.95 -3.97 
472 177437 90 90 90 90 90 90 90 90 90 90 90 90 90 90 90 90 90 90 90 90 90 90 90 90 0.20 -1.15 1.34 0.09 0.43 -1.70 29.71 18.75 -130.31 157.04 -4.00 
473 177732 90 90 90 90 90 90 90 90 90 90 90 90 90 90 90 90 90 90 90 90 90 90 90 90 -0.19 -1.93 0.75 0.14 0.40 1.00 29.66 19.42 -130.13 154.56 -4.13 
474 178040 90 90 90 90 90 90 90 90 90 90 90 90 90 90 90 90 90 90 90 90 90 90 90 90 0.26 -2.09 0.90 -0.05 0.31 1.77 29.61 18.90 -120.90 161.31 -4.19 
475 178372 90 90 90 90 90 90 90 90 90 90 90 90 90 90 90 90 90 90 90 90 90 90 90 90 -0.10 -1.05 1.18 -0.07 0.22 2.17 29.66 19.04 -118.65 166.55 -4.20 
476 178498 90 90 90 90 90 90 90 90 90 90 90 90 90 90 90 90 90 90 90 90 90 90 90 90 -0.32 1.07 -1.33 -0.99 1.23 -2.55 29.61 18.73 -122.25 167.26 -4.17 
477 178852 90 90 90 90 90 90 90 90 90 90 90 90 90 90 90 90 90 90 90 90 90 90 90 90 0.63 -0.48 -0.50 -1.26 1.27 -1.11 29.57 18.90 -126.48 159.59 -4.00 
478 179359 90 90 90 90 90 90 90 90 90 90 90 90 90 90 90 90 90 90 90 90 90 90 90 90 0.00 0.31 0.73 0.12 0.26 1.46 29.71 19.42 -127.31 162.10 -4.09 
479 179551 90 90 90 90 90 90 90 90 90 90 90 90 90 90 90 90 90 90 90 90 90 90 90 90 -0.87 1.32 -0.50 -0.30 0.77 -2.35 29.61 18.90 -122.70 164.41 -4.15 
480 179977 90 90 90 90 90 90 90 90 90 90 90 90 90 90 90 90 90 90 90 90 90 90 90 90 -0.21 1.44 -0.75 -1.14 1.27 -1.91 29.66 19.04 -120.10 163.25 -4.20 
481 180507 90 90 90 90 90 90 90 90 90 90 90 90 90 90 90 90 90 90 90 90 90 90 90 90 0.28 -1.14 0.29 -1.48 1.20 1.16 29.61 18.97 -117.95 161.19 -4.31 
482 180954 90 90 90 90 90 90 90 90 90 90 90 90 90 90 90 90 90 90 90 90 90 90 90 90 -0.12 0.56 -1.53 -0.90 1.15 -2.38 29.66 19.04 -117.00 163.54 -4.25 
483 181299 90 90 90 90 90 90 90 90 90 90 90 90 90 90 90 90 90 90 90 90 90 90 90 90 -0.06 1.00 -0.50 -1.35 1.15 0.75 29.66 18.90 -120.99 167.86 -4.35 
484 181679 90 90 90 90 90 90 90 90 90 90 90 90 90 90 90 90 90 90 90 90 90 90 90 90 0.11 -1.67 0.73 -0.00 0.20 1.37 29.66 19.42 -113.54 164.84 -4.27 
485 181803 90 90 90 90 90 90 90 90 90 90 90 90 90 90 90 90 90 90 90 90 90 90 90 90 -0.64 1.99 -0.73 -1.04 1.16 -2.20 29.61 18.73 -110.00 158.37 -4.23 
486 182284 90 90 90 90 90 90 90 90 90 90 90 90 90 90 90 90 90 90 90 90 90 90 90 90 0.74 -1.87 1.60 0.10 0.30 1.57 29.71 18.90 -106.20 150.33 -4.17 
487 182810 90 90 90 90 90 90 90 90 90 90 90 90 90 90 90 90 90 90 90 90 90 90 90 90 -0.35 0.43 0.23 -1.39 1.26 0.30 29.57 19.20 -115.26 163.64 -4.10 
488 183038 90 90 90 90 90 90 90 90 90 90 90 90 90 90 90 90 90 90 90 90 90 90 90 90 0.19 -0.13 0.26 0.27 0.36 -1.18 29.61 18.90 -121.69 166.19 -4.03 
489 183439 90 90 90 90 90 90 90 90 90 90 90 90 90 90 90 90 90 90 90 90 90 90 90 90 0.40 1.50 -0.70 -0.75 1.25 -2.19 29.71 18.90 -133.45 169.91 -4.08 
490 184038 90 90 90 90 90 90 90 90 90 90 90 90 90 90 90 90 90 90 90 90 90 90 90 90 -0.13 0.14 -1.07 -1.49 1.14 0.95 29.61 19.42 -148.84 154.62 -3.94 
491 184198 90 90 90 90 90 90 90 90 90 90 90 90 90 90 90 90 90 90 90 90 90 90 90 90 -0.62 0.91 -0.23 0.16 0.64 -1.94 29.66 18.90 -145.37 150.05 -3.91 
492 184611 90 90 90 90 90 90 90 90 90 90 90 90 90 90 90 90 90 90 90 90 90 90 90 90 0.58 -1.57 0.47 -0.34 0.35 0.78 29.61 19.42 -148.69 149.62 -3.93 
493 184931 90 90 90 90 90 90 90 90 90 90 90 90 90 90 90 90 90 90 90 90 90 90 90 90 -0.65 0.78 -0.21 0.13 0.72 -2.48 29.57 19.42 -158.15 140.54 -4.08 
494 185438 90 90 90 90 90 90 90 90 90 90 90 90 90 90 90 90 90 90 90 90 90 90 90 90 0.31 1.26 -1.04 -0.37 1.05 -3.20 29.61 19.04 -149.19 147.49 -4.20 
495 185920 90 90 90 90 90 90 90 90 90 90 90 90 90 90 90 90 90 90 90 90 90 90 90 90 0.25 -0.79 0.31 0.17 0.30 0.47 29.71 18.90 -134.49 154.05 -4.11 
496 186159 90 90 90 90 90 90 90 90 90 90 90 90 90 90 90 90 90 90 90 90 90 90 90 90 0.66 -1.89 1.08 -0.35 0.41 2.52 29.61 19.19 -137.24 147.01 -4.07 
497 186663 90 90 90 90 90 90 90 90 90 90 90 90 90 90 90 90 90 90 90 90 90 90 90 90 -0.21 0.22 1.30 0.21 0.17 0.52 29.66 18.88 -131.68 152.67 -4.16 
498 187167 90 90 90 90 90 90 90 90 90 90 90 90 90 90 90 90 90 90 90 90 90 90 90 90 0.98 -1.25 -0.12 -1.09 0.71 2.38 29.61 18.90 -130.72 158.50 -4.03 
499 187281 90 90 90 90 90 90 90 90 90 90 90 90 90 90 90 90 90 90 90 90 90 90 90 90 0.63 -2.24 0.78 -0.67 0.51 2.51 29.66 18.73 -132.47 158.81 -3.97 
500 187875 90 90 90 90 90 90 90 90 90 90 90 90 90 90 90 90 90 90 90 90 90 90 90 90 -0.33 1.20 0.37 -0.36 0.84 -2.51 29.57 19.42 -122.46 168.01 -4.11 
501 188231 90 90 90 90 90 90 90 90 90 90 90 90 90 90 90 90 90 90 90 90 90 90 90 90 0.52 -1.46 1.18 -0.08 0.23 2.34 29.66 19.42 -113.46 165.46 -4.13 
502 188679 90 90 90 90 90 90 90 90 90 90 90 90 90 90 90 90 90 90 90 90 90 90 90 90 0.20 -0.30 -1.08 -0.97 0.62 1.82 29.57 19.04 -122.75 165.53 -4.12 
503 189161 90 90 90 90 90 90 90 90 90 90 90 90 90 90 90 90 90 90 90 90 90 90 90 90 0.43 0.04 -0.63 -1.41 1.33 -0.29 29.57 18.90 -121.95 170.05 -4.19 
504 189286 90 90 90 90 90 90 90 90 90 90 90 90 90 90 90 90 90 90 90 90 90 90 90 90 0.68 -1.38 1.66 0.13 0.27 0.56 29.61 18.63 -118.02 162.98 -4.17 
505 189672 90 90 90 90 90 90 90 90 90 90 90 90 90 90 90 90 90 90 90 90 90 90 90 90 0.26 -1.64 -0.05 -1.49 1.15 0.10 29.66 18.90 -116.58 156.80 -4.30 
506 190247 90 90 90 90 90 90 90 90 90 90 90 90 90 90 90 90 90 90 90 90 90 90 90 90 0.66 -2.13 0.17 -0.85 0.66 2.47 29.61 19.42 -116.26 161.88 -4.24 
507 190429 90 90 90 90 90 90 90 90 90 90 90 90 90 90 90 90 90 90 90 90 90 90 90 90 -0.32 -1.14 0.78 -0.26 0.43 2.19 29.71 18.90 -119.09 163.88 -4.37 
508 190669 90 90 90 90 90 90 90 90 90 90 90 90 90 90 90 90 90 90 90 90 90 90 90 90 -0.10 -0.50 -0.47 -1.20 1.26 -1.64 29.66 18.90 -126.25 160.60 -4.38 
509 190958 90 90 90 90 90 90 90 90 90 90 90 90 90 90 90 90 90 90 90 90 90 90 90 90 -0.44 2.45 -0.58 -0.29 0.82 -2.61 29.57 19.44 -116.46 158.37 -4.39 
510 191431 90 90 90 90 90 90 90 90 90 90 90 90 90 90 90 90 90 90 90 90 90 90 90 90 -0.30 1.46 -0.46 -1.37 1.23 -1.66 29.66 19.20 -124.19 160.67 -4.41 
511 191765 90 90 90 90 90 90 90 90 90 90 90 90 90 90 90 90 90 90 90 90 90 90 90 90 -0.35 -0.39 -0.17 -1.05 0.53 2.18 29.57 19.42 -130.56 165.45 -4.50 
512 192202 90 90 90 90 90 90 90 90 90 90 90 90 90 90 90 90 90 90 90 90 90 90 90 90 0.05 0.25 1.62 0.07 0.37 -0.30 29.66 18.90 -140.89 152.49 -4.54 
513 192372 90 90 90 90 90 90 90 90 90 90 90 90 90 90 90 90 90 90 90 90 90 90 90 90 -0.47 1.43 -0.01 -1.09 1.22 -1.38 29.66 18.90 -138.94 149.30 -4.41 
514 192763 90 90 90 90 90 90 90 90 90 90 90 90 90 90 90 90 90 90 90 90 90 90 90 90 -0.39 -1.38 -0.49 -0.51 0.37 1.58 29.75 19.33 -139.64 153.63 -4.45 
515 193155 90 90 90 90 90 90 90 90 90 90 90 90 90 90 90 90 90 90 90 90 90 90 90 90 0.72 0.14 -0.29 -1.38 1.28 -0.70 29.66 18.90 -136.12 162.35 -4.49 
516 193719 90 90 90 90 90 90 90 90 90 90 90 90 90 90 90 90 90 90 90 90 90 90 90 90 0.89 0.78 -0.12 -1.45 1.27 0.71 29.66 19.42 -133.09 157.70 -4.39 
517 193981 90 90 90 90 90 90 90 90 90 90 90 90 90 90 90 90 90 90 90 90 90 90 90 90 0.90 -0.73 -0.11 -1.05 0.75 2.17 29.61 19.33 -132.00 149.42 -4.35 
518 194395 90 90 90 90 90 90 90 90 90 90 90 90 90 90 90 90 90 90 90 90 90 90 90 90 0.42 -0.97 1.02 0.14 0.44 -0.66 29.61 18.90 -121.61 151.03 -4.24 
519 194899 90 90 90 90 90 90 90 90 90 90 90 90 90 90 90 90 90 90 90 90 90 90 90 90 0.42 -2.18 1.12 -0.42 0.37 2.22 29.66 19.31 -123.57 146.51 -4.18 
520 195404 90 90 90 90 90 90 90 90 90 90 90 90 90 90 90 90 90 90 90 90 90 90 90 90 -0.87 1.49 -0.21 -0.64 1.15 -2.70 29.75 19.31 -122.09 154.33 -4.32 
521 195854 90 90 90 90 90 90 90 90 90 90 90 90 90 90 90 90 90 90 90 90 90 90 90 90 0.28 1.20 -0.73 -1.56 1.41 0.75 29.66 18.90 -121.29 146.72 -4.30 
522 196024 90 90 90 90 90 90 90 90 90 90 90 90 90 90 90 90 90 90 90 90 90 90 90 90 0.54 -0.33 0.93 0.19 0.32 0.84 29.61 18.90 -121.57 143.83 -4.22 
523 196412 90 90 90 90 90 90 90 90 90 90 90 90 90 90 90 90 90 90 90 90 90 90 90 90 0.07 -1.73 0.14 -1.49 1.23 -0.29 29.61 19.42 -118.12 145.40 -4.20 
524 196606 90 90 90 90 90 90 90 90 90 90 90 90 90 90 90 90 90 90 90 90 90 90 90 90 -0.27 0.94 -0.61 -1.45 1.29 -0.38 29.66 19.02 -121.23 150.24 -4.19 
525 197102 90 90 90 90 90 90 90 90 90 90 90 90 90 90 90 90 90 90 90 90 90 90 90 90 0.23 2.17 0.20 -1.81 1.08 -0.29 29.66 19.42 -134.08 145.37 -4.24 
526 197596 90 90 90 90 90 90 90 90 90 90 90 90 90 90 90 90 90 90 90 90 90 90 90 90 -0.82 1.20 -1.02 -1.30 1.22 -1.19 29.66 18.90 -129.10 132.72 -4.16 
527 197917 90 90 90 90 90 90 90 90 90 90 90 90 90 90 90 90 90 90 90 90 90 90 90 90 0.52 -0.47 0.95 0.20 0.31 -0.13 29.71 18.99 -134.55 134.30 -4.23 
528 198214 90 90 90 90 90 90 90 90 90 90 90 90 90 90 90 90 90 90 90 90 90 90 90 90 0.63 -0.93 -0.01 -1.47 1.11 1.01 29.66 18.90 -128.69 146.52 -4.41 
529 198720 90 90 90 90 90 90 90 90 90 90 90 90 90 90 90 90 90 90 90 90 90 90 90 90 0.42 -1.19 1.01 0.04 0.30 1.39 29.61 19.42 -128.13 161.54 -4.28 
530 199132 90 90 90 90 90 90 90 90 90 90 90 90 90 90 90 90 90 90 90 90 90 90 90 90 0.61 -1.38 -0.08 -0.77 0.53 2.51 29.75 18.90 -138.24 152.09 -4.23 
531 199604 90 90 90 90 90 90 90 90 90 90 90 90 90 90 90 90 90 90 90 90 90 90 90 90 0.23 -1.86 0.89 -0.89 0.67 2.38 29.71 18.90 -127.83 154.00 -4.19 
532 199982 90 90 90 90 90 90 90 90 90 90 90 90 90 90 90 90 90 90 90 90 90 90 90 90 0.49 0.66 0.12 -1.39 1.43 -1.23 29.66 19.42 -103.56 150.02 -4.29 
533 200198 90 90 90 90 90 90 90 90 90 90 90 90 90 90 90 90 90 90 90 90 90 90 90 90 0.20 1.72 -0.46 -1.11 1.22 -2.32 29.75 18.90 -112.17 148.70 -4.20 
534 200392 90 90 90 90 90 90 90 90 90 90 90 90 90 90 90 90 90 90 90 90 90 90 90 90 -0.07 -0.77 1.21 0.16 0.36 -0.64 29.66 18.93 -116.37 146.54 -4.14 
535 200748 90 90 90 90 90 90 90 90 90 90 90 90 90 90 90 90 90 90 90 90 90 90 90 90 0.07 0.23 0.41 -0.46 0.89 -2.55 29.71 19.08 -122.87 151.00 -4.16 
536 201252 90 90 90 90 90 90 90 90 90 90 90 90 90 90 90 90 90 90 90 90 90 90 90 90 0.36 -0.38 0.73 0.16 0.40 -0.71 29.61 19.31 -124.55 137.69 -4.14 
537 201573 90 90 90 90 90 90 90 90 90 90 90 90 90 90 90 90 90 90 90 90 90 90 90 90 0.05 0.97 -1.36 -0.97 1.19 -2.20 29.71 18.88 -123.55 138.31 -4.16 
538 201721 90 90 90 90 90 90 90 90 90 90 90 90 90 90 90 90 90 90 90 90 90 90 90 90 0.72 -2.10 0.26 -0.54 0.39 2.96 29.61 18.90 -121.58 141.89 -4.10 
539 202234 90 90 90 90 90 90 90 90 90 90 90 90 90 90 90 90 90 90 90 90 90 90 90 90 -0.27 -2.02 1.59 -0.88 0.59 2.24 29.61 18.90 -121.65 144.25 -4.24 
540 202614 90 90 90 90 90 90 90 90 90 90 90 90 90 90 90 90 90 90 90 90 90 90 90 90 -0.48 1.53 -0.37 -0.99 1.25 -1.75 29.80 18.90 -117.52 147.37 -4.18 
541 203109 90 90 90 90 90 90 90 90 90 90 90 90 90 90 90 90 90 90 90 90 90 90 90 90 -0.41 1.41 0.35 -0.88 1.19 -2.48 29.75 18.90 -133.47 149.93 -4.20 
542 203292 90 90 90 90 90 90 90 90 90 90 90 90 90 90 90 90 90 90 90 90 90 90 90 90 -0.52 1.36 -1.05 -1.23 1.32 -0.74 29.66 18.90 -133.10 146.68 -4.22 
543 203707 90 90 90 90 90 90 90 90 90 90 90 90 90 90 90 90 90 90 90 90 90 90 90 90 -0.29 1.43 -0.87 -0.39 0.94 -2.75 29.66 18.90 -142.57 159.32 -4.31 
544 203925 90 90 90 90 90 90 90 90 90 90 90 90 90 90 90 90 90 90 90 90 90 90 90 90 -0.36 -1.37 0.49 0.09 0.52 -1.16 29.75 18.90 -137.00 162.44 -4.48 
545 204108 90 90 90 90 90 90 90 90 90 90 90 90 90 90 90 90 90 90 90 90 90 90 90 90 0.00 -1.11 1.33 0.20 0.50 -1.34 29.75 18.90 -136.72 157.75 -4.57 
546 204555 90 90 90 90 90 90 90 90 90 90 90 90 90 90 90 90 90 90 90 90 90 90 90 90 0.66 0.72 -0.99 -1.52 1.14 1.12 29.75 19.42 -129.00 154.07 -4.57 
547 205083 90 90 90 90 90 90 90 90 90 90 90 90 90 90 90 90 90 90 90 90 90 90 90 90 0.81 -1.48 0.49 -0.23 0.31 2.52 29.66 19.42 -130.72 149.63 -4.65 
548 205531 90 90 90 90 90 90 90 90 90 90 90 90 90 90 90 90 90 90 90 90 90 90 90 90 -0.29 0.89 0.12 -0.76 1.04 -2.54 29.66 18.90 -125.67 149.17 -4.79 
549 205690 90 90 90 90 90 90 90 90 90 90 90 90 90 90 90 90 90 90 90 90 90 90 90 90 0.92 -0.80 1.25 0.31 0.22 0.02 29.61 18.75 -131.49 144.77 -4.79 
550 205825 90 90 90 90 90 90 90 90 90 90 90 90 90 90 90 90 90 90 90 90 90 90 90 90 0.37 -1.41 0.05 -1.11 0.69 2.43 29.61 19.28 -134.87 140.30 -4.72 
551 206004 90 90 90 90 90 90 90 90 90 90 90 90 90 90 90 90 90 90 90 90 90 90 90 90 0.10 0.98 -0.59 -1.26 1.17 -0.59 29.71 18.90 -133.06 144.61 -4.79 
552 206441 90 90 90 90 90 90 90 90 90 90 90 90 90 90 90 90 90 90 90 90 90 90 90 90 0.19 -2.18 0.37 -0.86 0.53 2.36 29.66 18.90 -132.31 142.00 -4.77 
553 206981 90 90 90 90 90 90 90 90 90 90 90 90 90 90 90 90 90 90 90 90 90 90 90 90 -0.56 0.45 0.03 -1.50 1.06 1.40 29.71 19.44 -127.47 136.81 -4.72 
554 207417 90 90 90 90 90 90 90 90 90 90 90 90 90 90 90 90 90 90 90 90 90 90 90 90 -0.18 -0.15 -0.58 -1.50 1.35 -1.50 29.61 18.90 -122.24 134.04 -4.71 
555 207947 90 90 90 90 90 90 90 90 90 90 90 90 90 90 90 90 90 90 90 90 90 90 90 90 0.26 0.39 -1.62 -1.10 1.28 -2.09 29.66 19.42 -107.05 136.65 -4.84 
556 208326 90 90 90 90 90 90 90 90 90 90 90 90 90 90 90 90 90 90 90 90 90 90 90 90 0.19 -1.64 0.26 -0.44 0.49 2.44 29.71 18.90 -110.52 130.95 -4.82 
557 208889 90 90 90 90 90 90 90 90 90 90 90 90 90 90 90 90 90 90 90 90 90 90 90 90 0.43 -0.39 0.53 -0.21 0.32 2.29 29.61 19.44 -117.59 125.25 -4.82 
558 209094 90 90 90 90 90 90 90 90 90 90 90 90 90 90 90 90 90 90 90 90 90 90 90 90 0.55 -1.14 -0.72 -1.59 1.30 -0.68 29.75 19.06 -122.22 134.51 -4.86 
559 209451 90 90 90 90 90 90 90 90 90 90 90 90 90 90 90 90 90 90 90 90 90 90 90 90 -0.77 2.16 -0.38 -0.92 1.14 -2.37 29.71 19.42 -137.72 140.14 -4.79 
560 209830 90 90 90 90 90 90 90 90 90 90 90 90 90 90 90 90 90 90 90 90 90 90 90 90 0.66 -0.28 -0.08 -1.46 1.33 -0.27 29.61 19.42 -121.98 142.15 -4.80 
561 209991 90 90 90 90 90 90 90 90 90 90 90 90 90 90 90 90 90 90 90 90 90 90 90 90 0.78 -1.61 0.99 -1.14 0.80 2.13 29.66 18.75 -121.58 138.94 -4.86 
562 210231 90 90 90 90 90 90 90 90 90 90 90 90 90 90 90 90 90 90 90 90 90 90 90 90 -0.32 0.68 -1.30 -1.54 1.16 0.96 29.66 19.42 -127.58 134.78 -4.84 
563 210610 90 90 90 90 90 90 90 90 90 90 90 90 90 90 90 90 90 90 90 90 90 90 90 90 0.54 -1.72 -0.08 -1.43 1.05 1.54 29.75 18.95 -131.21 122.45 -4.87 
564 210977 90 90 90 90 90 90 90 90 90 90 90 90 90 90 90 90 90 90 90 90 90 90 90 90 -0.84 1.14 -0.92 -1.41 1.23 -1.39 29.61 18.90 -116.54 119.56 -5.00 
565 211543 90 90 90 90 90 90 90 90 90 90 90 90 90 90 90 90 90 90 90 90 90 90 90 90 -0.06 -1.67 0.95 -0.46 0.51 2.39 29.80 18.90 -121.04 124.86 -4.93 
566 212129 90 90 90 90 90 90 90 90 90 90 90 90 90 90 90 90 90 90 90 90 90 90 90 90 -0.16 -0.68 -0.49 -1.24 1.12 1.14 29.66 19.01 -135.10 139.01 -5.03 
567 212440 90 90 90 90 90 90 90 90 90 90 90 90 90 90 90 90 90 90 90 90 90 90 90 90 0.17 -0.48 0.44 0.04 0.60 -1.54 29.75 18.92 -131.21 132.71 -5.04 
568 212633 90 90 90 90 90 90 90 90 90 90 90 90 90 90 90 90 90 90 90 90 90 90 90 90 0.32 1.38 -1.14 -1.04 1.06 -2.95 29.66 18.90 -132.76 133.31 -5.11 
569 213185 90 90 90 90 90 90 90 90 90 90 90 90 90 90 90 90 90 90 90 90 90 90 90 90 0.34 -1.52 1.86 -0.63 0.55 2.29 29.71 19.06 -121.24 136.16 -5.15 
570 213609 90 90 90 90 90 90 90 90 90 90 90 90 90 90 90 90 90 90 90 90 90 90 90 90 -0.12 1.70 -0.23 -1.17 1.19 -1.81 29.66 18.90 -116.65 131.33 -5.14 
571 214000 90 90 90 90 90 90 90 90 90 90 90 90 90 90 90 90 90 90 90 90 90 90 90 90 0.68 0.20 0.23 0.21 0.39 -0.61 29.80 18.92 -104.76 120.15 -5.15 
572 214123 90 90 90 90 90 90 90 90 90 90 90 90 90 90 90 90 90 90 90 90 90 90 90 90 0.10 -1.29 1.50 -0.42 0.29 2.22 29.66 18.99 -95.18 123.45 -5.33 
573 214682 90 90 90 90 90 90 90 90 90 90 90 90 90 90 90 90 90 90 90 90 90 90 90 90 0.05 -1.75 -0.30 -0.63 0.48 2.44 29.80 18.90 -112.30 134.72 -5.28 
574 214934 90 90 90 90 90 90 90 90 90 90 90 90 90 90 90 90 90 90 90 90 90 90 90 90 -0.55 0.95 -0.78 -0.98 1.12 -2.00 29.66 19.44 -116.23 125.13 -5.38 
575 215198 90 90 90 90 90 90 90 90 90 90 90 90 90 90 90 90 90 90 90 90 90 90 90 90 -0.01 0.91 -1.07 -1.38 1.05 1.45 29.75 19.42 -125.91 138.17 -5.44 
576 215497 90 90 90 90 90 90 90 90 90 90 90 90 90 90 90 90 90 90 90 90 90 90 90 90 0.34 -0.51 -0.87 -1.40 1.24 1.37 29.66 18.90 -128.52 137.43 -5.51 
577 215692 90 90 90 90 90 90 90 90 90 90 90 90 90 90 90 90 90 90 90 90 90 90 90 90 -0.41 2.05 0.03 -0.60 0.96 -2.74 29.71 19.42 -129.82 130.77 -5.39 
578 216071 90 90 90 90 90 90 90 90 90 90 90 90 90 90 90 90 90 90 90 90 90 90 90 90 1.15 -1.77 -0.03 -1.43 1.19 1.00 29.71 18.90 -125.17 131.92 -5.33 
579 216323 90 90 90 90 90 90 90 90 90 90 90 90 90 90 90 90 90 90 90 90 90 90 90 90 0.54 -0.47 0.06 -1.52 1.19 0.12 29.66 18.90 -131.74 135.53 -5.38 
580 216735 90 90 90 90 90 90 90 90 90 90 90 90 90 90 90 90 90 90 90 90 90 90 90 90 -0.24 1.29 0.66 -0.83 0.87 -1.57 29.75 18.90 -138.33 142.41 -5.31 
581 217276 90 90 90 90 90 90 90 90 90 90 90 90 90 90 90 90 90 90 90 90 90 90 90 90 0.20 -0.25 0.26 0.03 0.29 1.72 29.71 18.90 -129.56 131.50 -5.17 
582 217664 90 90 90 90 90 90 90 90 90 90 90 90 90 90 90 90 90 90 90 90 90 90 90 90 -0.53 -0.62 1.97 0.12 0.17 1.85 29.75 18.90 -132.46 136.77 -5.30 
583 217869 90 90 90 90 90 90 90 90 90 90 90 90 90 90 90 90 90 90 90 90 90 90 90 90 0.78 -1.48 -0.61 -1.55 1.39 -0.44 29.75 19.31 -126.40 131.09 -5.22 
584 218411 90 90 90 90 90 90 90 90 90 90 90 90 90 90 90 90 90 90 90 90 90 90 90 90 0.19 -1.37 1.12 0.32 0.32 0.26 29.66 19.42 -142.40 123.34 -5.15 
585 218730 90 90 90 90 90 90 90 90 90 90 90 90 90 90 90 90 90 90 90 90 90 90 90 90 0.16 -0.36 1.04 0.17 0.18 0.58 29.71 18.90 -143.22 110.22 -5.15