Accelerometer range set to: +-8G
Gyro range set to: +- 500 deg/s
Filter bandwidth set to: 21 Hz

Robo Inteligente Iniciado

========================================
Calculating gyro offsets
DO NOT MOVE MPU6050...
Done!
X : -2.64
Y : 0.85
Z : 1.36
Program will start after 3 seconds
========================================N T EM1 EM2 EM3 EM4 EM5 EM6 EM7 EM8 EM9 EM10 EM11 EM12 CM1 CM2 CM3 CM4 CM5 CM6 CM7 CM8 CM9 CM10 CM11 CM12 GyX GyY GyZ AcX AcY AcZ Tmp HCSR 
0 8233 90 90 90 90 90 90 90 90 90 90 90 90 90 90 90 90 90 90 90 90 90 90 90 90 -1.32 -0.96 0.41 -0.94 0.77 -0.12 27.78 19.24 190.17 7.05 5.84 
1 8664 90 90 90 90 90 90 90 90 90 90 90 90 90 90 90 90 90 90 90 90 90 90 90 90 0.05 0.59 0.34 -0.80 0.95 0.53 27.78 19.28 101.83 6.74 5.71 
2 9137 90 90 90 90 90 90 90 90 90 90 90 90 90 90 90 90 90 90 90 90 90 90 90 90 -0.35 -0.36 0.38 -0.82 0.96 -0.22 27.82 18.88 49.23 6.63 5.63 
3 9726 90 90 90 90 90 90 90 90 90 90 90 90 90 90 90 90 90 90 90 90 90 90 90 90 0.52 0.16 0.34 -0.89 1.00 0.31 27.73 18.72 17.87 6.54 5.62 
4 10059 90 90 90 90 90 90 90 90 90 90 90 90 90 90 90 90 90 90 90 90 90 90 90 90 0.32 0.04 0.06 -0.81 0.85 -0.02 27.73 18.72 9.98 6.55 5.66 
5 10232 90 90 90 90 90 90 90 90 90 90 90 90 90 90 90 90 90 90 90 90 90 90 90 90 0.57 0.63 0.60 -0.71 0.94 0.02 27.78 19.26 7.84 6.52 5.69 
6 10335 90 90 90 90 90 90 90 90 90 90 90 90 90 90 90 90 90 90 90 90 90 90 90 90 0.02 0.20 0.55 -0.74 0.98 -0.03 27.78 18.57 7.38 6.50 5.70 
7 10897 90 90 90 90 90 90 90 90 90 90 90 90 90 90 90 90 90 90 90 90 90 90 90 90 -0.42 0.07 0.73 -0.81 0.96 -0.72 27.87 19.13 1.29 6.45 5.59 
8 11325 90 90 90 90 90 90 90 90 90 90 90 90 90 90 90 90 90 90 90 90 90 90 90 90 0.87 0.86 0.58 -0.46 0.96 -0.04 27.73 19.24 -1.15 6.47 5.51 
9 11649 90 90 90 90 90 90 90 90 90 90 90 90 90 90 90 90 90 90 90 90 90 90 90 90 0.25 0.07 0.31 -0.71 0.98 0.30 27.68 18.72 -2.17 6.48 5.43 
10 12110 90 90 90 90 90 90 90 90 90 90 90 90 90 90 90 90 90 90 90 90 90 90 90 90 0.08 0.62 0.53 -0.72 0.98 0.01 27.68 19.17 -3.11 6.50 5.46 
11 12226 90 90 90 90 90 90 90 90 90 90 90 90 90 90 90 90 90 90 90 90 90 90 90 90 0.22 -0.09 -0.03 -0.68 0.93 -0.21 27.73 18.57 -3.12 6.49 5.46 
12 12470 90 90 90 90 90 90 90 90 90 90 90 90 90 90 90 90 90 90 90 90 90 90 90 90 0.32 0.14 0.34 -0.97 0.90 0.34 27.78 18.72 -3.38 6.48 5.45 
13 12897 90 90 90 90 90 90 90 90 90 90 90 90 90 90 90 90 90 90 90 90 90 90 90 90 -0.87 -0.47 0.63 -0.82 1.02 -0.17 27.78 18.75 -3.71 6.50 5.44 
14 13062 90 90 90 90 90 90 90 90 90 90 90 90 90 90 90 90 90 90 90 90 90 90 90 90 -0.26 0.17 0.31 -0.77 1.00 -0.19 27.82 18.72 -3.79 6.50 5.48 
15 13273 90 90 90 90 90 90 90 90 90 90 90 90 90 90 90 90 90 90 90 90 90 90 90 90 -0.04 0.05 -0.37 -0.73 0.86 0.15 27.78 19.17 -3.89 6.51 5.46 
16 13541 90 90 90 90 90 90 90 90 90 90 90 90 90 90 90 90 90 90 90 90 90 90 90 90 0.43 -0.01 -0.26 -0.81 0.94 0.08 27.82 19.17 -3.91 6.50 5.47 
17 13995 90 90 90 90 90 90 90 90 90 90 90 90 90 90 90 90 90 90 90 90 90 90 90 90 0.20 0.07 0.35 -0.89 0.96 -0.04 27.78 18.72 -4.04 6.42 5.37 
18 14493 90 90 90 90 90 90 90 90 90 90 90 90 90 90 90 90 90 90 90 90 90 90 90 90 -0.07 -0.21 -0.35 -0.76 0.91 0.02 27.87 18.72 -4.05 6.46 5.32 
19 14866 90 90 90 90 90 90 90 90 90 90 90 90 90 90 90 90 90 90 90 90 90 90 90 90 -0.16 0.23 0.70 -0.75 0.90 -0.27 27.87 19.69 -4.09 6.43 5.34 
20 15447 90 90 90 90 90 90 90 90 90 90 90 90 90 90 90 90 90 90 90 90 90 90 90 90 -0.18 0.20 0.83 -0.88 0.97 0.03 27.78 19.24 -4.11 6.46 5.27 
21 15795 90 90 90 90 90 90 90 90 90 90 90 90 90 90 90 90 90 90 90 90 90 90 90 90 -0.45 0.22 -0.06 -0.94 1.01 -0.35 27.73 18.72 -4.11 6.43 5.26 
22 16306 90 90 90 90 90 90 90 90 90 90 90 90 90 90 90 90 90 90 90 90 90 90 90 90 -0.01 -0.45 -0.01 -0.95 0.86 -0.19 27.82 18.72 -4.09 6.45 5.22 
23 16773 90 90 90 90 90 90 90 90 90 90 90 90 90 90 90 90 90 90 90 90 90 90 90 90 -0.44 -0.10 -0.24 -0.75 0.82 -0.25 27.87 18.72 -4.06 6.53 5.19 
24 16973 90 90 90 90 90 90 90 90 90 90 90 90 90 90 90 90 90 90 90 90 90 90 90 90 0.02 0.25 -0.49 -0.92 0.93 0.17 27.78 18.61 -4.13 6.46 5.15 
25 17183 90 90 90 90 90 90 90 90 90 90 90 90 90 90 90 90 90 90 90 90 90 90 90 90 -0.18 -0.42 -0.12 -0.85 0.99 0.16 27.87 19.24 -4.08 6.51 5.14 
26 17659 90 90 90 90 90 90 90 90 90 90 90 90 90 90 90 90 90 90 90 90 90 90 90 90 -0.15 -0.62 0.00 -0.78 0.88 -0.18 27.78 19.24 -3.97 6.51 5.12 
27 18230 90 90 90 90 90 90 90 90 90 90 90 90 90 90 90 90 90 90 90 90 90 90 90 90 0.28 0.17 -0.55 -0.78 0.93 0.17 27.87 18.72 -4.03 6.46 5.07 
28 18427 90 90 90 90 90 90 90 90 90 90 90 90 90 90 90 90 90 90 90 90 90 90 90 90 0.16 0.08 0.43 -0.84 0.97 0.23 27.82 18.72 -4.06 6.44 5.10 
29 18982 90 90 90 90 90 90 90 90 90 90 90 90 90 90 90 90 90 90 90 90 90 90 90 90 -0.04 -0.51 0.73 -0.81 0.90 0.01 27.87 19.24 -4.05 6.43 5.15 
30 19308 90 90 90 90 90 90 90 90 90 90 90 90 90 90 90 90 90 90 90 90 90 90 90 90 -0.10 -0.57 0.52 -0.81 0.93 -0.30 27.82 18.72 -4.08 6.39 5.10 
31 19415 90 90 90 90 90 90 90 90 90 90 90 90 90 90 90 90 90 90 90 90 90 90 90 90 -0.53 0.02 0.79 -0.84 0.98 -0.40 27.92 18.57 -4.16 6.37 5.14 
32 20062 90 90 90 90 90 90 90 90 90 90 90 90 90 90 90 90 90 90 90 90 90 90 90 90 0.48 -0.47 -0.11 -0.93 0.84 -0.06 27.78 18.86 -4.13 6.43 5.13 
33 20192 90 90 90 90 90 90 90 90 90 90 90 90 90 90 90 90 90 90 90 90 90 90 90 90 0.13 -0.13 0.66 -0.92 0.98 -0.25 27.78 18.57 -4.08 6.46 5.12 
34 20411 90 90 90 90 90 90 90 90 90 90 90 90 90 90 90 90 90 90 90 90 90 90 90 90 0.42 -0.10 0.24 -0.72 0.91 0.10 27.73 19.01 -4.12 6.43 5.11 
35 20724 90 90 90 90 90 90 90 90 90 90 90 90 90 90 90 90 90 90 90 90 90 90 90 90 0.32 -0.62 1.54 -1.05 0.99 -0.31 27.82 18.72 -4.12 6.46 5.10 
36 20912 90 90 90 90 90 90 90 90 90 90 90 90 90 90 90 90 90 90 90 90 90 90 90 90 -0.36 0.04 0.40 -0.56 0.88 -0.05 27.78 19.26 -4.02 6.47 5.21 
37 21434 90 90 90 90 90 90 90 90 90 90 90 90 90 90 90 90 90 90 90 90 90 90 90 90 -0.13 0.23 0.78 -0.74 0.96 0.24 27.82 18.72 -4.02 6.52 5.14 
38 21620 90 90 90 90 90 90 90 90 90 90 90 90 90 90 90 90 90 90 90 90 90 90 90 90 0.11 0.02 -0.06 -0.84 0.91 -0.08 27.82 18.88 -4.02 6.51 5.14 
39 21807 90 90 90 90 90 90 90 90 90 90 90 90 90 90 90 90 90 90 90 90 90 90 90 90 -0.35 0.31 0.43 -0.80 1.00 -0.27 27.82 18.72 -4.03 6.48 5.13 
40 22029 90 90 90 90 90 90 90 90 90 90 90 90 90 90 90 90 90 90 90 90 90 90 90 90 0.32 0.43 0.44 -0.85 0.92 -0.26 27.82 18.72 -4.04 6.52 5.12 
41 22284 90 90 90 90 90 90 90 90 90 90 90 90 90 90 90 90 90 90 90 90 90 90 90 90 0.13 -0.13 0.28 -0.79 0.89 0.43 27.73 18.72 -4.03 6.50 5.11 
42 22794 90 90 90 90 90 90 90 90 90 90 90 90 90 90 90 90 90 90 90 90 90 90 90 90 0.51 0.23 0.23 -0.87 0.92 0.04 27.78 19.69 -4.04 6.49 5.16 
43 23349 90 90 90 90 90 90 90 90 90 90 90 90 90 90 90 90 90 90 90 90 90 90 90 90 0.22 -0.36 -0.20 -0.87 0.99 -0.12 27.92 18.72 -4.08 6.54 5.05 
44 23791 90 90 90 90 90 90 90 90 90 90 90 90 90 90 90 90 90 90 90 90 90 90 90 90 0.02 0.33 0.44 -0.89 1.00 -0.03 27.92 18.68 -4.06 6.58 5.02 
45 23943 90 90 90 90 90 90 90 90 90 90 90 90 90 90 90 90 90 90 90 90 90 90 90 90 -0.33 -0.31 0.03 -0.67 0.84 -0.34 27.82 18.72 -4.05 6.59 5.06 
46 24061 90 90 90 90 90 90 90 90 90 90 90 90 90 90 90 90 90 90 90 90 90 90 90 90 -0.21 0.02 0.26 -0.72 1.00 0.03 27.78 19.10 -4.05 6.55 5.04 
47 24684 90 90 90 90 90 90 90 90 90 90 90 90 90 90 90 90 90 90 90 90 90 90 90 90 0.16 -0.50 0.17 -0.78 0.86 0.38 27.82 18.72 -4.07 6.56 4.98 
48 25102 90 90 90 90 90 90 90 90 90 90 90 90 90 90 90 90 90 90 90 90 90 90 90 90 0.14 -0.25 0.38 -0.85 0.94 -0.17 27.82 18.86 -4.03 6.59 4.98 
49 25681 90 90 90 90 90 90 90 90 90 90 90 90 90 90 90 90 90 90 90 90 90 90 90 90 -0.36 -0.42 -1.08 -0.76 0.90 -0.15 27.87 18.88 -4.01 6.55 4.97 
50 25952 90 90 90 90 90 90 90 90 90 90 90 90 90 90 90 90 90 90 90 90 90 90 90 90 -0.32 -0.21 -0.18 -0.73 0.87 -0.10 27.82 19.24 -4.02 6.54 4.93 
51 26164 90 90 90 90 90 90 90 90 90 90 90 90 90 90 90 90 90 90 90 90 90 90 90 90 0.31 0.07 -0.11 -0.72 1.06 -0.09 27.87 18.86 -4.04 6.57 4.86 
52 26756 90 90 90 90 90 90 90 90 90 90 90 90 90 90 90 90 90 90 90 90 90 90 90 90 0.28 -0.15 -0.06 -0.87 0.88 -0.10 27.82 18.64 -4.05 6.54 4.82 
53 26886 90 90 90 90 90 90 90 90 90 90 90 90 90 90 90 90 90 90 90 90 90 90 90 90 -0.13 -0.27 0.35 -0.76 0.91 -0.30 27.78 19.10 -4.07 6.54 4.83 
54 27302 90 90 90 90 90 90 90 90 90 90 90 90 90 90 90 90 90 90 90 90 90 90 90 90 -0.47 -0.25 -0.32 -0.76 0.97 0.02 27.87 19.24 -4.02 6.50 4.76 
55 27467 90 90 90 90 90 90 90 90 90 90 90 90 90 90 90 90 90 90 90 90 90 90 90 90 -0.36 -0.33 -0.37 -0.71 0.92 0.31 27.87 19.26 -3.99 6.57 4.79 
56 27957 90 90 90 90 90 90 90 90 90 90 90 90 90 90 90 90 90 90 90 90 90 90 90 90 0.25 0.45 0.41 -0.70 0.89 0.12 27.87 18.72 -4.05 6.53 4.73 
57 28385 90 90 90 90 90 90 90 90 90 90 90 90 90 90 90 90 90 90 90 90 90 90 90 90 -0.09 0.17 0.86 -0.75 0.94 0.11 27.97 19.31 -4.16 6.55 4.71 
58 28860 90 90 90 90 90 90 90 90 90 90 90 90 90 90 90 90 90 90 90 90 90 90 90 90 0.20 0.19 0.35 -0.76 0.94 -0.04 27.82 19.17 -4.12 6.48 4.71 
59 29010 90 90 90 90 90 90 90 90 90 90 90 90 90 90 90 90 90 90 90 90 90 90 90 90 -0.07 -0.07 0.21 -0.76 0.97 -0.32 27.92 18.57 -4.06 6.50 4.72 
60 29581 90 90 90 90 90 90 90 90 90 90 90 90 90 90 90 90 90 90 90 90 90 90 90 90 0.13 0.13 0.08 -0.64 0.95 0.14 27.92 19.24 -4.07 6.42 4.75 
61 30101 90 90 90 90 90 90 90 90 90 90 90 90 90 90 90 90 90 90 90 90 90 90 90 90 0.16 0.45 0.46 -0.74 0.88 -0.28 27.87 19.26 -4.07 6.43 4.73 
62 30645 90 90 90 90 90 90 90 90 90 90 90 90 90 90 90 90 90 90 90 90 90 90 90 90 0.00 -0.06 -0.35 -0.91 0.94 -0.30 27.87 18.86 -4.05 6.48 4.68 
63 30752 90 90 90 90 90 90 90 90 90 90 90 90 90 90 90 90 90 90 90 90 90 90 90 90 -0.18 -0.07 0.05 -0.77 0.93 -0.29 27.92 18.57 -4.02 6.47 4.66 
64 31285 90 90 90 90 90 90 90 90 90 90 90 90 90 90 90 90 90 90 90 90 90 90 90 90 0.17 -0.68 -0.12 -0.83 0.92 0.09 27.87 19.24 -4.09 6.42 4.50 
65 31599 90 90 90 90 90 90 90 90 90 90 90 90 90 90 90 90 90 90 90 90 90 90 90 90 0.68 0.69 0.21 -0.87 0.96 0.06 27.78 18.72 6.49 6.31 4.47 
66 32050 90 90 90 90 90 90 90 90 90 90 90 90 90 90 90 90 90 90 90 90 90 90 90 90 4.61 0.94 -0.95 -0.33 1.00 -0.54 27.97 19.62 7.21 7.62 3.94 
67 32536 90 90 90 90 90 90 90 90 90 90 90 90 90 90 90 90 90 90 90 90 90 90 90 90 -0.03 -0.24 0.00 -0.52 0.40 0.05 27.92 18.59 2.97 7.94 3.72 
68 32641 90 90 90 90 90 90 90 90 90 90 90 90 90 90 90 90 90 90 90 90 90 90 90 90 -0.93 -1.66 0.87 -0.71 0.62 -0.22 27.92 18.44 2.58 7.93 3.68 
69 33102 90 90 90 90 90 90 90 90 90 90 90 90 90 90 90 90 90 90 90 90 90 90 90 90 2.26 -0.42 -1.07 -0.45 0.61 -0.27 27.92 19.04 0.71 7.69 3.52 
70 33336 90 90 90 90 90 90 90 90 90 90 90 90 90 90 90 90 90 90 90 90 90 90 90 90 2.13 0.11 -0.70 -0.39 0.66 -0.05 27.92 19.11 0.20 7.58 3.40 
71 33603 90 90 90 90 90 90 90 90 90 90 90 90 90 90 90 90 90 90 90 90 90 90 90 90 -4.73 -5.75 0.40 -0.40 0.44 0.33 27.82 19.11 -0.93 7.01 3.39 
72 33778 90 90 90 90 90 90 90 90 90 90 90 90 90 90 90 90 90 90 90 90 90 90 90 90 -6.94 -2.80 1.71 -0.60 0.62 0.26 27.87 18.73 -1.70 6.76 3.47 
73 34070 90 90 90 90 90 90 90 90 90 90 90 90 90 90 90 90 90 90 90 90 90 90 90 90 14.11 10.56 0.24 -1.07 0.99 0.19 27.97 19.26 -1.82 6.96 3.48 
74 34338 90 90 90 90 90 90 90 90 90 90 90 90 90 90 90 90 90 90 90 90 90 90 90 90 -0.12 1.15 1.82 -0.39 0.56 -0.02 27.92 18.72 -2.30 7.49 4.28 
75 34526 90 90 90 90 90 90 90 90 90 90 90 90 90 90 90 90 90 90 90 90 90 90 90 90 0.32 -1.09 -0.24 -0.75 0.57 -0.46 27.82 19.26 -2.40 7.52 4.61 
76 34771 90 90 90 90 90 90 90 90 90 90 90 90 90 90 90 90 90 90 90 90 90 90 90 90 0.00 0.01 -0.15 -0.60 0.79 -0.39 27.97 18.73 -2.49 7.38 4.51 
77 34947 90 90 90 90 90 90 90 90 90 90 90 90 90 90 90 90 90 90 90 90 90 90 90 90 0.57 -0.28 0.05 -0.66 0.81 -0.11 27.97 18.77 -2.47 7.36 4.50 
78 35204 90 90 90 90 90 90 90 90 90 90 90 90 90 90 90 90 90 90 90 90 90 90 90 90 0.19 -0.22 0.52 -0.84 0.73 -0.26 27.87 19.17 -2.59 7.34 4.51 
79 35610 90 90 90 90 90 90 90 90 90 90 90 90 90 90 90 90 90 90 90 90 90 90 90 90 0.08 -0.30 0.32 -0.65 0.71 0.07 27.97 18.72 -2.73 7.19 4.44 
80 35900 90 90 90 90 90 90 90 90 90 90 90 90 90 90 90 90 90 90 90 90 90 90 90 90 0.23 -0.76 -1.19 -0.47 0.66 -0.05 27.97 18.61 -2.80 7.11 4.42 
81 36112 90 90 90 90 90 90 90 90 90 90 90 90 90 90 90 90 90 90 90 90 90 90 90 90 0.65 -0.22 0.49 -0.59 0.60 -0.18 27.97 18.72 -2.92 7.16 4.33 
82 36622 90 90 90 90 90 90 90 90 90 90 90 90 90 90 90 90 90 90 90 90 90 90 90 90 0.75 0.46 0.11 -0.65 0.65 -0.12 27.87 19.17 -2.88 7.15 4.32 
83 37040 90 90 90 90 90 90 90 90 90 90 90 90 90 90 90 90 90 90 90 90 90 90 90 90 0.07 -0.15 0.26 -0.62 0.66 0.13 27.92 18.72 -2.87 7.16 4.36 
84 37225 90 90 90 90 90 90 90 90 90 90 90 90 90 90 90 90 90 90 90 90 90 90 90 90 -0.07 -0.42 -0.58 -0.72 0.76 -0.23 27.97 18.88 -2.88 7.16 4.34 
85 37808 90 90 90 90 90 90 90 90 90 90 90 90 90 90 90 90 90 90 90 90 90 90 90 90 -0.04 -0.04 0.87 -0.68 0.75 -0.18 27.82 18.88 -2.97 7.14 4.27 
86 37914 90 90 90 90 90 90 90 90 90 90 90 90 90 90 90 90 90 90 90 90 90 90 90 90 0.23 -0.28 0.09 -0.57 0.68 -0.30 27.92 19.10 -3.00 7.13 4.25 
87 38330 90 90 90 90 90 90 90 90 90 90 90 90 90 90 90 90 90 90 90 90 90 90 90 90 -0.10 0.02 0.76 -0.69 0.72 0.07 27.87 19.58 -2.93 7.07 4.26 
88 38621 90 90 90 90 90 90 90 90 90 90 90 90 90 90 90 90 90 90 90 90 90 90 90 90 1.39 -0.48 -0.20 -0.69 0.82 0.09 27.92 19.51 -2.89 7.04 4.27 
89 39050 90 90 90 90 90 90 90 90 90 90 90 90 90 90 90 90 90 90 90 90 90 90 90 90 -0.04 0.52 0.29 -0.71 0.75 0.30 27.97 19.24 -2.88 7.01 4.23 
90 39409 90 90 90 90 90 90 90 90 90 90 90 90 90 90 90 90 90 90 90 90 90 90 90 90 -0.32 -0.24 -0.32 -0.55 0.68 -0.14 27.97 18.72 -2.83 7.06 4.17 
91 39911 90 90 90 90 90 90 90 90 90 90 90 90 90 90 90 90 90 90 90 90 90 90 90 90 0.00 -0.07 0.61 -0.68 0.65 0.41 27.92 19.24 -2.79 7.15 4.15 
92 40131 90 90 90 90 90 90 90 90 90 90 90 90 90 90 90 90 90 90 90 90 90 90 90 90 -0.55 -0.22 -0.70 -0.65 0.69 -0.02 27.92 19.10 -2.78 7.16 4.18 
93 40528 90 90 90 90 90 90 90 90 90 90 90 90 90 90 90 90 90 90 90 90 90 90 90 90 -0.18 -0.47 0.66 -0.68 0.72 -0.14 27.92 18.86 -2.80 7.11 4.18 
94 40785 90 90 90 90 90 90 90 90 90 90 90 90 90 90 90 90 90 90 90 90 90 90 90 90 0.14 0.13 1.05 -0.60 0.64 -0.21 27.97 19.13 -2.82 7.12 4.18 
95 41191 90 90 90 90 90 90 90 90 90 90 90 90 90 90 90 90 90 90 90 90 90 90 90 90 -0.44 1.39 0.95 -0.52 0.75 -0.27 27.82 19.17 -2.85 7.15 4.21 
96 41424 90 90 90 90 90 90 90 90 90 90 90 90 90 90 90 90 90 90 90 90 90 90 90 90 -0.26 0.33 0.18 -0.65 0.79 -0.03 27.92 18.72 -2.87 7.13 4.15 
97 41866 90 90 90 90 90 90 90 90 90 90 90 90 90 90 90 90 90 90 90 90 90 90 90 90 0.87 0.07 -0.05 -0.74 0.82 -0.09 27.92 19.69 -2.89 7.09 4.16 
98 42435 90 90 90 90 90 90 90 90 90 90 90 90 90 90 90 90 90 90 90 90 90 90 90 90 -0.59 -0.67 -0.27 -0.68 0.73 -0.17 27.97 18.72 -2.93 7.10 4.08 
99 42867 90 90 90 90 90 90 90 90 90 90 90 90 90 90 90 90 90 90 90 90 90 90 90 90 -0.01 0.17 0.44 -0.73 0.77 -0.05 27.97 18.88 -2.94 7.08 4.11 
100 43297 90 90 90 90 90 90 90 90 90 90 90 90 90 90 90 90 90 90 90 90 90 90 90 90 0.71 0.62 0.29 -0.75 0.78 0.06 28.06 19.15 -2.90 7.06 4.10 
101 43507 90 90 90 90 90 90 90 90 90 90 90 90 90 90 90 90 90 90 90 90 90 90 90 90 0.32 -0.16 0.43 -0.55 0.64 -0.02 27.92 18.88 -2.94 7.07 4.09 
102 44019 90 90 90 90 90 90 90 90 90 90 90 90 90 90 90 90 90 90 90 90 90 90 90 90 0.25 0.43 0.61 -0.66 0.74 0.02 27.97 19.69 -2.94 7.15 4.14 
103 44391 90 90 90 90 90 90 90 90 90 90 90 90 90 90 90 90 90 90 90 90 90 90 90 90 0.05 -0.10 0.50 -0.58 0.71 -0.02 27.97 19.69 -2.99 7.17 4.10 
104 44672 90 90 90 90 90 90 90 90 90 90 90 90 90 90 90 90 90 90 90 90 90 90 90 90 -0.38 0.68 -0.53 -0.61 0.77 -0.40 27.92 19.17 -2.94 7.15 4.17 
105 44791 90 90 90 90 90 90 90 90 90 90 90 90 90 90 90 90 90 90 90 90 90 90 90 90 -0.04 -0.16 -0.09 -0.79 0.65 -0.19 28.01 19.01 -2.97 7.13 4.09 
106 45315 90 90 90 90 90 90 90 90 90 90 90 90 90 90 90 90 90 90 90 90 90 90 90 90 0.11 0.33 0.46 -0.74 0.80 -0.23 27.97 19.17 -2.90 7.13 4.11 
107 45559 90 90 90 90 90 90 90 90 90 90 90 90 90 90 90 90 90 90 90 90 90 90 90 90 -0.42 0.19 -0.17 -0.81 0.69 -0.21 27.97 19.15 -2.90 7.16 4.08 
108 46003 90 90 90 90 90 90 90 90 90 90 90 90 90 90 90 90 90 90 90 90 90 90 90 90 -0.84 0.34 0.20 -0.62 0.73 -0.42 28.06 19.01 -2.90 7.06 4.01 
109 46260 90 90 90 90 90 90 90 90 90 90 90 90 90 90 90 90 90 90 90 90 90 90 90 90 0.22 0.60 0.20 -0.63 0.86 -0.06 27.92 19.24 -2.92 7.03 4.02 
110 46436 90 90 90 90 90 90 90 90 90 90 90 90 90 90 90 90 90 90 90 90 90 90 90 90 0.20 -0.67 0.35 -0.62 0.77 0.01 27.92 19.24 -2.94 7.07 4.01 
111 46600 90 90 90 90 90 90 90 90 90 90 90 90 90 90 90 90 90 90 90 90 90 90 90 90 -0.45 -0.42 0.14 -0.67 0.70 -0.33 28.06 18.72 -2.90 7.08 3.97 
112 47135 90 90 90 90 90 90 90 90 90 90 90 90 90 90 90 90 90 90 90 90 90 90 90 90 -0.32 -0.73 -0.21 -0.64 0.77 -0.16 27.97 18.72 -2.89 7.16 3.87 
113 47268 90 90 90 90 90 90 90 90 90 90 90 90 90 90 90 90 90 90 90 90 90 90 90 90 0.52 -0.50 0.41 -0.68 0.73 0.17 27.97 19.10 -2.91 7.08 3.84 
114 47614 90 90 90 90 90 90 90 90 90 90 90 90 90 90 90 90 90 90 90 90 90 90 90 90 0.13 0.11 0.67 -0.69 0.85 -0.34 27.97 18.72 -2.92 7.11 3.81 
115 47790 90 90 90 90 90 90 90 90 90 90 90 90 90 90 90 90 90 90 90 90 90 90 90 90 -0.45 0.20 0.24 -0.64 0.72 -0.26 28.01 19.69 -2.93 7.14 3.80 
116 48105 90 90 90 90 90 90 90 90 90 90 90 90 90 90 90 90 90 90 90 90 90 90 90 90 0.28 -0.51 0.21 -0.50 0.67 0.12 27.97 19.17 -2.86 7.16 3.83 
117 48697 90 90 90 90 90 90 90 90 90 90 90 90 90 90 90 90 90 90 90 90 90 90 90 90 -0.04 -0.44 0.06 -0.61 0.73 -0.26 28.01 19.30 -2.90 7.08 3.79 
118 49072 90 90 90 90 90 90 90 90 90 90 90 90 90 90 90 90 90 90 90 90 90 90 90 90 0.29 0.23 0.57 -0.68 0.74 -0.11 27.97 19.31 -2.95 7.03 3.79 
119 49386 90 90 90 90 90 90 90 90 90 90 90 90 90 90 90 90 90 90 90 90 90 90 90 90 -0.36 0.04 0.35 -0.67 0.69 -0.31 28.06 19.68 -2.92 7.02 3.73 
120 49828 90 90 90 90 90 90 90 90 90 90 90 90 90 90 90 90 90 90 90 90 90 90 90 90 0.11 -0.18 0.24 -0.63 0.76 -0.19 28.01 19.64 -2.95 7.03 3.74 
121 50202 90 90 90 90 90 90 90 90 90 90 90 90 90 90 90 90 90 90 90 90 90 90 90 90 -0.52 -0.88 0.12 -0.74 0.86 -0.12 28.06 19.17 -2.94 7.08 3.73 
122 50310 90 90 90 90 90 90 90 90 90 90 90 90 90 90 90 90 90 90 90 90 90 90 90 90 -0.21 0.11 -0.06 -0.65 0.64 -0.09 28.01 19.17 -2.93 7.06 3.66 
123 50902 90 90 90 90 90 90 90 90 90 90 90 90 90 90 90 90 90 90 90 90 90 90 90 90 0.22 0.28 0.26 -0.58 0.78 -0.24 27.97 19.69 -3.02 7.03 3.65 
124 51065 90 90 90 90 90 90 90 90 90 90 90 90 90 90 90 90 90 90 90 90 90 90 90 90 0.58 0.66 0.66 -0.68 0.69 0.03 27.92 19.17 -3.00 7.02 3.69 
125 51391 90 90 90 90 90 90 90 90 90 90 90 90 90 90 90 90 90 90 90 90 90 90 90 90 -0.52 -0.28 -0.12 -0.57 0.86 0.06 28.06 19.26 -3.06 7.02 3.67 
126 51915 90 90 90 90 90 90 90 90 90 90 90 90 90 90 90 90 90 90 90 90 90 90 90 90 0.03 0.02 -0.72 -0.59 0.79 0.04 27.97 19.17 -2.99 7.02 3.70 
127 52022 90 90 90 90 90 90 90 90 90 90 90 90 90 90 90 90 90 90 90 90 90 90 90 90 0.13 -0.39 -0.06 -0.81 0.68 -0.19 27.97 19.53 -3.00 7.04 3.71 
128 52173 90 90 90 90 90 90 90 90 90 90 90 90 90 90 90 90 90 90 90 90 90 90 90 90 -0.18 0.30 -0.29 -0.57 0.80 -0.24 27.97 18.41 -3.01 7.03 3.67 
129 52337 90 90 90 90 90 90 90 90 90 90 90 90 90 90 90 90 90 90 90 90 90 90 90 90 0.00 -0.16 0.18 -0.62 0.71 0.03 28.06 18.57 -3.01 7.08 3.73 
130 52637 90 90 90 90 90 90 90 90 90 90 90 90 90 90 90 90 90 90 90 90 90 90 90 90 0.31 0.22 0.47 -0.66 0.78 -0.09 28.15 19.15 -2.99 7.09 3.74 
131 52790 90 90 90 90 90 90 90 90 90 90 90 90 90 90 90 90 90 90 90 90 90 90 90 90 -0.13 0.42 -0.24 -0.49 0.78 -0.12 28.06 19.53 -2.99 7.03 3.76 
132 52956 90 90 90 90 90 90 90 90 90 90 90 90 90 90 90 90 90 90 90 90 90 90 90 90 -0.48 0.49 -0.58 -0.59 0.70 -0.08 27.92 19.17 -2.98 7.05 3.81 
133 53134 90 90 90 90 90 90 90 90 90 90 90 90 90 90 90 90 90 90 90 90 90 90 90 90 1.12 0.10 -0.41 -0.67 0.77 0.12 28.01 19.69 -2.99 7.04 3.84 
134 53379 90 90 90 90 90 90 90 90 90 90 90 90 90 90 90 90 90 90 90 90 90 90 90 90 0.05 0.05 -0.09 -0.68 0.79 0.20 27.97 19.17 -3.00 7.02 3.77 
135 53902 90 90 90 90 90 90 90 90 90 90 90 90 90 90 90 90 90 90 90 90 90 90 90 90 -0.16 -0.22 -0.14 -0.69 0.78 -0.05 28.06 18.72 -2.96 7.05 3.74 
136 54370 90 90 90 90 90 90 90 90 90 90 90 90 90 90 90 90 90 90 90 90 90 90 90 90 0.45 0.08 -0.24 -0.58 0.78 0.00 27.97 18.72 -2.99 7.09 3.69 
137 54603 90 90 90 90 90 90 90 90 90 90 90 90 90 90 90 90 90 90 90 90 90 90 90 90 -0.30 0.02 0.28 -0.71 0.70 -0.03 28.06 19.15 -3.01 7.03 3.67 
138 54873 90 90 90 90 90 90 90 90 90 90 90 90 90 90 90 90 90 90 90 90 90 90 90 90 -0.73 -0.21 0.61 -0.64 0.68 -0.21 28.06 19.69 -3.03 7.04 3.65 
139 55374 90 90 90 90 90 90 90 90 90 90 90 90 90 90 90 90 90 90 90 90 90 90 90 90 -0.44 -0.15 0.12 -0.48 0.78 -0.15 28.06 19.69 -2.98 7.02 3.69 
140 55645 90 90 90 90 90 90 90 90 90 90 90 90 90 90 90 90 90 90 90 90 90 90 90 90 -0.47 -0.59 0.26 -0.54 0.70 -0.08 28.06 19.69 -3.02 7.01 3.75 
141 55753 90 90 90 90 90 90 90 90 90 90 90 90 90 90 90 90 90 90 90 90 90 90 90 90 0.03 -0.13 0.03 -0.76 0.73 -0.06 28.01 19.55 -2.99 7.01 3.76 
142 56054 90 90 90 90 90 90 90 90 90 90 90 90 90 90 90 90 90 90 90 90 90 90 90 90 -0.33 -0.50 -0.17 -0.76 0.76 -0.19 28.01 19.31 -3.06 7.02 3.68 
143 56302 90 90 90 90 90 90 90 90 90 90 90 90 90 90 90 90 90 90 90 90 90 90 90 90 -0.10 -0.25 -0.46 -0.81 0.82 0.19 28.01 19.15 -2.98 7.04 3.66 
144 56747 90 90 90 90 90 90 90 90 90 90 90 90 90 90 90 90 90 90 90 90 90 90 90 90 0.34 0.28 -0.05 -0.82 0.77 0.11 28.01 19.69 -2.96 7.04 3.64 
145 57292 90 90 90 90 90 90 90 90 90 90 90 90 90 90 90 90 90 90 90 90 90 90 90 90 -0.26 -0.06 -0.06 -0.65 0.79 -0.04 28.01 19.69 -2.95 7.05 3.62 
146 57865 90 90 90 90 90 90 90 90 90 90 90 90 90 90 90 90 90 90 90 90 90 90 90 90 -0.87 -0.15 -0.21 -0.68 0.72 -0.21 28.15 19.15 -3.00 7.06 3.59 
147 58228 90 90 90 90 90 90 90 90 90 90 90 90 90 90 90 90 90 90 90 90 90 90 90 90 -0.03 0.11 0.14 -0.70 0.71 0.08 28.01 19.69 -2.93 7.13 3.59 
148 58705 90 90 90 90 90 90 90 90 90 90 90 90 90 90 90 90 90 90 90 90 90 90 90 90 -0.07 -0.31 0.31 -0.54 0.66 -0.09 28.11 19.17 -2.96 7.08 3.62 
149 59171 90 90 90 90 90 90 90 90 90 90 90 90 90 90 90 90 90 90 90 90 90 90 90 90 0.07 -0.73 0.32 -0.66 0.82 -0.36 28.11 19.69 -2.96 7.07 3.62 
150 59730 90 90 90 90 90 90 90 90 90 90 90 90 90 90 90 90 90 90 90 90 90 90 90 90 -0.21 -0.04 0.37 -0.63 0.75 -0.09 28.11 19.15 -2.92 7.05 3.57 
151 60069 90 90 90 90 90 90 90 90 90 90 90 90 90 90 90 90 90 90 90 90 90 90 90 90 -0.65 0.23 -0.21 -0.68 0.77 -0.15 27.97 19.17 -2.87 7.06 3.60 
152 60653 90 90 90 90 90 90 90 90 90 90 90 90 90 90 90 90 90 90 90 90 90 90 90 90 -0.26 0.80 0.64 -0.68 0.77 -0.49 28.11 19.31 -2.89 7.04 3.54 
153 61246 90 90 90 90 90 90 90 90 90 90 90 90 90 90 90 90 90 90 90 90 90 90 90 90 -0.24 0.08 0.41 -0.62 0.69 -0.03 28.06 19.22 -2.98 7.02 3.48 
154 61712 90 90 90 90 90 90 90 90 90 90 90 90 90 90 90 90 90 90 90 90 90 90 90 90 -0.24 0.07 0.50 -0.59 0.72 -0.15 28.11 18.72 -2.97 6.98 3.53 
155 62143 90 90 90 90 90 90 90 90 90 90 90 90 90 90 90 90 90 90 90 90 90 90 90 90 0.16 -0.51 0.38 -0.67 0.72 -0.18 28.15 19.06 -2.94 7.08 3.57 
156 62355 90 90 90 90 90 90 90 90 90 90 90 90 90 90 90 90 90 90 90 90 90 90 90 90 -0.09 0.43 -0.06 -0.48 0.72 -0.32 28.15 19.69 -2.95 7.07 3.58 
157 62938 90 90 90 90 90 90 90 90 90 90 90 90 90 90 90 90 90 90 90 90 90 90 90 90 -0.36 -0.16 0.09 -0.73 0.69 0.07 28.15 19.17 -2.93 7.05 3.54 
158 63196 90 90 90 90 90 90 90 90 90 90 90 90 90 90 90 90 90 90 90 90 90 90 90 90 -0.56 -0.41 -0.18 -0.76 0.73 -0.17 28.11 19.69 -2.95 7.05 3.52 
159 63513 90 90 90 90 90 90 90 90 90 90 90 90 90 90 90 90 90 90 90 90 90 90 90 90 -0.09 -0.02 -0.43 -0.61 0.68 -0.17 28.11 19.60 -2.97 7.10 3.48 
160 63843 90 90 90 90 90 90 90 90 90 90 90 90 90 90 90 90 90 90 90 90 90 90 90 90 0.71 -0.15 0.40 -0.68 0.65 -0.02 28.06 19.15 -2.93 7.09 3.45 
161 64309 90 90 90 90 90 90 90 90 90 90 90 90 90 90 90 90 90 90 90 90 90 90 90 90 0.13 -0.30 0.26 -0.71 0.73 0.02 28.06 19.15 -2.89 7.07 3.37 
162 64669 90 90 90 90 90 90 90 90 90 90 90 90 90 90 90 90 90 90 90 90 90 90 90 90 0.54 0.19 -0.08 -0.68 0.74 -0.02 28.06 18.61 -2.92 7.07 3.30 
163 65240 90 90 90 90 90 90 90 90 90 90 90 90 90 90 90 90 90 90 90 90 90 90 90 90 0.32 -0.07 -0.34 -0.44 0.76 -0.04 28.11 19.17 -2.94 7.06 3.25 
164 65694 90 90 90 90 90 90 90 90 90 90 90 90 90 90 90 90 90 90 90 90 90 90 90 90 -0.61 0.22 -0.52 -0.61 0.75 -0.07 28.06 18.88 -3.03 7.04 3.20 
165 65814 90 90 90 90 90 90 90 90 90 90 90 90 90 90 90 90 90 90 90 90 90 90 90 90 0.31 0.04 -0.09 -0.64 0.87 -0.04 28.06 18.72 -3.01 7.04 3.22 
166 66127 90 90 90 90 90 90 90 90 90 90 90 90 90 90 90 90 90 90 90 90 90 90 90 90 -0.06 -0.02 0.12 -0.77 0.66 0.01 28.15 18.72 -2.98 7.00 3.17 
167 66269 90 90 90 90 90 90 90 90 90 90 90 90 90 90 90 90 90 90 90 90 90 90 90 90 -0.12 -0.24 -0.05 -0.68 0.74 -0.02 28.15 18.55 -2.96 7.01 3.13 
168 66826 90 90 90 90 90 90 90 90 90 90 90 90 90 90 90 90 90 90 90 90 90 90 90 90 -0.10 0.10 0.06 -0.78 0.83 -0.30 28.15 18.72 -3.01 7.01 3.10 
169 67268 90 90 90 90 90 90 90 90 90 90 90 90 90 90 90 90 90 90 90 90 90 90 90 90 0.31 0.17 -0.21 -0.70 0.77 -0.02 28.11 19.24 -2.99 7.04 3.12 
170 67677 90 90 90 90 90 90 90 90 90 90 90 90 90 90 90 90 90 90 90 90 90 90 90 90 -0.22 0.20 -0.20 -0.65 0.77 -0.03 28.11 19.24 -3.00 6.98 3.07 
171 68131 90 90 90 90 90 90 90 90 90 90 90 90 90 90 90 90 90 90 90 90 90 90 90 90 0.25 0.27 0.70 -0.66 0.84 -0.16 28.11 19.35 -2.96 7.02 3.04 
172 68273 90 90 90 90 90 90 90 90 90 90 90 90 90 90 90 90 90 90 90 90 90 90 90 90 0.19 -0.04 0.44 -0.64 0.77 -0.20 28.15 19.01 -2.96 6.97 3.03 
173 68655 90 90 90 90 90 90 90 90 90 90 90 90 90 90 90 90 90 90 90 90 90 90 90 90 -0.32 -0.04 0.84 -0.69 0.71 -0.21 28.15 19.51 -2.97 7.02 3.06 
174 68925 90 90 90 90 90 90 90 90 90 90 90 90 90 90 90 90 90 90 90 90 90 90 90 90 -0.19 0.40 0.15 -0.76 0.77 -0.01 28.11 19.17 -2.96 7.00 3.07 
175 69380 90 90 90 90 90 90 90 90 90 90 90 90 90 90 90 90 90 90 90 90 90 90 90 90 -0.22 0.05 -0.18 -0.59 0.73 -0.12 28.15 19.15 -3.01 7.08 3.06 
176 69581 90 90 90 90 90 90 90 90 90 90 90 90 90 90 90 90 90 90 90 90 90 90 90 90 -0.03 0.13 0.44 -0.61 0.72 -0.15 28.20 19.17 -3.02 7.11 3.08 
177 69792 90 90 90 90 90 90 90 90 90 90 90 90 90 90 90 90 90 90 90 90 90 90 90 90 -0.32 0.07 0.20 -0.65 0.78 -0.30 28.06 19.69 -3.06 7.04 3.06 
178 70374 90 90 90 90 90 90 90 90 90 90 90 90 90 90 90 90 90 90 90 90 90 90 90 90 0.36 0.36 0.55 -0.71 0.85 -0.16 28.15 19.17 -2.99 7.06 3.06 
179 70874 90 90 90 90 90 90 90 90 90 90 90 90 90 90 90 90 90 90 90 90 90 90 90 90 0.37 0.81 0.14 -0.71 0.83 -0.17 28.11 19.17 -3.01 7.06 3.10 
180 71061 90 90 90 90 90 90 90 90 90 90 90 90 90 90 90 90 90 90 90 90 90 90 90 90 0.11 -0.16 -0.43 -0.58 0.77 0.04 28.15 19.15 -2.98 7.03 3.01 
181 71388 90 90 90 90 90 90 90 90 90 90 90 90 90 90 90 90 90 90 90 90 90 90 90 90 0.71 -0.10 0.64 -0.51 0.79 -0.10 28.25 19.15 -2.93 7.02 3.04 
182 71611 90 90 90 90 90 90 90 90 90 90 90 90 90 90 90 90 90 90 90 90 90 90 90 90 -0.39 0.16 -0.11 -0.74 0.77 -0.04 28.15 19.15 -2.95 6.99 3.03 
183 71777 90 90 90 90 90 90 90 90 90 90 90 90 90 90 90 90 90 90 90 90 90 90 90 90 0.48 0.49 0.21 -0.70 0.87 -0.21 28.11 19.37 -2.96 6.91 3.00 
184 72034 90 90 90 90 90 90 90 90 90 90 90 90 90 90 90 90 90 90 90 90 90 90 90 90 -0.52 0.02 0.31 -0.74 0.64 0.10 28.15 19.17 -2.92 6.97 3.00 
185 72359 90 90 90 90 90 90 90 90 90 90 90 90 90 90 90 90 90 90 90 90 90 90 90 90 0.48 0.51 0.92 -0.66 0.61 -0.20 28.15 18.92 -2.92 6.97 3.00 
186 72628 90 90 90 90 90 90 90 90 90 90 90 90 90 90 90 90 90 90 90 90 90 90 90 90 5.36 8.59 -0.79 -0.69 1.07 0.19 28.15 19.15 -1.87 7.78 3.14 
187 73231 90 90 90 90 90 90 90 90 90 90 90 90 90 90 90 90 90 90 90 90 90 90 90 90 -1.51 -0.01 0.26 -0.43 0.50 -0.18 28.11 19.15 -1.27 7.99 2.73 
188 73385 90 90 90 90 90 90 90 90 90 90 90 90 90 90 90 90 90 90 90 90 90 90 90 90 3.70 1.58 -0.01 -0.48 0.41 -0.33 28.15 19.02 -1.19 8.12 2.71 
189 73678 90 90 90 90 90 90 90 90 90 90 90 90 90 90 90 90 90 90 90 90 90 90 90 90 3.10 -0.38 -0.49 -0.29 0.38 -0.40 28.15 19.66 0.41 -2.85 2.46 
190 74042 90 90 90 90 90 90 90 90 90 90 90 90 90 90 90 90 90 90 90 90 90 90 90 90 3.59 2.69 0.83 -0.08 0.09 -0.98 28.20 19.60 0.60 2.29 2.51 
191 74530 90 90 90 90 90 90 90 90 90 90 90 90 90 90 90 90 90 90 90 90 90 90 90 90 5.97 6.88 0.12 -0.35 -0.05 -0.69 28.25 19.49 0.68 -7.87 2.37 
192 74707 90 90 90 90 90 90 90 90 90 90 90 90 90 90 90 90 90 90 90 90 90 90 90 90 1.15 0.31 0.69 -0.05 0.01 0.01 28.20 20.06 0.89 -17.59 2.39 
193 75162 90 90 90 90 90 90 90 90 90 90 90 90 90 90 90 90 90 90 90 90 90 90 90 90 2.16 -3.41 0.81 -0.01 0.44 0.06 28.25 19.51 -0.03 -53.14 1.85 
194 75721 90 90 90 90 90 90 90 90 90 90 90 90 90 90 90 90 90 90 90 90 90 90 90 90 -0.03 0.71 -0.64 -0.34 0.44 -0.19 28.15 19.10 -0.77 -18.12 1.90 
195 76168 90 90 90 90 90 90 90 90 90 90 90 90 90 90 90 90 90 90 90 90 90 90 90 90 0.11 -0.01 -0.98 -0.24 0.37 0.27 28.11 19.53 -0.67 -17.99 2.08 
196 76591 90 90 90 90 90 90 90 90 90 90 90 90 90 90 90 90 90 90 90 90 90 90 90 90 -1.28 0.25 0.49 -0.17 0.40 0.18 28.15 19.10 -0.60 -5.73 2.11 
197 76744 90 90 90 90 90 90 90 90 90 90 90 90 90 90 90 90 90 90 90 90 90 90 90 90 -0.15 0.20 0.50 -0.22 0.37 -0.14 28.15 19.91 -0.61 -3.94 2.11 
198 77212 90 90 90 90 90 90 90 90 90 90 90 90 90 90 90 90 90 90 90 90 90 90 90 90 -0.01 0.85 0.49 -0.29 0.43 0.15 28.25 19.10 -0.54 2.63 2.10 
199 77608 90 90 90 90 90 90 90 90 90 90 90 90 90 90 90 90 90 90 90 90 90 90 90 90 -0.22 -0.50 0.67 -0.30 0.33 -0.35 28.15 19.55 -0.62 5.57 2.13 
200 78029 90 90 90 90 90 90 90 90 90 90 90 90 90 90 90 90 90 90 90 90 90 90 90 90 1.55 -0.79 0.09 -0.32 0.21 -0.23 28.11 19.02 -0.55 7.37 2.10 
201 78427 90 90 90 90 90 90 90 90 90 90 90 90 90 90 90 90 90 90 90 90 90 90 90 90 0.13 0.01 0.34 -0.11 0.26 -0.06 28.15 19.42 -0.59 8.27 2.04 
202 78603 90 90 90 90 90 90 90 90 90 90 90 90 90 90 90 90 90 90 90 90 90 90 90 90 0.02 -0.24 -0.44 -0.21 0.27 -0.23 28.15 19.53 -0.61 8.46 2.00 
203 79001 90 90 90 90 90 90 90 90 90 90 90 90 90 90 90 90 90 90 90 90 90 90 90 90 0.78 -0.15 0.79 -0.28 0.33 -0.03 28.11 19.69 -0.63 8.98 1.98 
204 79294 90 90 90 90 90 90 90 90 90 90 90 90 90 90 90 90 90 90 90 90 90 90 90 90 1.48 -0.18 0.52 -0.27 0.30 -0.27 28.20 19.53 -0.63 9.13 1.96 
205 79807 90 90 90 90 90 90 90 90 90 90 90 90 90 90 90 90 90 90 90 90 90 90 90 90 0.37 0.25 0.20 -0.26 0.20 -0.16 28.25 20.07 -0.56 9.33 1.95 
206 80249 90 90 90 90 90 90 90 90 90 90 90 90 90 90 90 90 90 90 90 90 90 90 90 90 0.17 0.16 0.40 -0.32 0.31 -0.19 28.15 19.55 -0.57 9.46 1.91 
207 80796 90 90 90 90 90 90 90 90 90 90 90 90 90 90 90 90 90 90 90 90 90 90 90 90 -0.15 -0.31 0.02 -0.36 0.26 -0.12 28.20 19.62 -0.53 9.53 1.92 
208 81206 90 90 90 90 90 90 90 90 90 90 90 90 90 90 90 90 90 90 90 90 90 90 90 90 -0.38 -0.19 0.41 -0.20 0.25 -0.00 28.20 20.07 -0.55 9.58 1.93 
209 81511 90 90 90 90 90 90 90 90 90 90 90 90 90 90 90 90 90 90 90 90 90 90 90 90 -0.21 -0.19 -0.27 -0.25 0.30 -0.13 28.25 19.55 -0.57 9.66 1.88 
210 82108 90 90 90 90 90 90 90 90 90 90 90 90 90 90 90 90 90 90 90 90 90 90 90 90 -0.32 -0.06 0.60 -0.31 0.38 -0.15 28.20 20.07 -0.58 9.64 1.85 
211 82622 90 90 90 90 90 90 90 90 90 90 90 90 90 90 90 90 90 90 90 90 90 90 90 90 -0.13 0.36 0.53 -0.26 0.35 -0.12 28.20 19.62 -0.55 9.60 1.85 
212 82787 90 90 90 90 90 90 90 90 90 90 90 90 90 90 90 90 90 90 90 90 90 90 90 90 0.65 0.02 0.84 -0.16 0.32 -0.16 28.20 19.53 -0.57 9.55 1.81 
213 83125 90 90 90 90 90 90 90 90 90 90 90 90 90 90 90 90 90 90 90 90 90 90 90 90 0.25 0.16 0.37 -0.37 0.23 -0.16 28.25 20.07 -0.54 9.62 1.82 
214 83323 90 90 90 90 90 90 90 90 90 90 90 90 90 90 90 90 90 90 90 90 90 90 90 90 -0.77 0.04 0.28 -0.09 0.31 0.04 28.20 19.08 -0.51 9.65 1.86 
215 83453 90 90 90 90 90 90 90 90 90 90 90 90 90 90 90 90 90 90 90 90 90 90 90 90 -1.02 -0.30 -0.12 -0.18 0.33 -0.17 28.25 19.39 -0.42 9.61 1.92 
216 83838 90 90 90 90 90 90 90 90 90 90 90 90 90 90 90 90 90 90 90 90 90 90 90 90 -0.76 0.02 1.04 -0.09 0.30 -0.07 28.15 19.55 -0.50 9.56 1.98 
217 83945 90 90 90 90 90 90 90 90 90 90 90 90 90 90 90 90 90 90 90 90 90 90 90 90 0.74 -0.48 1.05 -0.13 0.26 -0.21 28.15 19.39 -0.49 9.62 2.05 
218 84386 90 90 90 90 90 90 90 90 90 90 90 90 90 90 90 90 90 90 90 90 90 90 90 90 -0.73 0.01 -0.11 -0.21 0.43 -0.18 28.29 19.55 -0.51 9.64 2.07 
219 84785 90 90 90 90 90 90 90 90 90 90 90 90 90 90 90 90 90 90 90 90 90 90 90 90 0.39 0.08 0.12 -0.18 0.30 -0.10 28.20 19.04 -0.52 9.62 2.02 
220 85319 90 90 90 90 90 90 90 90 90 90 90 90 90 90 90 90 90 90 90 90 90 90 90 90 -0.22 0.37 0.08 -0.29 0.36 -0.01 28.20 19.04 -0.56 9.65 2.07 
221 85613 90 90 90 90 90 90 90 90 90 90 90 90 90 90 90 90 90 90 90 90 90 90 90 90 0.77 0.48 0.64 -0.11 0.34 0.01 28.29 19.55 -0.48 9.62 2.07 
222 86147 90 90 90 90 90 90 90 90 90 90 90 90 90 90 90 90 90 90 90 90 90 90 90 90 -0.07 -0.15 0.20 -0.19 0.37 -0.00 28.15 19.10 -0.52 9.60 2.07 
223 86591 90 90 90 90 90 90 90 90 90 90 90 90 90 90 90 90 90 90 90 90 90 90 90 90 0.07 -0.41 -0.20 -0.17 0.24 -0.19 28.20 19.10 -0.54 9.63 2.05 
224 86722 90 90 90 90 90 90 90 90 90 90 90 90 90 90 90 90 90 90 90 90 90 90 90 90 -0.65 0.40 0.32 -0.23 0.30 0.16 28.15 19.44 -0.49 9.60 2.03 
225 86987 90 90 90 90 90 90 90 90 90 90 90 90 90 90 90 90 90 90 90 90 90 90 90 90 0.19 0.36 0.29 0.04 0.36 0.11 28.15 19.64 -0.57 9.60 2.03 
226 87369 90 90 90 90 90 90 90 90 90 90 90 90 90 90 90 90 90 90 90 90 90 90 90 90 -0.53 -0.28 -0.18 -0.31 0.25 -0.13 28.20 19.53 -0.60 9.54 2.06 
227 87548 90 90 90 90 90 90 90 90 90 90 90 90 90 90 90 90 90 90 90 90 90 90 90 90 0.69 0.14 0.83 -0.09 0.34 -0.31 28.29 19.42 -0.68 9.54 2.08 
228 88002 90 90 90 90 90 90 90 90 90 90 90 90 90 90 90 90 90 90 90 90 90 90 90 90 0.05 0.05 -0.14 -0.24 0.34 -0.08 28.29 19.15 -0.62 9.54 2.08 
229 88203 90 90 90 90 90 90 90 90 90 90 90 90 90 90 90 90 90 90 90 90 90 90 90 90 0.40 -0.24 0.31 -0.20 0.33 -0.16 28.15 19.69 -0.60 9.47 2.06 
230 88565 90 90 90 90 90 90 90 90 90 90 90 90 90 90 90 90 90 90 90 90 90 90 90 90 0.03 -0.01 0.05 -0.31 0.29 -0.06 28.29 19.69 -0.67 9.50 2.01 
231 88985 90 90 90 90 90 90 90 90 90 90 90 90 90 90 90 90 90 90 90 90 90 90 90 90 0.37 -0.90 -0.56 -0.21 0.40 -0.15 28.25 19.97 -0.73 9.57 1.98 
232 89105 90 90 90 90 90 90 90 90 90 90 90 90 90 90 90 90 90 90 90 90 90 90 90 90 0.29 0.62 1.31 -0.16 0.35 -0.02 28.15 19.93 -0.73 9.53 1.99 
233 89255 90 90 90 90 90 90 90 90 90 90 90 90 90 90 90 90 90 90 90 90 90 90 90 90 -0.24 -0.45 0.41 -0.19 0.29 -0.10 28.20 19.39 -0.69 9.44 1.92 
234 89743 90 90 90 90 90 90 90 90 90 90 90 90 90 90 90 90 90 90 90 90 90 90 90 90 0.08 -0.19 0.79 -0.17 0.36 -0.18 28.25 19.58 -0.67 9.54 1.89 
235 89931 90 90 90 90 90 90 90 90 90 90 90 90 90 90 90 90 90 90 90 90 90 90 90 90 0.55 -0.01 -0.03 -0.14 0.34 -0.16 28.25 19.97 -0.70 9.57 1.90 
236 90504 90 90 90 90 90 90 90 90 90 90 90 90 90 90 90 90 90 90 90 90 90 90 90 90 -0.71 0.28 0.32 -0.14 0.30 -0.21 28.29 20.07 -0.72 9.62 1.83 
237 90611 90 90 90 90 90 90 90 90 90 90 90 90 90 90 90 90 90 90 90 90 90 90 90 90 -0.70 -0.02 0.23 -0.11 0.32 0.09 28.20 19.39 -0.68 9.58 1.80 
238 91226 90 90 90 90 90 90 90 90 90 90 90 90 90 90 90 90 90 90 90 90 90 90 90 90 -0.03 -1.06 0.58 -0.13 0.27 -0.25 28.25 19.69 -0.62 9.60 1.77 
239 91473 90 90 90 90 90 90 90 90 90 90 90 90 90 90 90 90 90 90 90 90 90 90 90 90 0.00 0.31 0.75 -0.18 0.32 -0.32 28.25 19.55 -0.64 9.64 1.73 
240 91870 90 90 90 90 90 90 90 90 90 90 90 90 90 90 90 90 90 90 90 90 90 90 90 90 1.01 -0.07 0.29 -0.25 0.27 -0.28 28.20 20.07 -0.63 9.63 1.78 
241 92313 90 90 90 90 90 90 90 90 90 90 90 90 90 90 90 90 90 90 90 90 90 90 90 90 0.69 0.14 -1.07 -0.30 0.36 -0.31 28.29 19.55 -0.55 9.64 1.79 
242 92826 90 90 90 90 90 90 90 90 90 90 90 90 90 90 90 90 90 90 90 90 90 90 90 90 0.05 -0.02 0.20 -0.21 0.21 -0.30 28.29 19.19 -0.57 9.57 1.80 
243 93409 90 90 90 90 90 90 90 90 90 90 90 90 90 90 90 90 90 90 90 90 90 90 90 90 -0.41 -0.31 0.11 -0.14 0.25 -0.03 28.34 19.55 -0.52 9.56 1.83 
244 93958 90 90 90 90 90 90 90 90 90 90 90 90 90 90 90 90 90 90 90 90 90 90 90 90 0.11 0.22 -0.12 -0.21 0.32 -0.54 28.20 20.07 -0.58 9.54 1.85 
245 94344 90 90 90 90 90 90 90 90 90 90 90 90 90 90 90 90 90 90 90 90 90 90 90 90 -0.61 -0.22 0.28 -0.11 0.31 0.00 28.29 19.31 -0.62 9.58 1.85 
246 94892 90 90 90 90 90 90 90 90 90 90 90 90 90 90 90 90 90 90 90 90 90 90 90 90 -0.06 -0.27 0.11 -0.18 0.30 -0.15 28.34 19.55 -0.59 9.60 1.89 
247 95151 90 90 90 90 90 90 90 90 90 90 90 90 90 90 90 90 90 90 90 90 90 90 90 90 -0.07 0.02 0.66 -0.33 0.25 -0.15 28.20 20.07 -0.62 9.60 1.91 
248 95350 90 90 90 90 90 90 90 90 90 90 90 90 90 90 90 90 90 90 90 90 90 90 90 90 -0.19 -0.15 0.31 -0.25 0.32 -0.08 28.15 20.07 -0.62 9.60 1.91 
249 95795 90 90 90 90 90 90 90 90 90 90 90 90 90 90 90 90 90 90 90 90 90 90 90 90 0.28 0.51 0.26 -0.18 0.42 -0.24 28.20 19.97 -0.59 9.55 1.87 
250 96295 90 90 90 90 90 90 90 90 90 90 90 90 90 90 90 90 90 90 90 90 90 90 90 90 0.00 0.17 0.24 -0.12 0.40 -0.08 28.25 19.53 -0.59 9.54 1.91 
251 96819 90 90 90 90 90 90 90 90 90 90 90 90 90 90 90 90 90 90 90 90 90 90 90 90 0.49 0.04 0.34 -0.11 0.33 0.02 28.34 19.55 -0.58 9.56 1.95 
252 97399 90 90 90 90 90 90 90 90 90 90 90 90 90 90 90 90 90 90 90 90 90 90 90 90 0.63 -0.04 0.09 -0.22 0.28 -0.20 28.34 19.10 -0.57 9.59 1.96 
253 97635 90 90 90 90 90 90 90 90 90 90 90 90 90 90 90 90 90 90 90 90 90 90 90 90 -1.23 0.04 -0.12 -0.19 0.34 -0.01 28.29 19.62 -0.58 9.56 1.96 
254 97997 90 90 90 90 90 90 90 90 90 90 90 90 90 90 90 90 90 90 90 90 90 90 90 90 -0.48 0.39 -0.12 -0.33 0.25 -0.12 28.29 19.62 -0.55 9.50 2.00 
255 98152 90 90 90 90 90 90 90 90 90 90 90 90 90 90 90 90 90 90 90 90 90 90 90 90 -0.04 0.20 0.18 -0.21 0.22 -0.07 28.25 18.95 -0.53 9.48 2.01 
256 98619 90 90 90 90 90 90 90 90 90 90 90 90 90 90 90 90 90 90 90 90 90 90 90 90 0.10 0.22 0.06 -0.24 0.26 -0.05 28.34 19.53 -0.51 9.52 2.03 
257 98795 90 90 90 90 90 90 90 90 90 90 90 90 90 90 90 90 90 90 90 90 90 90 90 90 0.14 -0.16 -0.67 -0.26 0.33 -0.12 28.34 20.07 -0.44 9.55 2.05 
258 99286 90 90 90 90 90 90 90 90 90 90 90 90 90 90 90 90 90 90 90 90 90 90 90 90 0.08 -0.36 0.52 -0.20 0.33 -0.15 28.34 19.26 -0.52 9.61 1.96 
259 99497 90 90 90 90 90 90 90 90 90 90 90 90 90 90 90 90 90 90 90 90 90 90 90 90 -0.24 -0.28 0.24 -0.27 0.29 -0.07 28.34 19.10 -0.57 9.61 2.02 
260 99907 90 90 90 90 90 90 90 90 90 90 90 90 90 90 90 90 90 90 90 90 90 90 90 90 -0.06 0.13 0.61 -0.19 0.26 -0.39 28.29 20.07 -0.53 9.55 2.06 
261 100189 90 90 90 90 90 90 90 90 90 90 90 90 90 90 90 90 90 90 90 90 90 90 90 90 -0.09 -0.25 -0.32 -0.11 0.24 -0.16 28.29 19.69 -0.57 9.57 2.02 
262 100705 90 90 90 90 90 90 90 90 90 90 90 90 90 90 90 90 90 90 90 90 90 90 90 90 0.10 -0.42 0.31 -0.23 0.36 -0.15 28.25 19.10 -0.57 9.57 2.02 
263 101254 90 90 90 90 90 90 90 90 90 90 90 90 90 90 90 90 90 90 90 90 90 90 90 90 -0.65 -1.43 -0.35 -0.38 0.16 0.18 28.34 19.10 -0.66 9.59 2.00 
264 101734 90 90 90 90 90 90 90 90 90 90 90 90 90 90 90 90 90 90 90 90 90 90 90 90 0.39 0.11 0.63 -0.13 0.35 -0.07 28.34 19.55 -0.61 9.60 1.98 
265 101968 90 90 90 90 90 90 90 90 90 90 90 90 90 90 90 90 90 90 90 90 90 90 90 90 -0.33 0.01 -0.08 -0.28 0.22 -0.03 28.34 19.69 -0.64 9.58 1.98 
266 102449 90 90 90 90 90 90 90 90 90 90 90 90 90 90 90 90 90 90 90 90 90 90 90 90 0.17 -0.01 -0.35 -0.17 0.28 0.05 28.25 19.24 -0.51 9.58 1.97 
267 102823 90 90 90 90 90 90 90 90 90 90 90 90 90 90 90 90 90 90 90 90 90 90 90 90 -0.42 0.25 0.40 -0.23 0.34 -0.17 28.39 19.55 -0.58 9.46 1.91 
268 103013 90 90 90 90 90 90 90 90 90 90 90 90 90 90 90 90 90 90 90 90 90 90 90 90 0.69 -0.09 -0.30 -0.27 0.16 0.10 28.29 20.07 -0.54 9.53 1.84 
269 103493 90 90 90 90 90 90 90 90 90 90 90 90 90 90 90 90 90 90 90 90 90 90 90 90 -0.21 -0.09 0.31 -0.22 0.37 0.11 28.29 19.53 -0.55 9.55 1.89 
270 103601 90 90 90 90 90 90 90 90 90 90 90 90 90 90 90 90 90 90 90 90 90 90 90 90 0.60 0.19 -0.23 -0.19 0.26 -0.09 28.29 19.40 -0.52 9.51 1.85 
271 104101 90 90 90 90 90 90 90 90 90 90 90 90 90 90 90 90 90 90 90 90 90 90 90 90 -0.67 -0.09 0.28 -0.17 0.28 -0.37 28.29 19.55 -0.53 9.54 1.84 
272 104664 90 90 90 90 90 90 90 90 90 90 90 90 90 90 90 90 90 90 90 90 90 90 90 90 -0.07 -0.42 0.18 -0.19 0.31 -0.10 28.39 19.55 -0.53 9.58 1.87 
273 105109 90 90 90 90 90 90 90 90 90 90 90 90 90 90 90 90 90 90 90 90 90 90 90 90 -0.18 -0.38 0.00 -0.28 0.41 -0.27 28.29 20.07 -0.46 9.61 1.87 
274 105578 90 90 90 90 90 90 90 90 90 90 90 90 90 90 90 90 90 90 90 90 90 90 90 90 0.36 0.11 0.44 -0.21 0.35 -0.06 28.29 19.55 -0.50 9.60 1.81 
275 106137 90 90 90 90 90 90 90 90 90 90 90 90 90 90 90 90 90 90 90 90 90 90 90 90 0.02 0.14 0.18 -0.24 0.28 -0.15 28.44 19.53 -0.54 9.53 1.73 
276 106685 90 90 90 90 90 90 90 90 90 90 90 90 90 90 90 90 90 90 90 90 90 90 90 90 -0.07 0.43 0.57 -0.25 0.17 -0.04 28.34 19.55 -0.53 9.51 1.75 
277 106910 90 90 90 90 90 90 90 90 90 90 90 90 90 90 90 90 90 90 90 90 90 90 90 90 -0.16 0.13 0.46 -0.21 0.30 -0.12 28.29 20.07 -0.52 9.55 1.73 
278 107146 90 90 90 90 90 90 90 90 90 90 90 90 90 90 90 90 90 90 90 90 90 90 90 90 0.17 -0.10 0.21 -0.21 0.24 -0.20 28.29 19.55 -0.58 9.61 1.80 
279 107671 90 90 90 90 90 90 90 90 90 90 90 90 90 90 90 90 90 90 90 90 90 90 90 90 0.25 0.20 0.21 -0.17 0.31 -0.12 28.25 20.07 -0.61 9.61 1.77 
280 108000 90 90 90 90 90 90 90 90 90 90 90 90 90 90 90 90 90 90 90 90 90 90 90 90 -0.07 -0.02 0.49 -0.20 0.32 -0.09 28.39 20.07 -0.61 9.57 1.76 
281 108213 90 90 90 90 90 90 90 90 90 90 90 90 90 90 90 90 90 90 90 90 90 90 90 90 0.55 0.56 0.24 -0.22 0.38 0.10 28.25 20.07 -0.63 9.57 1.76 
282 108401 90 90 90 90 90 90 90 90 90 90 90 90 90 90 90 90 90 90 90 90 90 90 90 90 0.07 -0.24 0.44 -0.20 0.24 0.01 28.39 20.07 -0.56 9.57 1.81 
283 108729 90 90 90 90 90 90 90 90 90 90 90 90 90 90 90 90 90 90 90 90 90 90 90 90 0.49 0.07 0.31 -0.19 0.25 -0.06 28.34 20.07 -0.49 9.64 1.84 
284 109137 90 90 90 90 90 90 90 90 90 90 90 90 90 90 90 90 90 90 90 90 90 90 90 90 -0.04 0.08 0.21 -0.22 0.32 -0.11 28.25 19.55 -0.52 9.63 1.86 
285 109374 90 90 90 90 90 90 90 90 90 90 90 90 90 90 90 90 90 90 90 90 90 90 90 90 0.19 -0.15 0.60 -0.11 0.23 -0.12 28.20 20.07 -0.54 9.62 1.86 
286 109969 90 90 90 90 90 90 90 90 90 90 90 90 90 90 90 90 90 90 90 90 90 90 90 90 0.20 0.16 0.60 -0.17 0.37 -0.18 28.29 19.58 -0.50 9.61 1.83 
287 110076 90 90 90 90 90 90 90 90 90 90 90 90 90 90 90 90 90 90 90 90 90 90 90 90 -0.06 0.08 0.11 -0.26 0.32 -0.00 28.25 19.39 -0.49 9.62 1.80 
288 110587 90 90 90 90 90 90 90 90 90 90 90 90 90 90 90 90 90 90 90 90 90 90 90 90 0.05 0.01 0.00 -0.13 0.21 0.02 28.34 19.55 -0.46 9.61 1.77 
289 111100 90 90 90 90 90 90 90 90 90 90 90 90 90 90 90 90 90 90 90 90 90 90 90 90 0.26 -0.16 0.53 -0.28 0.33 -0.13 28.34 20.07 -0.54 9.58 1.78 
290 111301 90 90 90 90 90 90 90 90 90 90 90 90 90 90 90 90 90 90 90 90 90 90 90 90 -0.70 -0.02 0.24 -0.31 0.30 -0.11 28.34 19.55 -0.51 9.56 1.77 
291 111840 90 90 90 90 90 90 90 90 90 90 90 90 90 90 90 90 90 90 90 90 90 90 90 90 0.45 -0.02 0.53 -0.18 0.40 0.02 28.34 19.44 -0.47 9.52 1.77 
292 112156 90 90 90 90 90 90 90 90 90 90 90 90 90 90 90 90 90 90 90 90 90 90 90 90 0.13 0.01 0.23 -0.10 0.24 0.04 28.39 20.07 -0.50 9.55 1.72 
293 112483 90 90 90 90 90 90 90 90 90 90 90 90 90 90 90 90 90 90 90 90 90 90 90 90 0.31 0.07 0.05 -0.23 0.30 -0.08 28.39 19.10 -0.53 9.55 1.74 
294 112845 90 90 90 90 90 90 90 90 90 90 90 90 90 90 90 90 90 90 90 90 90 90 90 90 -0.10 -0.12 -0.11 -0.20 0.26 -0.13 28.39 20.07 -0.53 9.53 1.75 
295 112967 90 90 90 90 90 90 90 90 90 90 90 90 90 90 90 90 90 90 90 90 90 90 90 90 -0.73 -0.61 0.43 -0.18 0.33 0.00 28.44 18.95 -0.51 9.55 1.78 
296 113130 90 90 90 90 90 90 90 90 90 90 90 90 90 90 90 90 90 90 90 90 90 90 90 90 0.13 0.07 0.46 -0.23 0.22 -0.15 28.34 19.10 -0.55 9.55 1.78 
297 113629 90 90 90 90 90 90 90 90 90 90 90 90 90 90 90 90 90 90 90 90 90 90 90 90 0.34 -0.15 0.23 -0.26 0.42 -0.29 28.34 19.44 -0.50 9.57 1.74 
298 113853 90 90 90 90 90 90 90 90 90 90 90 90 90 90 90 90 90 90 90 90 90 90 90 90 -0.19 -0.38 0.21 -0.26 0.28 0.03 28.39 19.57 -0.46 9.61 1.75 
299 113985 90 90 90 90 90 90 90 90 90 90 90 90 90 90 90 90 90 90 90 90 90 90 90 90 -0.04 0.40 0.20 -0.26 0.29 -0.26 28.48 19.39 -0.47 9.57 1.75 
300 114496 90 90 90 90 90 90 90 90 90 90 90 90 90 90 90 90 90 90 90 90 90 90 90 90 -0.67 0.19 -0.12 -0.26 0.24 -0.04 28.39 19.53 -0.46 9.55 1.75 
301 114664 90 90 90 90 90 90 90 90 90 90 90 90 90 90 90 90 90 90 90 90 90 90 90 90 -0.13 0.05 0.21 -0.21 0.37 0.02 28.39 19.55 -0.51 9.54 1.71 
302 115223 90 90 90 90 90 90 90 90 90 90 90 90 90 90 90 90 90 90 90 90 90 90 90 90 0.16 -0.10 0.03 -0.22 0.27 -0.22 28.39 20.07 -0.50 9.55 1.67 
303 115702 90 90 90 90 90 90 90 90 90 90 90 90 90 90 90 90 90 90 90 90 90 90 90 90 0.14 0.14 -0.12 -0.20 0.36 -0.11 28.34 19.10 -0.53 9.53 1.69 
304 116101 90 90 90 90 90 90 90 90 90 90 90 90 90 90 90 90 90 90 90 90 90 90 90 90 0.05 -0.04 0.12 -0.09 0.29 -0.09 28.53 19.62 -0.59 9.58 1.67 
305 116615 90 90 90 90 90 90 90 90 90 90 90 90 90 90 90 90 90 90 90 90 90 90 90 90 -0.70 0.22 0.18 -0.30 0.42 0.22 28.44 19.62 -0.58 9.58 1.65 
306 117035 90 90 90 90 90 90 90 90 90 90 90 90 90 90 90 90 90 90 90 90 90 90 90 90 0.52 -0.09 0.02 -0.29 0.24 -0.22 28.34 20.07 -0.58 9.54 1.64 
307 117306 90 90 90 90 90 90 90 90 90 90 90 90 90 90 90 90 90 90 90 90 90 90 90 90 -0.06 -0.30 -0.03 -0.16 0.22 -0.04 28.44 19.53 -0.59 9.57 1.65 
308 117718 90 90 90 90 90 90 90 90 90 90 90 90 90 90 90 90 90 90 90 90 90 90 90 90 0.87 -0.12 -0.21 -0.28 0.20 -0.32 28.39 19.53 -0.62 9.55 1.62 
309 118117 90 90 90 90 90 90 90 90 90 90 90 90 90 90 90 90 90 90 90 90 90 90 90 90 0.39 -0.18 0.37 -0.20 0.33 0.07 28.44 19.55 -0.60 9.57 1.54 
310 118653 90 90 90 90 90 90 90 90 90 90 90 90 90 90 90 90 90 90 90 90 90 90 90 90 -0.29 0.45 0.50 -0.23 0.32 -0.22 28.34 20.07 -0.58 9.60 1.60 
311 119098 90 90 90 90 90 90 90 90 90 90 90 90 90 90 90 90 90 90 90 90 90 90 90 90 0.84 -0.01 -0.06 -0.22 0.27 -0.23 28.34 19.10 -0.57 9.57 1.62 
312 119554 90 90 90 90 90 90 90 90 90 90 90 90 90 90 90 90 90 90 90 90 90 90 90 90 -0.09 0.43 -0.38 -0.07 0.40 0.19 28.39 19.62 -0.56 9.56 1.61 
313 119686 90 90 90 90 90 90 90 90 90 90 90 90 90 90 90 90 90 90 90 90 90 90 90 90 -1.28 1.17 -0.09 -0.22 0.21 -0.03 28.34 18.93 -0.62 9.56 1.54 
314 120232 90 90 90 90 90 90 90 90 90 90 90 90 90 90 90 90 90 90 90 90 90 90 90 90 -0.65 0.28 0.26 -0.27 0.31 -0.01 28.34 19.62 -0.51 9.48 1.52 
315 120468 90 90 90 90 90 90 90 90 90 90 90 90 90 90 90 90 90 90 90 90 90 90 90 90 0.31 0.34 0.47 -0.24 0.28 -0.16 28.44 19.62 -0.52 9.51 1.52 
316 121038 90 90 90 90 90 90 90 90 90 90 90 90 90 90 90 90 90 90 90 90 90 90 90 90 0.08 0.19 0.28 -0.19 0.35 0.01 28.48 19.10 -0.43 9.51 1.54 
317 121191 90 90 90 90 90 90 90 90 90 90 90 90 90 90 90 90 90 90 90 90 90 90 90 90 -0.06 -0.07 0.58 -0.23 0.32 -0.18 28.39 19.91 -0.47 9.50 1.57 
318 121300 90 90 90 90 90 90 90 90 90 90 90 90 90 90 90 90 90 90 90 90 90 90 90 90 0.02 -0.25 0.28 -0.14 0.33 -0.21 28.39 18.95 -0.48 9.51 1.64 
319 121603 90 90 90 90 90 90 90 90 90 90 90 90 90 90 90 90 90 90 90 90 90 90 90 90 -0.09 0.25 0.11 -0.12 0.29 -0.21 28.44 19.10 -0.46 9.51 1.66 
320 121977 90 90 90 90 90 90 90 90 90 90 90 90 90 90 90 90 90 90 90 90 90 90 90 90 0.57 -0.04 0.63 -0.21 0.31 -0.15 28.44 19.62 -0.49 9.57 1.71 
321 122202 90 90 90 90 90 90 90 90 90 90 90 90 90 90 90 90 90 90 90 90 90 90 90 90 -0.50 -0.16 -0.32 -0.20 0.24 -0.13 28.48 18.97 -0.45 9.60 1.73 
322 122764 90 90 90 90 90 90 90 90 90 90 90 90 90 90 90 90 90 90 90 90 90 90 90 90 0.16 -0.04 0.52 -0.18 0.31 -0.15 28.48 19.10 -0.55 9.61 1.70 
323 122918 90 90 90 90 90 90 90 90 90 90 90 90 90 90 90 90 90 90 90 90 90 90 90 90 0.31 -0.01 0.21 -0.26 0.36 -0.24 28.44 19.48 -0.52 9.57 1.74 
324 123154 90 90 90 90 90 90 90 90 90 90 90 90 90 90 90 90 90 90 90 90 90 90 90 90 -0.38 0.54 0.23 -0.18 0.34 -0.19 28.44 19.71 -0.51 9.63 1.77 
325 123668 90 90 90 90 90 90 90 90 90 90 90 90 90 90 90 90 90 90 90 90 90 90 90 90 -0.04 0.42 -0.27 -0.19 0.26 0.13 28.44 19.53 -0.49 9.56 1.74 
326 124194 90 90 90 90 90 90 90 90 90 90 90 90 90 90 90 90 90 90 90 90 90 90 90 90 0.14 0.34 -0.05 -0.07 0.35 -0.01 28.44 19.24 -0.50 9.56 1.70 
327 124511 90 90 90 90 90 90 90 90 90 90 90 90 90 90 90 90 90 90 90 90 90 90 90 90 0.10 0.31 0.40 -0.31 0.27 -0.07 28.34 19.64 -0.47 9.51 1.66 
328 124756 90 90 90 90 90 90 90 90 90 90 90 90 90 90 90 90 90 90 90 90 90 90 90 90 -0.16 -0.30 -0.26 -0.20 0.21 -0.16 28.39 19.69 -0.49 9.55 1.66 
329 125134 90 90 90 90 90 90 90 90 90 90 90 90 90 90 90 90 90 90 90 90 90 90 90 90 -0.04 0.19 0.72 -0.26 0.29 -0.25 28.44 19.62 -0.52 9.52 1.68 
330 125277 90 90 90 90 90 90 90 90 90 90 90 90 90 90 90 90 90 90 90 90 90 90 90 90 -0.74 -0.38 -0.26 -0.21 0.27 -0.18 28.44 19.42 -0.56 9.51 1.64 
331 125558 90 90 90 90 90 90 90 90 90 90 90 90 90 90 90 90 90 90 90 90 90 90 90 90 -0.09 -0.01 0.34 -0.19 0.27 -0.17 28.39 19.55 -0.53 9.50 1.67 
332 125923 90 90 90 90 90 90 90 90 90 90 90 90 90 90 90 90 90 90 90 90 90 90 90 90 -0.64 0.69 0.35 -0.10 0.26 -0.10 28.44 19.10 -0.51 9.49 1.71 
333 126448 90 90 90 90 90 90 90 90 90 90 90 90 90 90 90 90 90 90 90 90 90 90 90 90 0.23 0.37 0.63 -0.18 0.32 0.01 28.53 19.55 -0.47 9.54 1.69 
334 126959 90 90 90 90 90 90 90 90 90 90 90 90 90 90 90 90 90 90 90 90 90 90 90 90 0.07 0.25 0.12 -0.20 0.17 -0.07 28.39 19.64 -0.47 9.53 1.69 
335 127322 90 90 90 90 90 90 90 90 90 90 90 90 90 90 90 90 90 90 90 90 90 90 90 90 0.31 0.17 0.18 -0.20 0.29 -0.19 28.44 19.10 -0.47 9.52 1.69 
336 127638 90 90 90 90 90 90 90 90 90 90 90 90 90 90 90 90 90 90 90 90 90 90 90 90 -0.15 -0.13 -0.05 -0.24 0.23 -0.26 28.34 19.24 -0.51 9.55 1.65 
337 128015 90 90 90 90 90 90 90 90 90 90 90 90 90 90 90 90 90 90 90 90 90 90 90 90 0.26 0.49 0.60 -0.17 0.31 -0.20 28.39 19.55 -0.45 9.57 1.62 
338 128238 90 90 90 90 90 90 90 90 90 90 90 90 90 90 90 90 90 90 90 90 90 90 90 90 0.46 0.08 0.24 -0.19 0.32 -0.17 28.29 19.24 -0.50 9.59 1.65 
339 128565 90 90 90 90 90 90 90 90 90 90 90 90 90 90 90 90 90 90 90 90 90 90 90 90 0.31 0.28 0.24 -0.12 0.31 -0.13 28.39 18.99 -0.54 9.61 1.67 
340 128718 90 90 90 90 90 90 90 90 90 90 90 90 90 90 90 90 90 90 90 90 90 90 90 90 0.07 -0.21 0.00 -0.22 0.28 -0.27 28.48 19.48 -0.58 9.61 1.62 
341 129291 90 90 90 90 90 90 90 90 90 90 90 90 90 90 90 90 90 90 90 90 90 90 90 90 -0.09 -0.15 -0.56 -0.15 0.30 -0.05 28.34 19.55 -0.58 9.59 1.63 
342 129609 90 90 90 90 90 90 90 90 90 90 90 90 90 90 90 90 90 90 90 90 90 90 90 90 -1.10 -0.15 0.32 -0.25 0.30 -0.12 28.39 19.64 -0.60 9.57 1.62 
343 129881 90 90 90 90 90 90 90 90 90 90 90 90 90 90 90 90 90 90 90 90 90 90 90 90 0.95 0.04 0.49 -0.21 0.27 -0.39 28.48 19.10 -0.61 9.58 1.58 
344 130463 90 90 90 90 90 90 90 90 90 90 90 90 90 90 90 90 90 90 90 90 90 90 90 90 0.65 0.80 0.26 -0.22 0.20 -0.34 28.39 19.10 -0.57 9.59 1.50 
345 130617 90 90 90 90 90 90 90 90 90 90 90 90 90 90 90 90 90 90 90 90 90 90 90 90 -0.53 0.66 0.18 -0.24 0.24 0.12 28.48 19.10 -0.57 9.57 1.54 
346 130864 90 90 90 90 90 90 90 90 90 90 90 90 90 90 90 90 90 90 90 90 90 90 90 90 -0.21 0.25 -0.26 -0.13 0.28 -0.03 28.48 19.10 -0.61 9.60 1.52 
347 131447 90 90 90 90 90 90 90 90 90 90 90 90 90 90 90 90 90 90 90 90 90 90 90 90 -0.12 0.71 0.53 -0.12 0.26 -0.04 28.48 19.53 -0.56 9.54 1.51 
348 131939 90 90 90 90 90 90 90 90 90 90 90 90 90 90 90 90 90 90 90 90 90 90 90 90 -0.33 0.49 -0.08 -0.32 0.32 0.12 28.48 19.84 -0.62 9.56 1.49 
349 132407 90 90 90 90 90 90 90 90 90 90 90 90 90 90 90 90 90 90 90 90 90 90 90 90 0.31 0.34 0.90 -0.33 0.31 -0.16 28.44 19.55 -0.59 9.59 1.51 
350 132700 90 90 90 90 90 90 90 90 90 90 90 90 90 90 90 90 90 90 90 90 90 90 90 90 0.28 0.08 -0.30 -0.13 0.29 -0.27 28.44 19.69 -0.58 9.52 1.54 
351 133109 90 90 90 90 90 90 90 90 90 90 90 90 90 90 90 90 90 90 90 90 90 90 90 90 0.02 -0.02 0.38 -0.31 0.20 -0.15 28.48 20.07 -0.61 9.56 1.56 
352 133623 90 90 90 90 90 90 90 90 90 90 90 90 90 90 90 90 90 90 90 90 90 90 90 90 -0.58 0.27 0.03 -0.16 0.28 0.18 28.44 19.06 -0.56 9.58 1.55 
353 133997 90 90 90 90 90 90 90 90 90 90 90 90 90 90 90 90 90 90 90 90 90 90 90 90 0.54 -0.10 0.12 -0.25 0.29 -0.25 28.48 19.71 -0.56 9.59 1.53 
354 134441 90 90 90 90 90 90 90 90 90 90 90 90 90 90 90 90 90 90 90 90 90 90 90 90 0.20 -0.04 0.50 -0.16 0.30 -0.06 28.39 19.08 -0.56 9.48 1.48 
355 134688 90 90 90 90 90 90 90 90 90 90 90 90 90 90 90 90 90 90 90 90 90 90 90 90 -0.07 0.62 1.16 -0.21 0.27 0.21 28.53 19.53 -0.53 9.53 1.53 
356 134970 90 90 90 90 90 90 90 90 90 90 90 90 90 90 90 90 90 90 90 90 90 90 90 90 -0.21 -0.01 -0.26 -0.28 0.26 -0.22 28.44 19.62 -0.56 9.57 1.53 
357 135301 90 90 90 90 90 90 90 90 90 90 90 90 90 90 90 90 90 90 90 90 90 90 90 90 -0.71 -0.09 0.18 -0.28 0.29 -0.14 28.53 19.24 -0.55 9.56 1.52 
358 135421 90 90 90 90 90 90 90 90 90 90 90 90 90 90 90 90 90 90 90 90 90 90 90 90 0.65 0.25 0.20 -0.20 0.28 -0.03 28.39 18.95 -0.56 9.54 1.55 
359 136012 90 90 90 90 90 90 90 90 90 90 90 90 90 90 90 90 90 90 90 90 90 90 90 90 -0.38 -0.24 0.09 -0.33 0.34 -0.11 28.53 19.10 -0.57 9.60 1.54 
360 136365 90 90 90 90 90 90 90 90 90 90 90 90 90 90 90 90 90 90 90 90 90 90 90 90 0.39 0.19 0.67 -0.19 0.27 -0.15 28.44 19.10 -0.56 9.58 1.54 
361 136912 90 90 90 90 90 90 90 90 90 90 90 90 90 90 90 90 90 90 90 90 90 90 90 90 0.00 -0.47 0.05 -0.19 0.27 -0.12 28.53 19.10 -0.51 9.58 1.54 
362 137519 90 90 90 90 90 90 90 90 90 90 90 90 90 90 90 90 90 90 90 90 90 90 90 90 0.37 -0.04 0.20 -0.13 0.27 -0.06 28.48 19.24 -0.51 9.55 1.46 
363 137870 90 90 90 90 90 90 90 90 90 90 90 90 90 90 90 90 90 90 90 90 90 90 90 90 0.74 0.51 0.32 -0.17 0.36 -0.17 28.48 19.10 -0.56 9.59 1.49 
364 138232 90 90 90 90 90 90 90 90 90 90 90 90 90 90 90 90 90 90 90 90 90 90 90 90 -0.65 -0.07 -0.08 -0.34 0.31 0.39 28.53 19.64 -0.46 9.54 1.42 
365 138828 90 90 90 90 90 90 90 90 90 90 90 90 90 90 90 90 90 90 90 90 90 90 90 90 1.70 -0.10 -0.40 -0.30 0.20 -0.51 28.44 19.55 -0.52 9.49 1.47 
366 139066 90 90 90 90 90 90 90 90 90 90 90 90 90 90 90 90 90 90 90 90 90 90 90 90 0.08 -0.24 -0.27 -0.11 0.24 -0.52 28.44 19.55 -0.55 9.49 1.41 
367 139280 90 90 90 90 90 90 90 90 90 90 90 90 90 90 90 90 90 90 90 90 90 90 90 90 -1.55 0.05 0.41 -0.19 0.30 -0.07 28.53 19.26 -0.45 9.47 1.34 
368 139608 90 90 90 90 90 90 90 90 90 90 90 90 90 90 90 90 90 90 90 90 90 90 90 90 -0.30 0.05 -0.32 -0.30 0.24 -0.06 28.44 19.55 -0.46 9.55 1.36 
369 140123 90 90 90 90 90 90 90 90 90 90 90 90 90 90 90 90 90 90 90 90 90 90 90 90 1.21 0.11 0.41 -0.25 0.26 -0.53 28.44 19.10 -0.47 9.57 1.35 
370 140485 90 90 90 90 90 90 90 90 90 90 90 90 90 90 90 90 90 90 90 90 90 90 90 90 -0.33 0.28 0.95 -0.16 0.24 -0.09 28.53 19.10 -0.41 9.52 1.32 
371 141044 90 90 90 90 90 90 90 90 90 90 90 90 90 90 90 90 90 90 90 90 90 90 90 90 0.23 0.10 0.05 -0.28 0.29 -0.11 28.48 19.10 -0.43 9.60 1.31 
372 141349 90 90 90 90 90 90 90 90 90 90 90 90 90 90 90 90 90 90 90 90 90 90 90 90 -0.76 0.01 0.08 -0.20 0.30 0.13 28.44 19.62 -0.51 9.58 1.34 
373 141873 90 90 90 90 90 90 90 90 90 90 90 90 90 90 90 90 90 90 90 90 90 90 90 90 0.46 -0.38 0.05 -0.19 0.32 -0.21 28.53 19.10 -0.56 9.52 1.32 
374 142433 90 90 90 90 90 90 90 90 90 90 90 90 90 90 90 90 90 90 90 90 90 90 90 90 -0.10 -0.15 -0.01 -0.15 0.31 -0.16 28.53 19.10 -0.55 9.50 1.28 
375 142902 90 90 90 90 90 90 90 90 90 90 90 90 90 90 90 90 90 90 90 90 90 90 90 90 -0.12 -0.15 0.38 -0.30 0.27 -0.12 28.48 19.51 -0.51 9.52 1.23 
376 143092 90 90 90 90 90 90 90 90 90 90 90 90 90 90 90 90 90 90 90 90 90 90 90 90 -0.24 0.31 0.86 -0.20 0.21 -0.25 28.48 19.53 -0.55 9.52 1.23 
377 143236 90 90 90 90 90 90 90 90 90 90 90 90 90 90 90 90 90 90 90 90 90 90 90 90 -0.07 0.30 0.75 -0.19 0.23 -0.27 28.44 19.46 -0.50 9.53 1.22 
378 143665 90 90 90 90 90 90 90 90 90 90 90 90 90 90 90 90 90 90 90 90 90 90 90 90 -1.26 0.27 -0.61 -0.01 0.48 -0.02 28.53 19.10 -0.56 9.55 1.28 
379 143936 90 90 90 90 90 90 90 90 90 90 90 90 90 90 90 90 90 90 90 90 90 90 90 90 -1.02 0.45 -0.18 -0.21 0.43 0.41 28.53 19.11 -0.62 9.54 1.28 
380 144149 90 90 90 90 90 90 90 90 90 90 90 90 90 90 90 90 90 90 90 90 90 90 90 90 -1.40 -0.06 -0.47 -0.18 0.29 0.22 28.53 19.10 -0.64 9.55 1.29 
381 144259 90 90 90 90 90 90 90 90 90 90 90 90 90 90 90 90 90 90 90 90 90 90 90 90 0.80 -0.57 -0.50 -0.18 0.33 0.05 28.53 18.93 -0.68 9.53 1.27 
382 144700 90 90 90 90 90 90 90 90 90 90 90 90 90 90 90 90 90 90 90 90 90 90 90 90 1.33 -0.02 0.03 -0.13 0.30 0.00 28.53 19.10 -0.61 9.51 1.29 
383 145027 90 90 90 90 90 90 90 90 90 90 90 90 90 90 90 90 90 90 90 90 90 90 90 90 -0.45 -0.21 -0.09 -0.25 0.29 0.04 28.48 20.07 -0.61 9.55 1.30 
384 145264 90 90 90 90 90 90 90 90 90 90 90 90 90 90 90 90 90 90 90 90 90 90 90 90 -0.12 -0.15 0.93 -0.28 0.28 -0.14 28.44 20.07 -0.58 9.57 1.26 
385 145409 90 90 90 90 90 90 90 90 90 90 90 90 90 90 90 90 90 90 90 90 90 90 90 90 -0.65 -0.12 -0.52 -0.21 0.23 -0.07 28.62 19.39 -0.48 9.56 1.30 
386 145747 90 90 90 90 90 90 90 90 90 90 90 90 90 90 90 90 90 90 90 90 90 90 90 90 0.13 0.08 0.28 -0.25 0.32 0.01 28.53 19.62 -0.47 9.51 1.30 
387 145981 90 90 90 90 90 90 90 90 90 90 90 90 90 90 90 90 90 90 90 90 90 90 90 90 -0.33 0.04 -0.24 -0.24 0.28 -0.08 28.48 19.58 -0.41 9.52 1.29 
388 146311 90 90 90 90 90 90 90 90 90 90 90 90 90 90 90 90 90 90 90 90 90 90 90 90 0.23 0.11 0.70 -0.12 0.30 -0.09 28.58 19.55 -0.44 9.54 1.26 
389 146859 90 90 90 90 90 90 90 90 90 90 90 90 90 90 90 90 90 90 90 90 90 90 90 90 -0.87 -0.22 -0.14 -0.30 0.23 -0.15 28.48 19.55 -0.45 9.53 1.32 
390 147155 90 90 90 90 90 90 90 90 90 90 90 90 90 90 90 90 90 90 90 90 90 90 90 90 -0.38 0.60 -0.53 -0.10 0.39 -0.38 28.53 19.53 -0.45 9.52 1.26 
391 147403 90 90 90 90 90 90 90 90 90 90 90 90 90 90 90 90 90 90 90 90 90 90 90 90 0.46 -0.56 0.06 -0.17 0.26 -0.02 28.48 20.07 -0.36 9.52 1.30 
392 147697 90 90 90 90 90 90 90 90 90 90 90 90 90 90 90 90 90 90 90 90 90 90 90 90 -0.04 -0.13 0.24 -0.14 0.32 -0.35 28.53 19.53 -0.45 9.55 1.28 
393 148271 90 90 90 90 90 90 90 90 90 90 90 90 90 90 90 90 90 90 90 90 90 90 90 90 -0.61 0.83 -0.38 -0.08 0.28 -0.03 28.44 19.55 -0.49 9.57 1.25 
394 148496 90 90 90 90 90 90 90 90 90 90 90 90 90 90 90 90 90 90 90 90 90 90 90 90 0.43 -0.16 -0.05 -0.16 0.25 -0.03 28.48 20.07 -0.46 9.61 1.16 
395 148848 90 90 90 90 90 90 90 90 90 90 90 90 90 90 90 90 90 90 90 90 90 90 90 90 0.08 -0.53 0.28 -0.20 0.31 -0.20 28.53 20.07 -0.42 9.51 1.17 
396 149421 90 90 90 90 90 90 90 90 90 90 90 90 90 90 90 90 90 90 90 90 90 90 90 90 1.21 -0.28 -0.58 -0.18 0.19 -0.29 28.53 19.55 -0.47 9.54 1.12 
397 149647 90 90 90 90 90 90 90 90 90 90 90 90 90 90 90 90 90 90 90 90 90 90 90 90 0.14 -0.31 0.76 -0.31 0.28 -0.03 28.44 19.53 -0.49 9.48 1.07 
398 149824 90 90 90 90 90 90 90 90 90 90 90 90 90 90 90 90 90 90 90 90 90 90 90 90 0.08 -0.57 0.00 -0.20 0.34 -0.13 28.48 19.95 -0.44 9.46 1.08 
399 150327 90 90 90 90 90 90 90 90 90 90 90 90 90 90 90 90 90 90 90 90 90 90 90 90 -0.04 0.33 0.67 -0.16 0.19 0.19 28.48 19.42 -0.47 9.55 1.10 
400 150667 90 90 90 90 90 90 90 90 90 90 90 90 90 90 90 90 90 90 90 90 90 90 90 90 -0.55 -0.22 -0.15 -0.31 0.25 0.03 28.44 19.53 -0.54 9.60 1.13 
401 151054 90 90 90 90 90 90 90 90 90 90 90 90 90 90 90 90 90 90 90 90 90 90 90 90 -0.35 0.23 0.60 -0.28 0.30 -0.30 28.39 19.53 -0.47 9.60 1.12 
402 151186 90 90 90 90 90 90 90 90 90 90 90 90 90 90 90 90 90 90 90 90 90 90 90 90 -0.06 -0.25 0.12 -0.27 0.31 -0.19 28.58 19.55 -0.48 9.63 1.14 
403 151687 90 90 90 90 90 90 90 90 90 90 90 90 90 90 90 90 90 90 90 90 90 90 90 90 -0.07 -0.09 0.43 -0.25 0.24 -0.30 28.44 20.07 -0.52 9.66 1.15 
404 152271 90 90 90 90 90 90 90 90 90 90 90 90 90 90 90 90 90 90 90 90 90 90 90 90 -0.26 -0.10 0.08 -0.21 0.28 -0.19 28.62 19.55 -0.51 9.49 1.16 
405 152497 90 90 90 90 90 90 90 90 90 90 90 90 90 90 90 90 90 90 90 90 90 90 90 90 0.20 -0.09 -0.09 -0.20 0.25 -0.14 28.53 20.07 -0.54 9.50 1.15 
406 153012 90 90 90 90 90 90 90 90 90 90 90 90 90 90 90 90 90 90 90 90 90 90 90 90 0.52 -0.54 -0.27 -0.13 0.20 -0.07 28.58 19.10 -0.55 9.51 1.13 
407 153121 90 90 90 90 90 90 90 90 90 90 90 90 90 90 90 90 90 90 90 90 90 90 90 90 -0.56 -0.35 0.26 -0.22 0.34 0.22 28.58 19.39 -0.53 9.46 1.10 
408 153494 90 90 90 90 90 90 90 90 90 90 90 90 90 90 90 90 90 90 90 90 90 90 90 90 1.09 -0.18 0.69 -0.04 0.33 0.16 28.62 19.10 -0.49 9.51 1.04 
409 153659 90 90 90 90 90 90 90 90 90 90 90 90 90 90 90 90 90 90 90 90 90 90 90 90 0.10 -0.64 1.56 -0.31 0.32 -0.11 28.48 20.07 -0.60 9.51 1.04 
